        0.000000000000000        0.000000000000000                 -1.000000000000000                 -1.000000000000000
        1.000000000000000        0.000000000000000                  0.000000000000000                  0.000000000000000

        0.000000000000000        0.010000000000000                 -0.980000000000000                 -0.990049833749168
        1.000000000000000        0.010000000000000                  0.000000000000000                  0.000000000000000

        0.000000000000000        0.020000000000000                 -0.960500498337492                 -0.980198673306755
        1.000000000000000        0.020000000000000                  0.000000000000000                  0.000000000000000

        0.000000000000000        0.030000000000000                 -0.941487470120434                 -0.970445533548508
        1.000000000000000        0.030000000000000                  0.000000000000000                  0.000000000000000

        0.000000000000000        0.040000000000000                 -0.922947301352306                 -0.960789439152323
        1.000000000000000        0.040000000000000                  0.000000000000000                  0.000000000000000

        0.000000000000000        0.050000000000000                 -0.904866776703260                 -0.951229424500714
        1.000000000000000        0.050000000000000                  0.000000000000000                  0.000000000000000

        0.000000000000000        0.060000000000000                 -0.887233067647170                 -0.941764533584249
        1.000000000000000        0.060000000000000                  0.000000000000000                  0.000000000000000

        0.000000000000000        0.070000000000000                 -0.870033720953597                 -0.932393819905948
        1.000000000000000        0.070000000000000                  0.000000000000000                  0.000000000000000

        0.000000000000000        0.080000000000000                 -0.853256647524049                 -0.923116346386636
        1.000000000000000        0.080000000000000                  0.000000000000000                  0.000000000000000

        0.000000000000000        0.090000000000000                 -0.836890111562194                 -0.913931185271228
        1.000000000000000        0.090000000000000                  0.000000000000000                  0.000000000000000

        0.000000000000000        0.100000000000000                 -0.820922720068040                 -0.904837418035960
        1.000000000000000        0.100000000000000                  0.000000000000000                  0.000000000000000

        0.000000000000000        0.110000000000000                 -0.805343412646358                 -0.895834135296528
        1.000000000000000        0.110000000000000                  0.000000000000000                  0.000000000000000

        0.000000000000000        0.120000000000000                 -0.790141451619933                 -0.886920436717157
        1.000000000000000        0.120000000000000                  0.000000000000000                  0.000000000000000

        0.000000000000000        0.130000000000000                 -0.775306412438507                 -0.878095430920561
        1.000000000000000        0.130000000000000                  0.000000000000000                  0.000000000000000

        0.000000000000000        0.140000000000000                 -0.760828174374557                 -0.869358235398806
        1.000000000000000        0.140000000000000                  0.000000000000000                  0.000000000000000

        0.000000000000000        0.150000000000000                 -0.746696911497308                 -0.860707976425058
        1.000000000000000        0.150000000000000                  0.000000000000000                  0.000000000000000

        0.000000000000000        0.160000000000000                 -0.732903083916640                 -0.852143788966211
        1.000000000000000        0.160000000000000                  0.000000000000000                  0.000000000000000

        0.000000000000000        0.170000000000000                 -0.719437429288803                 -0.843664816596384
        1.000000000000000        0.170000000000000                  0.000000000000000                  0.000000000000000

        0.000000000000000        0.180000000000000                 -0.706290954576102                 -0.835270211411272
        1.000000000000000        0.180000000000000                  0.000000000000000                  0.000000000000000

        0.000000000000000        0.190000000000000                 -0.693454928052932                 -0.826959133943362
        1.000000000000000        0.190000000000000                  0.000000000000000                  0.000000000000000

        0.000000000000000        0.200000000000000                 -0.680920871550778                 -0.818730753077982
        1.000000000000000        0.200000000000000                  0.000000000000000                  0.000000000000000

        0.000000000000000        0.210000000000000                 -0.668680552935034                 -0.810584245970187
        1.000000000000000        0.210000000000000                  0.000000000000000                  0.000000000000000

        0.000000000000000        0.220000000000000                 -0.656725978806685                 -0.802518797962478
        1.000000000000000        0.220000000000000                  0.000000000000000                  0.000000000000000

        0.000000000000000        0.230000000000000                 -0.645049387422109                 -0.794533602503334
        1.000000000000000        0.230000000000000                  0.000000000000000                  0.000000000000000

        0.000000000000000        0.240000000000000                 -0.633643241824479                 -0.786627861066553
        1.000000000000000        0.240000000000000                  0.000000000000000                  0.000000000000000

        0.000000000000000        0.250000000000000                 -0.622500223180410                 -0.778800783071405
        1.000000000000000        0.250000000000000                  0.000000000000000                  0.000000000000000

        0.000000000000000        0.260000000000000                 -0.611613224315712                 -0.771051585803566
        1.000000000000000        0.260000000000000                  0.000000000000000                  0.000000000000000

        0.000000000000000        0.270000000000000                 -0.600975343444276                 -0.763379494336853
        1.000000000000000        0.270000000000000                  0.000000000000000                  0.000000000000000

        0.000000000000000        0.280000000000000                 -0.590579878084317                 -0.755783741455725
        1.000000000000000        0.280000000000000                  0.000000000000000                  0.000000000000000

        0.000000000000000        0.290000000000000                 -0.580420319156344                 -0.748263567578565
        1.000000000000000        0.290000000000000                  0.000000000000000                  0.000000000000000

        0.000000000000000        0.300000000000000                 -0.570490345257440                 -0.740818220681718
        1.000000000000000        0.300000000000000                  0.000000000000000                  0.000000000000000

        0.000000000000000        0.310000000000000                 -0.560783817106534                 -0.733446956224289
        1.000000000000000        0.310000000000000                  0.000000000000000                  0.000000000000000

        0.000000000000000        0.320000000000000                 -0.551294772155581                 -0.726149037073691
        1.000000000000000        0.320000000000000                  0.000000000000000                  0.000000000000000

        0.000000000000000        0.330000000000000                 -0.542017419361650                 -0.718923733431926
        1.000000000000000        0.330000000000000                  0.000000000000000                  0.000000000000000

        0.000000000000000        0.340000000000000                 -0.532946134115120                 -0.711770322762610
        1.000000000000000        0.340000000000000                  0.000000000000000                  0.000000000000000

        0.000000000000000        0.350000000000000                 -0.524075453319292                 -0.704688089718713
        1.000000000000000        0.350000000000000                  0.000000000000000                  0.000000000000000

        0.000000000000000        0.360000000000000                 -0.515400070616901                 -0.697676326071031
        1.000000000000000        0.360000000000000                  0.000000000000000                  0.000000000000000

        0.000000000000000        0.370000000000000                 -0.506914831759104                 -0.690734330637355
        1.000000000000000        0.370000000000000                  0.000000000000000                  0.000000000000000

        0.000000000000000        0.380000000000000                 -0.498614730112704                 -0.683861409212356
        1.000000000000000        0.380000000000000                  0.000000000000000                  0.000000000000000

        0.000000000000000        0.390000000000000                 -0.490494902301447                 -0.677056874498165
        1.000000000000000        0.390000000000000                  0.000000000000000                  0.000000000000000

        0.000000000000000        0.400000000000000                 -0.482550623977385                 -0.670320046035639
        1.000000000000000        0.400000000000000                  0.000000000000000                  0.000000000000000

        0.000000000000000        0.410000000000000                 -0.474777305718420                 -0.663650250136319
        1.000000000000000        0.410000000000000                  0.000000000000000                  0.000000000000000

        0.000000000000000        0.420000000000000                 -0.467170489048230                 -0.657046819815057
        1.000000000000000        0.420000000000000                  0.000000000000000                  0.000000000000000

        0.000000000000000        0.430000000000000                 -0.459725842574934                 -0.650509094723317
        1.000000000000000        0.430000000000000                  0.000000000000000                  0.000000000000000

        0.000000000000000        0.440000000000000                 -0.452439158244919                 -0.644036421083141
        1.000000000000000        0.440000000000000                  0.000000000000000                  0.000000000000000

        0.000000000000000        0.450000000000000                 -0.445306347708403                 -0.637628151621773
        1.000000000000000        0.450000000000000                  0.000000000000000                  0.000000000000000

        0.000000000000000        0.460000000000000                 -0.438323438793369                 -0.631283645506926
        1.000000000000000        0.460000000000000                  0.000000000000000                  0.000000000000000

        0.000000000000000        0.470000000000000                 -0.431486572084637                 -0.625002268282701
        1.000000000000000        0.470000000000000                  0.000000000000000                  0.000000000000000

        0.000000000000000        0.480000000000000                 -0.424791997604925                 -0.618783391806141
        1.000000000000000        0.480000000000000                  0.000000000000000                  0.000000000000000

        0.000000000000000        0.490000000000000                 -0.418236071594838                 -0.612626394184416
        1.000000000000000        0.490000000000000                  0.000000000000000                  0.000000000000000

        0.000000000000000        0.500000000000000                 -0.411815253388837                 -0.606530659712633
        1.000000000000000        0.500000000000000                  0.000000000000000                  0.000000000000000

        0.000000000000000        0.510000000000000                 -0.405526102384299                 -0.600495578812266
        1.000000000000000        0.510000000000000                  0.000000000000000                  0.000000000000000

        0.000000000000000        0.520000000000000                 -0.399365275100892                 -0.594520547970194
        1.000000000000000        0.520000000000000                  0.000000000000000                  0.000000000000000

        0.000000000000000        0.530000000000000                 -0.393329522327567                 -0.588604969678355
        1.000000000000000        0.530000000000000                  0.000000000000000                  0.000000000000000

        0.000000000000000        0.540000000000000                 -0.387415686354524                 -0.582748252373990
        1.000000000000000        0.540000000000000                  0.000000000000000                  0.000000000000000

        0.000000000000000        0.550000000000000                 -0.381620698287628                 -0.576949810380487
        1.000000000000000        0.550000000000000                  0.000000000000000                  0.000000000000000

        0.000000000000000        0.560000000000000                 -0.375941575442804                 -0.571209063848815
        1.000000000000000        0.560000000000000                  0.000000000000000                  0.000000000000000

        0.000000000000000        0.570000000000000                 -0.370375418818008                 -0.565525438699537
        1.000000000000000        0.570000000000000                  0.000000000000000                  0.000000000000000

        0.000000000000000        0.580000000000000                 -0.364919410640463                 -0.559898366565402
        1.000000000000000        0.580000000000000                  0.000000000000000                  0.000000000000000

        0.000000000000000        0.590000000000000                 -0.359570811986903                 -0.554327284734507
        1.000000000000000        0.590000000000000                  0.000000000000000                  0.000000000000000

        0.000000000000000        0.600000000000000                 -0.354326960474641                 -0.548811636094027
        1.000000000000000        0.600000000000000                  0.000000000000000                  0.000000000000000

        0.000000000000000        0.610000000000000                 -0.349185268021342                 -0.543350869074500
        1.000000000000000        0.610000000000000                  0.000000000000000                  0.000000000000000

        0.000000000000000        0.620000000000000                 -0.344143218671447                 -0.537944437594674
        1.000000000000000        0.620000000000000                  0.000000000000000                  0.000000000000000

        0.000000000000000        0.630000000000000                 -0.339198366487250                 -0.532591801006897
        1.000000000000000        0.630000000000000                  0.000000000000000                  0.000000000000000

        0.000000000000000        0.640000000000000                 -0.334348333502702                 -0.527292424043049
        1.000000000000000        0.640000000000000                  0.000000000000000                  0.000000000000000

        0.000000000000000        0.650000000000000                 -0.329590807738051                 -0.522045776761016
        1.000000000000000        0.650000000000000                  0.000000000000000                  0.000000000000000

        0.000000000000000        0.660000000000000                 -0.324923541273520                 -0.516851334491699
        1.000000000000000        0.660000000000000                  0.000000000000000                  0.000000000000000

        0.000000000000000        0.670000000000000                 -0.320344348380231                 -0.511708577786542
        1.000000000000000        0.670000000000000                  0.000000000000000                  0.000000000000000

        0.000000000000000        0.680000000000000                 -0.315851103706690                 -0.506616992365590
        1.000000000000000        0.680000000000000                  0.000000000000000                  0.000000000000000

        0.000000000000000        0.690000000000000                 -0.311441740519145                 -0.501576069066055
        1.000000000000000        0.690000000000000                  0.000000000000000                  0.000000000000000

        0.000000000000000        0.700000000000000                 -0.307114248994231                 -0.496585303791409
        1.000000000000000        0.700000000000000                  0.000000000000000                  0.000000000000000

        0.000000000000000        0.710000000000000                 -0.302866674562318                 -0.491644197460965
        1.000000000000000        0.710000000000000                  0.000000000000000                  0.000000000000000

        0.000000000000000        0.720000000000000                 -0.298697116300058                 -0.486752255959972
        1.000000000000000        0.720000000000000                  0.000000000000000                  0.000000000000000

        0.000000000000000        0.730000000000000                 -0.294603725370656                 -0.481908990090202
        1.000000000000000        0.730000000000000                  0.000000000000000                  0.000000000000000

        0.000000000000000        0.740000000000000                 -0.290584703510439                 -0.477113915521034
        1.000000000000000        0.740000000000000                  0.000000000000000                  0.000000000000000

        0.000000000000000        0.750000000000000                 -0.286638301560336                 -0.472366552741015
        1.000000000000000        0.750000000000000                  0.000000000000000                  0.000000000000000

        0.000000000000000        0.760000000000000                 -0.282762818040936                 -0.467666427009909
        1.000000000000000        0.760000000000000                  0.000000000000000                  0.000000000000000

        0.000000000000000        0.770000000000000                 -0.278956597769807                 -0.463013068311228
        1.000000000000000        0.770000000000000                  0.000000000000000                  0.000000000000000

        0.000000000000000        0.780000000000000                 -0.275218030519825                 -0.458406011305224
        1.000000000000000        0.780000000000000                  0.000000000000000                  0.000000000000000

        0.000000000000000        0.790000000000000                 -0.271545549717283                 -0.453844795282356
        1.000000000000000        0.790000000000000                  0.000000000000000                  0.000000000000000

        0.000000000000000        0.800000000000000                 -0.267937631178588                 -0.449328964117222
        1.000000000000000        0.800000000000000                  0.000000000000000                  0.000000000000000

        0.000000000000000        0.810000000000000                 -0.264392791884402                 -0.444858066222941
        1.000000000000000        0.810000000000000                  0.000000000000000                  0.000000000000000

        0.000000000000000        0.820000000000000                 -0.260909588790100                 -0.440431654505999
        1.000000000000000        0.820000000000000                  0.000000000000000                  0.000000000000000

        0.000000000000000        0.830000000000000                 -0.257486617671457                 -0.436049286321536
        1.000000000000000        0.830000000000000                  0.000000000000000                  0.000000000000000

        0.000000000000000        0.840000000000000                 -0.254122512004528                 -0.431710523429080
        1.000000000000000        0.840000000000000                  0.000000000000000                  0.000000000000000

        0.000000000000000        0.850000000000000                 -0.250815941878683                 -0.427414931948727
        1.000000000000000        0.850000000000000                  0.000000000000000                  0.000000000000000

        0.000000000000000        0.860000000000000                 -0.247565612941810                 -0.423162082317749
        1.000000000000000        0.860000000000000                  0.000000000000000                  0.000000000000000

        0.000000000000000        0.870000000000000                 -0.244370265376733                 -0.418951549247639
        1.000000000000000        0.870000000000000                  0.000000000000000                  0.000000000000000

        0.000000000000000        0.880000000000000                 -0.241228672907908                 -0.414782911681581
        1.000000000000000        0.880000000000000                  0.000000000000000                  0.000000000000000

        0.000000000000000        0.890000000000000                 -0.238139641837486                 -0.410655752752346
        1.000000000000000        0.890000000000000                  0.000000000000000                  0.000000000000000

        0.000000000000000        0.900000000000000                 -0.235102010109885                 -0.406569659740599
        1.000000000000000        0.900000000000000                  0.000000000000000                  0.000000000000000

        0.000000000000000        0.910000000000000                 -0.232114646403994                 -0.402524224033636
        1.000000000000000        0.910000000000000                  0.000000000000000                  0.000000000000000

        0.000000000000000        0.920000000000000                 -0.229176449252211                 -0.398519041084514
        1.000000000000000        0.920000000000000                  0.000000000000000                  0.000000000000000

        0.000000000000000        0.930000000000000                 -0.226286346185490                 -0.394553710371601
        1.000000000000000        0.930000000000000                  0.000000000000000                  0.000000000000000

        0.000000000000000        0.940000000000000                 -0.223443292903641                 -0.390627835358521
        1.000000000000000        0.940000000000000                  0.000000000000000                  0.000000000000000

        0.000000000000000        0.950000000000000                 -0.220646272470117                 -0.386741023454501
        1.000000000000000        0.950000000000000                  0.000000000000000                  0.000000000000000

        0.000000000000000        0.960000000000000                 -0.217894294530559                 -0.382892885975112
        1.000000000000000        0.960000000000000                  0.000000000000000                  0.000000000000000

        0.000000000000000        0.970000000000000                 -0.215186394554393                 -0.379083038103399
        1.000000000000000        0.970000000000000                  0.000000000000000                  0.000000000000000

        0.000000000000000        0.980000000000000                 -0.212521633098795                 -0.375311098851400
        1.000000000000000        0.980000000000000                  0.000000000000000                  0.000000000000000

        0.000000000000000        0.990000000000000                 -0.209899095094345                 -0.371576691022046
        1.000000000000000        0.990000000000000                  0.000000000000000                  0.000000000000000

        0.000000000000000        1.000000000000000                 -0.207317889151735                 -0.367879441171442
        1.000000000000000        1.000000000000000                  0.000000000000000                  0.000000000000000

