                        1        0.636654796636836        0.603983772193113
                        2        0.578926080152094        0.515900012244942
                        3        0.527341914268683        0.440662207972757
                        4        0.480496833907460        0.376396931433353
                        5        0.437835451904795        0.321503971589056
                        6        0.398965294661429        0.274616488912155
                        7        0.363546498351256        0.234566980960452
                        8        0.331272148950028        0.200358211463775
                        9        0.301863013450210        0.171138379053150
                       10        0.275064716032488        0.146179907331799
                       11        0.250645474050362        0.124861328158876
                       12        0.228394083334694        0.106651807038100
                       13        0.208118089911380        0.091097925292120
                       14        0.189642125208532        0.077812389897567
                       15        0.172806389242584        0.066464389854713
                       16        0.157465268490472        0.056771358964485
                       17        0.143486076466593        0.048491939905259
                       18        0.130747906107454        0.041419974414321
                       19        0.119140584037529        0.035379369929001
                       20        0.108563717671608        0.030219714866369
                       21        0.098925826911912        0.025812533361598
                       22        0.090143552929976        0.022048086207627
                       23        0.082140937189991        0.018832638339255
                       24        0.074848764477825        0.016086124821778
                       25        0.068203964253521        0.013740157227064
                       26        0.062149065149549        0.011736320755690
                       27        0.056631697896703        0.010024719703289
                       28        0.051604142378426        0.008562735053129
                       29        0.047022914896004        0.007313963258845
                       30        0.042848392074843        0.006247309792937
                       31        0.039044468158980        0.005336214890297
                       32        0.035578242729735        0.004557992207720
                       33        0.032419736147560        0.003893263931971
                       34        0.029541630255926        0.003325478270523
                       35        0.026919032104569        0.002840497310472
                       36        0.024529258648530        0.002426244983260
                       37        0.022351640560818        0.002072406369509
                       38        0.020367343461885        0.001770170856618
                       39        0.018559205019679        0.001512012753734
                       40        0.016911586511371        0.001291503901394
                       41        0.015410237562887        0.001103153609780
                       42        0.014042172896372        0.000942271940068
                       43        0.012795560019560        0.000804852924531
                       44        0.011659616885679        0.000687474817599
                       45        0.010624518638730        0.000587214894085
                       46        0.009681312637586        0.000501576673076
                       47        0.008821841023931        0.000428427755339
                       48        0.008038670164352        0.000365946726388
                       49        0.007325026356283        0.000312577803107
                       50        0.006674737241762        0.000266992094614
                       51        0.006082178422246        0.000228054512757
                       52        0.005542224812773        0.000194795508324
                       53        0.005050206314726        0.000166386929180
                       54        0.004601867423804        0.000142121399205
                       55        0.004193330423852        0.000121394704569
                       56        0.003821061848206        0.000103690748754
                       57        0.003481841918483        0.000088568701701
                       58        0.003172736696475        0.000075652023110
                       59        0.002891072708305        0.000064619086548
                       60        0.002634413821353        0.000055195170924
                       61        0.002400540173963        0.000047145619910
                       62        0.002187428975700        0.000040269998978
                       63        0.001993237012081        0.000034397104562
                       64        0.001816284702482        0.000029380701074
                       65        0.001655041573319        0.000025095879628
                       66        0.001508113020866        0.000021435947791
                       67        0.001374228249230        0.000018309772939
                       68        0.001252229279141        0.000015639513044
                       69        0.001141060932503        0.000013358678399
                       70        0.001039761706081        0.000011410476021
                       71        0.000947455455390        0.000009746395499
                       72        0.000863343816856        0.000008325001082
                       73        0.000786699302709        0.000007110899925
                       74        0.000716859008890        0.000006073860801
                       75        0.000653218881544        0.000005188061345
                       76        0.000595228492512        0.000004431445073
                       77        0.000542386278641        0.000003785172173
                       78        0.000494235203722        0.000003233150393
                       79        0.000450358805554        0.000002761634342
                       80        0.000410377593933        0.000002358883229
                       81        0.000373945768408        0.000002014868516
                       82        0.000340748227432        0.000001721024206
                       83        0.000310497843022        0.000001470033550
                       84        0.000282932977371        0.000001255646859
                       85        0.000257815219922        0.000001072525886
                       86        0.000234927325337        0.000000916110901
                       87        0.000214071334527        0.000000782507158
                       88        0.000195066862488        0.000000668387912
                       89        0.000177749538139        0.000000570911584
                       90        0.000161969582663        0.000000487651004
                       91        0.000147590514061        0.000000416532977
                       92        0.000134487966707        0.000000355786659
                       93        0.000122548615702        0.000000303899459
                       94        0.000111669196720        0.000000259579382
                       95        0.000101755612860        0.000000221722855
                       96        0.000092722120806        0.000000189387247
                       97        0.000084490589218        0.000000161767398
                       98        0.000076989822972        0.000000138175571
                       99        0.000070154947386        0.000000118024328
                      100        0.000063926847118        0.000000100811901
