                        1        0.444988652238764       19.401709359771306
                        2        0.425127200745468       14.774498526696380
                        3        0.407491812681704       12.135081201610443
                        4        0.391092580426303       10.476350603386587
                        5        0.375601321002166        9.403163089286819
                        6        0.360850875219848        8.675360595585422
                        7        0.346745263665520        8.145394440315123
                        8        0.333224832365356        7.727640952735673
                        9        0.320249009110045        7.374612099772199
                       10        0.307787437829569        7.060658035944900
                       11        0.295815394374809        6.772074040748718
                       12        0.284311409430345        6.501520264522532
                       13        0.273256029920855        6.245001571894036
                       14        0.262631167710390        6.000269555301543
                       15        0.252419751411520        5.765987262757443
                       16        0.242605534837404        5.541295367165869
                       17        0.233172986617003        5.325587521496637
                       18        0.224107222072385        5.118394138398566
                       19        0.215393957302323        4.919322211041520
                       20        0.207019475124703        4.728024059743570
                       21        0.198970597531675        4.544181000646486
                       22        0.191234661888191        4.367494712990337
                       23        0.183799499432425        4.197682581270788
                       24        0.176653415321074        4.034475093214596
                       25        0.169785169815658        3.877614304599200
                       26        0.163183960388376        3.726852861166037
                       27        0.156839404620563        3.581953314763163
                       28        0.150741523815941        3.442687598037474
                       29        0.144880727276691        3.308836587519761
                       30        0.139247797204097        3.180189718705168
                       31        0.133833874193073        3.056544634130889
                       32        0.128630443294170        2.937706854423840
                       33        0.123629320619296        2.823489466921589
                       34        0.118822640469139        2.713712828863414
                       35        0.114202842961542        2.608204283390284
                       36        0.109762662141147        2.506797887240318
                       37        0.105495114551445        2.409334149368124
                       38        0.101393488251219        2.315659779899806
                       39        0.097451332258054        2.225627448938070
                       40        0.093662446402296        2.139095554790683
                       41        0.090020871575504        2.055928001234112
                       42        0.086520880358034        1.975993983449059
                       43        0.083156968011033        1.899167782285295
                       44        0.079923843818656        1.825328566528462
                       45        0.076816422766899        1.754360202856500
                       46        0.073829817545957        1.686151073185725
                       47        0.070959330863532        1.620593899118924
                       48        0.068200448056991        1.557585573219062
                       49        0.065548829992770        1.497026996843186
                       50        0.063000306241839        1.438822924281314
                       51        0.060550868520510        1.382881812955267
                       52        0.058196664386263        1.329115679441709
                       53        0.055933991178675        1.277439961093029
                       54        0.053759290195928        1.227773383038269
                       55        0.051669141097727        1.180037830355192
                       56        0.049660256525839        1.134158225212135
                       57        0.047729476933779        1.090062408786646
                       58        0.045873765617518        1.047681027775007
                       59        0.044090203939395        1.006947425314390
                       60        0.042375986737725        0.967797536145721
                       61        0.040728417914877        0.930169785852818
                       62        0.039144906196890        0.894004994018902
                       63        0.037622961057949        0.859246281148517
                       64        0.036160188803325        0.825838979208147
                       65        0.034754288804597        0.793730545645124
                       66        0.033403049881263        0.762870480749390
                       67        0.032104346823019        0.733210248228244
                       68        0.030856137047259        0.704703198869123
                       69        0.029656457386530        0.677304497170357
                       70        0.028503421000886        0.650971050824446
                       71        0.027395214410294        0.625661442943142
                       72        0.026330094642418        0.601335866917479
                       73        0.025306386491290        0.577956063810470
                       74        0.024322479882577        0.555485262183977
                       75        0.023376827341271        0.533888120265139
                       76        0.022467941557845        0.513130670361206
                       77        0.021594393049031        0.493180265435734
                       78        0.020754807909548        0.474005527761662
                       79        0.019947865651245        0.455576299570911
                       80        0.019172297126251        0.437863595622631
                       81        0.018426882530879        0.420839557615619
                       82        0.017710449487135        0.404477410373127
                       83        0.017021871198818        0.388751419731283
                       84        0.016360064679308        0.373636852064666
                       85        0.015723989048262        0.359109935385673
                       86        0.015112643894530        0.345147821956249
                       87        0.014525067702723        0.331728552353212
                       88        0.013960336340952        0.318831020930810
                       89        0.013417561607371        0.306434942626050
                       90        0.012895889833218        0.294520821054635
                       91        0.012394500540183        0.283069917847295
                       92        0.011912605149967        0.272064223178336
                       93        0.011449445744017        0.261486427440038
                       94        0.011004293871484        0.251319894018303
                       95        0.010576449403523        0.241548633126880
                       96        0.010165239432142        0.232157276658773
                       97        0.009770017211859        0.223131054015567
                       98        0.009390161142511        0.214455768876350
                       99        0.009025073791609        0.206117776870006
                      100        0.008674180954706        0.198103964115455
