0.010000000000000        1.003133000000000        0.999900000000000        0.003233000000000        0.006866000000000
0.020000000000000        1.006142776666667        0.999600000000000        0.006542776666667        0.007019553333333
0.030000000000000        1.009028919255555        0.999100000000000        0.009928919255556        0.007172285177778
0.040000000000000        1.011791015653074        0.998400000000000        0.013391015653074        0.007324192795037
0.050000000000000        1.014428652371918        0.997500000000000        0.016928652371918        0.007475273437687
0.060000000000000        1.016941414546491        0.996400000000000        0.020541414546491        0.007625524349146
0.070000000000000        1.019328885928313        0.995100000000000        0.024228885928313        0.007774942763643
0.080000000000000        1.021590648881407        0.993600000000000        0.027990648881407        0.007923525906189
0.090000000000000        1.023726284377678        0.991900000000000        0.031826284377678        0.008071270992543
0.100000000000000        1.025735371992270        0.990000000000000        0.035735371992270        0.008218175229185
0.110000000000000        1.027617489898911        0.987900000000000        0.039717489898911        0.008364235813282
0.120000000000000        1.029372214865241        0.985600000000000        0.043772214865241        0.008509449932659
0.130000000000000        1.030999122248125        0.983100000000000        0.047899122248125        0.008653814765768
0.140000000000000        1.032497785988952        0.980400000000000        0.052097785988952        0.008797327481654
0.150000000000000        1.033867778608915        0.977500000000000        0.056367778608915        0.008939985239926
0.160000000000000        1.035108671204278        0.974400000000000        0.060708671204278        0.009081785190726
0.170000000000000        1.036220033441626        0.971100000000000        0.065120033441626        0.009222724474695
0.180000000000000        1.037201433553098        0.967600000000000        0.069601433553098        0.009362800222944
0.190000000000000        1.038052438331608        0.963900000000000        0.074152438331608        0.009502009557021
0.200000000000000        1.038772613126047        0.960000000000000        0.078772613126047        0.009640349588877
0.210000000000000        1.039361521836467        0.955900000000000        0.083461521836467        0.009777817420840
0.220000000000000        1.039818726909255        0.951600000000000        0.088218726909255        0.009914410145576
0.230000000000000        1.040143789332286        0.947100000000000        0.093043789332286        0.010050124846062
0.240000000000000        1.040336268630061        0.942400000000000        0.097936268630061        0.010184958595549
0.250000000000000        1.040395722858827        0.937500000000000        0.102895722858827        0.010318908457534
0.260000000000000        1.040321708601690        0.932400000000000        0.107921708601690        0.010451971485726
0.270000000000000        1.040113780963696        0.927100000000000        0.113013780963696        0.010584144724011
0.280000000000000        1.039771493566908        0.921600000000000        0.118171493566908        0.010715425206425
0.290000000000000        1.039294398545465        0.915900000000000        0.123394398545465        0.010845809957113
0.300000000000000        1.038682046540616        0.910000000000000        0.128682046540616        0.010975295990303
0.310000000000000        1.037933986695752        0.903900000000000        0.134033986695752        0.011103880310271
0.320000000000000        1.037049766651404        0.897600000000000        0.139449766651404        0.011231559911305
0.330000000000000        1.036028932540242        0.891100000000000        0.144928932540242        0.011358331777676
0.340000000000000        1.034871028982043        0.884400000000000        0.150471028982043        0.011484192883602
0.350000000000000        1.033575599078650        0.877500000000000        0.156075599078650        0.011609140193214
0.360000000000000        1.032142184408912        0.870400000000000        0.161742184408912        0.011733170660524
0.370000000000000        1.030570325023608        0.863100000000000        0.167470325023608        0.011856281229393
0.380000000000000        1.028859559440354        0.855600000000000        0.173259559440354        0.011978468833491
0.390000000000000        1.027009424638488        0.847900000000000        0.179109424638488        0.012099730396269
0.400000000000000        1.025019456053950        0.840000000000000        0.185019456053950        0.012220062830923
0.410000000000000        1.022889187574129        0.831900000000000        0.190989187574130        0.012339463040360
0.420000000000000        1.020618151532710        0.823600000000000        0.197018151532710        0.012457927917161
0.430000000000000        1.018205878704486        0.815100000000000        0.203105878704486        0.012575454343551
0.440000000000000        1.015651898300167        0.806400000000000        0.209251898300167        0.012692039191363
0.450000000000000        1.012955737961168        0.797500000000000        0.215455737961168        0.012807679322001
0.460000000000000        1.010116923754372        0.788400000000000        0.221716923754372        0.012922371586408
0.470000000000000        1.007134980166886        0.779100000000000        0.228034980166886        0.013036112825029
0.480000000000000        1.004009430100776        0.769600000000000        0.234409430100776        0.013148899867779
0.490000000000000        1.000739794867778        0.759900000000000        0.240839794867778        0.013260729534005
0.500000000000000        0.997325594184004        0.750000000000000        0.247325594184004        0.013371598632452
0.510000000000000        0.993766346164618        0.739900000000000        0.253866346164618        0.013481503961227
0.520000000000000        0.990061567318500        0.729600000000000        0.260461567318500        0.013590442307764
0.530000000000000        0.986210772542895        0.719100000000000        0.267110772542895        0.013698410448790
0.540000000000000        0.982213475118038        0.708400000000000        0.273813475118038        0.013805405150286
0.550000000000000        0.978069186701764        0.697500000000000        0.280569186701764        0.013911423167454
0.560000000000000        0.973777417324104        0.686400000000000        0.287377417324104        0.014016461244678
0.570000000000000        0.969337675381851        0.675100000000000        0.294237675381851        0.014120516115494
0.580000000000000        0.964749467633124        0.663600000000000        0.301149467633124        0.014223584502546
0.590000000000000        0.960012299191901        0.651900000000000        0.308112299191901        0.014325663117554
0.600000000000000        0.955125673522540        0.640000000000000        0.315125673522540        0.014426748661279
0.610000000000000        0.950089092434282        0.627900000000000        0.322189092434282        0.014526837823484
0.620000000000000        0.944902056075730        0.615600000000000        0.329302056075730        0.014625927282895
0.630000000000000        0.939564062929315        0.603100000000000        0.336464062929315        0.014724013707172
0.640000000000000        0.934074609805746        0.590400000000000        0.343674609805746        0.014821093752862
0.650000000000000        0.928433191838432        0.577500000000000        0.350933191838432        0.014917164065372
0.660000000000000        0.922639302477893        0.564400000000000        0.358239302477893        0.015012221278923
0.670000000000000        0.916692433486153        0.551100000000000        0.365592433486153        0.015106262016519
0.680000000000000        0.910592074931107        0.537600000000000        0.372992074931107        0.015199282889908
0.690000000000000        0.904337715180877        0.523900000000000        0.380437715180877        0.015291280499541
0.700000000000000        0.897928840898147        0.510000000000000        0.387928840898147        0.015382251434539
0.710000000000000        0.891364937034474        0.495900000000000        0.395464937034474        0.015472192272654
0.720000000000000        0.884645486824589        0.481600000000000        0.403045486824589        0.015561099580230
0.730000000000000        0.877769971780671        0.467100000000000        0.410669971780671        0.015648969912164
0.740000000000000        0.870737871686607        0.452400000000000        0.418337871686607        0.015735799811871
0.750000000000000        0.863548664592229        0.437500000000000        0.426048664592229        0.015821585811244
0.760000000000000        0.856201826807536        0.422400000000000        0.433801826807536        0.015906324430615
0.770000000000000        0.848696832896894        0.407100000000000        0.441596832896894        0.015990012178717
0.780000000000000        0.841033155673217        0.391600000000000        0.449433155673218        0.016072645552646
0.790000000000000        0.833210266192128        0.375900000000000        0.457310266192128        0.016154221037821
0.800000000000000        0.825227633746102        0.360000000000000        0.465227633746102        0.016234735107948
0.810000000000000        0.817084725858589        0.343900000000000        0.473184725858589        0.016314184224974
0.820000000000000        0.808781008278118        0.327600000000000        0.481181008278118        0.016392564839057
0.830000000000000        0.800315944972378        0.311100000000000        0.489215944972378        0.016469873388521
0.840000000000000        0.791688998122286        0.294400000000000        0.497288998122286        0.016546106299816
0.850000000000000        0.782899628116027        0.277500000000000        0.505399628116027        0.016621259987482
0.860000000000000        0.773947293543080        0.260400000000000        0.513547293543080        0.016695330854107
0.870000000000000        0.764831451188224        0.243100000000000        0.521731451188224        0.016768315290287
0.880000000000000        0.755551556025518        0.225600000000000        0.529951556025518        0.016840209674588
0.890000000000000        0.746107061212270        0.207900000000000        0.538207061212270        0.016911010373503
0.900000000000000        0.736497418082977        0.190000000000000        0.546497418082977        0.016980713741415
0.910000000000000        0.726722076143254        0.171900000000000        0.554822076143254        0.017049316120553
0.920000000000000        0.716780483063732        0.153600000000000        0.563180483063732        0.017116813840955
0.930000000000000        0.706672084673944        0.135100000000000        0.571572084673944        0.017183203220425
0.940000000000000        0.696396324956190        0.116400000000000        0.579996324956191        0.017248480564493
0.950000000000000        0.685952646039378        0.097500000000000        0.588452646039378        0.017312642166375
0.960000000000000        0.675340488192842        0.078400000000000        0.596940488192842        0.017375684306929
0.970000000000000        0.664559289820152        0.059100000000000        0.605459289820152        0.017437603254619
0.980000000000000        0.653608487452885        0.039600000000000        0.614008487452885        0.017498395265468
0.990000000000000        0.642487515744395        0.019900000000000        0.622587515744395        0.017558056583019
1.000000000000000        0.631195807463543        0.000000000000000        0.631195807463543        0.017616583438296
