                        1        0.629308987098185        0.669152748222843
                        2        0.585735975158993        0.633235902083727
                        3        0.550714898441578        0.599246896546038
                        4        0.519854752377224        0.567082254556972
                        5        0.491480608027785        0.536644053205727
                        6        0.464930012816835        0.507839625604328
                        7        0.439913263815205        0.480581278770037
                        8        0.416278610594910        0.454786026650450
                        9        0.393926764225557        0.430375337478499
                       10        0.372779793834800        0.407274894688211
                       11        0.352769746679083        0.385414370663329
                       12        0.333834412325016        0.364727212630005
                       13        0.315915676762260        0.345150440041726
                       14        0.298958818986172        0.326624452839625
                       15        0.282912154091947        0.309092850004442
                       16        0.267726807132389        0.292502257847726
                       17        0.253356539456059        0.276802167519528
                       18        0.239757598949027        0.261944781237880
                       19        0.226888583585890        0.247884866771935
                       20        0.214710314209982        0.234579619735726
                       21        0.203185714830796        0.221988533273335
                       22        0.192279699595397        0.210073274738715
                       23        0.181959065916637        0.198797568994743
                       24        0.172192393370246        0.188127087976205
                       25        0.162949948030392        0.178029346180499
                       26        0.154203591944291        0.168473601767890
                       27        0.145926697467311        0.159430762970215
                       28        0.138094066196701        0.150873299523116
                       29        0.130681852256772        0.142775158852149
                       30        0.123667489701810        0.135111686757624
                       31        0.117029623815690        0.127859552356684
                       32        0.110748046098987        0.120996677054135
                       33        0.104803632745669        0.114502167325767
                       34        0.099178286422062        0.108356251109541
                       35        0.093854881170835        0.102540217610988
                       36        0.088817210272269        0.097036360339555
                       37        0.084049936904078        0.091827923202486
                       38        0.079538547449572        0.086899049492115
                       39        0.075269307312007        0.082234733611275
                       40        0.071229219100603        0.077820775389850
                       41        0.067405983060939        0.073643736853391
                       42        0.063787959629241        0.069690901312182
                       43        0.060364133996579        0.065950234646202
                       44        0.057124082575085        0.062410348668124
                       45        0.054057941264096        0.059060466452808
                       46        0.051156375419621        0.055890389527736
                       47        0.048410551435694        0.052890466824505
                       48        0.045812109851103        0.050051565296854
                       49        0.043353139899623        0.047365042115767
                       50        0.041026155426260        0.044822718357009
                       51        0.038824072096201        0.042416854100991
                       52        0.036740185827070        0.040140124869143
                       53        0.034768152378835        0.037985599325074
                       54        0.032901968039238        0.035946718172625
                       55        0.031135951345923        0.034017274186568
                       56        0.029464725789640        0.032191393315158
                       57        0.027883203445858        0.030463516797017
                       58        0.026386569484942        0.028828384237880
                       59        0.024970267513760        0.027281017595718
                       60        0.023629985704075        0.025816706025443
                       61        0.022361643665494        0.024430991537088
                       62        0.021161380023023        0.023119655423781
                       63        0.020025540661387        0.021878705418194
                       64        0.018950667600344        0.020704363538384
                       65        0.017933488467115        0.019593054585994
                       66        0.016970906533885        0.018541395261827
                       67        0.016059991290037        0.017546183865636
                       68        0.015197969520431        0.016604390548782
                       69        0.014382216862548        0.015713148090079
                       70        0.013610249816812        0.014869743166746
                       71        0.012879718185755        0.014071608093900
                       72        0.012188397919013        0.013316313007418
                       73        0.011534184342364        0.012601558466399
                       74        0.010915085750204        0.011925168452680
                       75        0.010329217341942        0.011285083746108
                       76        0.009774795483863        0.010679355655395
                       77        0.009250132278986        0.010106140085470
                       78        0.008753630428380        0.009563691923262
                       79        0.008283778368309        0.009050359724833
                       80        0.007839145668383        0.008564580687679
                       81        0.007418378676719        0.008104875892889
                       82        0.007020196398844        0.007669845802682
                       83        0.006643386597804        0.007258165999621
                       84        0.006286802103591        0.006868583154519
                       85        0.005949357320675        0.006499911210767
                       86        0.005630024922981        0.006151027773472
                       87        0.005327832726274        0.005820870692411
                       88        0.005041860728412        0.005508434828387
                       89        0.004771238308466        0.005212768993159
                       90        0.004515141576183        0.004932973053617
                       91        0.004272790863705        0.004668195191394
                       92        0.004043448351934        0.004417629309565
                       93        0.003826415824288        0.004180512578546
                       94        0.003621032541039        0.003956123113711
                       95        0.003426673227733        0.003743777777673
                       96        0.003242746171592        0.003542830100514
                       97        0.003068691420083        0.003352668311662
                       98        0.002903979076188        0.003172713477396
                       99        0.002748107685168        0.003002417738323
                      100        0.002600602707920        0.002841262641465
