        0.000000000000000        0.000000000000000       61.685027506808495       61.685027506808564        0.000000000000069
        0.033333333333333        0.033333333333333       57.552914180423264       57.552914180423313        0.000000000000049
        0.066666666666667        0.066666666666667       46.263770630106373       46.263770630106379        0.000000000000006
        0.000000000000000        0.100000000000000       43.617901247743001       43.617901247743009        0.000000000000007
        0.033333333333333        0.133333333333333       29.791580582088953       29.791580582088942        0.000000000000011
        0.066666666666667        0.166666666666667       13.826320665654052       13.826320665654037        0.000000000000014
        0.000000000000000        0.200000000000000        0.000000000000004        0.000000000000000        0.000000000000004
        0.033333333333333        0.233333333333333      -15.421256876702120      -15.421256876702119        0.000000000000000
        0.066666666666667        0.266666666666667      -26.710400427019013      -26.710400427019006        0.000000000000007
        0.000000000000000        0.300000000000000      -43.617901247742996      -43.617901247743014        0.000000000000018
        0.033333333333333        0.333333333333333      -51.600531205960448      -51.600531205960468        0.000000000000020
        0.066666666666667        0.366666666666667      -51.600531205960450      -51.600531205960452        0.000000000000002
        0.000000000000000        0.400000000000000      -61.685027506808495      -61.685027506808529        0.000000000000033
        0.033333333333333        0.433333333333333      -57.552914180423266      -57.552914180423291        0.000000000000025
        0.066666666666667        0.466666666666667      -46.263770630106376      -46.263770630106384        0.000000000000008
        0.000000000000000        0.500000000000000      -43.617901247743007      -43.617901247743042        0.000000000000035
        0.033333333333333        0.533333333333333      -29.791580582088959      -29.791580582088983        0.000000000000024
        0.066666666666667        0.566666666666667      -13.826320665654058      -13.826320665654065        0.000000000000006
        0.000000000000000        0.600000000000000       -0.000000000000011       -0.000000000000010        0.000000000000002
        0.033333333333333        0.633333333333333       15.421256876702113       15.421256876702126        0.000000000000013
        0.066666666666667        0.666666666666667       26.710400427019007       26.710400427019015        0.000000000000008
        0.000000000000000        0.700000000000000       43.617901247742991       43.617901247743019        0.000000000000029
        0.033333333333333        0.733333333333333       51.600531205960444       51.600531205960469        0.000000000000024
        0.066666666666667        0.766666666666667       51.600531205960448       51.600531205960455        0.000000000000007
        0.000000000000000        0.800000000000000       61.685027506808495       61.685027506808537        0.000000000000042
        0.033333333333333        0.833333333333333       57.552914180423268       57.552914180423298        0.000000000000030
        0.066666666666667        0.866666666666667       46.263770630106379       46.263770630106381        0.000000000000002
        0.000000000000000        0.900000000000000       43.617901247743012       43.617901247743025        0.000000000000013
        0.033333333333333        0.933333333333333       29.791580582088966       29.791580582088962        0.000000000000003
        0.066666666666667        0.966666666666667       13.826320665654064       13.826320665654055        0.000000000000010
        0.000000000000000        1.000000000000000        0.000000000000019        0.000000000000019        0.000000000000000
        0.033333333333333        1.033333333333333      -15.421256876702106      -15.421256876702101        0.000000000000005
        0.066666666666667        1.066666666666667      -26.710400427019001      -26.710400427018989        0.000000000000012
        0.100000000000000        0.000000000000000       43.617901247743001       43.617901247743009        0.000000000000007
        0.133333333333333        0.033333333333333       29.791580582088953       29.791580582088942        0.000000000000011
        0.166666666666667        0.066666666666667       13.826320665654052       13.826320665654037        0.000000000000014
        0.100000000000000        0.100000000000000       30.842513753404250       30.842513753404226        0.000000000000024
        0.133333333333333        0.133333333333333       15.421256876702126       15.421256876702101        0.000000000000025
        0.166666666666667        0.166666666666667        4.132113326385233        4.132113326385224        0.000000000000009
        0.100000000000000        0.200000000000000        0.000000000000003        0.000000000000000        0.000000000000003
        0.133333333333333        0.233333333333333       -7.982629958217449       -7.982629958217439        0.000000000000010
        0.166666666666667        0.266666666666667       -7.982629958217451       -7.982629958217440        0.000000000000011
        0.100000000000000        0.300000000000000      -30.842513753404246      -30.842513753404229        0.000000000000016
        0.133333333333333        0.333333333333333      -26.710400427019016      -26.710400427018994        0.000000000000023
        0.166666666666667        0.366666666666667      -15.421256876702126      -15.421256876702109        0.000000000000017
        0.100000000000000        0.400000000000000      -43.617901247743001      -43.617901247742983        0.000000000000018
        0.133333333333333        0.433333333333333      -29.791580582088954      -29.791580582088930        0.000000000000024
        0.166666666666667        0.466666666666667      -13.826320665654053      -13.826320665654039        0.000000000000014
        0.100000000000000        0.500000000000000      -30.842513753404253      -30.842513753404249        0.000000000000004
        0.133333333333333        0.533333333333333      -15.421256876702129      -15.421256876702123        0.000000000000007
        0.166666666666667        0.566666666666667       -4.132113326385235       -4.132113326385232        0.000000000000003
        0.100000000000000        0.600000000000000       -0.000000000000008       -0.000000000000007        0.000000000000001
        0.133333333333333        0.633333333333333        7.982629958217446        7.982629958217443        0.000000000000003
        0.166666666666667        0.666666666666667        7.982629958217450        7.982629958217443        0.000000000000007
        0.100000000000000        0.700000000000000       30.842513753404242       30.842513753404233        0.000000000000009
        0.133333333333333        0.733333333333333       26.710400427019014       26.710400427018994        0.000000000000020
        0.166666666666667        0.766666666666667       15.421256876702126       15.421256876702110        0.000000000000016
        0.100000000000000        0.800000000000000       43.617901247743001       43.617901247742989        0.000000000000012
        0.133333333333333        0.833333333333333       29.791580582088955       29.791580582088934        0.000000000000021
        0.166666666666667        0.866666666666667       13.826320665654054       13.826320665654038        0.000000000000016
        0.100000000000000        0.900000000000000       30.842513753404257       30.842513753404237        0.000000000000020
        0.133333333333333        0.933333333333333       15.421256876702133       15.421256876702112        0.000000000000021
        0.166666666666667        0.966666666666667        4.132113326385237        4.132113326385229        0.000000000000008
        0.100000000000000        1.000000000000000        0.000000000000013        0.000000000000013        0.000000000000000
        0.133333333333333        1.033333333333333       -7.982629958217442       -7.982629958217430        0.000000000000012
        0.166666666666667        1.066666666666667       -7.982629958217448       -7.982629958217435        0.000000000000013
        0.200000000000000        0.000000000000000        0.000000000000004        0.000000000000000        0.000000000000004
        0.233333333333333        0.033333333333333      -15.421256876702120      -15.421256876702119        0.000000000000000
        0.266666666666667        0.066666666666667      -26.710400427019013      -26.710400427019006        0.000000000000007
        0.200000000000000        0.100000000000000        0.000000000000003        0.000000000000000        0.000000000000003
        0.233333333333333        0.133333333333333       -7.982629958217449       -7.982629958217439        0.000000000000010
        0.266666666666667        0.166666666666667       -7.982629958217451       -7.982629958217440        0.000000000000011
        0.200000000000000        0.200000000000000        0.000000000000000       -0.000000000000000        0.000000000000000
        0.233333333333333        0.233333333333333        4.132113326385230        4.132113326385226        0.000000000000004
        0.266666666666667        0.266666666666667       15.421256876702120       15.421256876702110        0.000000000000010
        0.200000000000000        0.300000000000000       -0.000000000000003       -0.000000000000000        0.000000000000003
        0.233333333333333        0.333333333333333       13.826320665654045       13.826320665654038        0.000000000000007
        0.266666666666667        0.366666666666667       29.791580582088946       29.791580582088936        0.000000000000010
        0.200000000000000        0.400000000000000       -0.000000000000004       -0.000000000000000        0.000000000000004
        0.233333333333333        0.433333333333333       15.421256876702120       15.421256876702113        0.000000000000007
        0.266666666666667        0.466666666666667       26.710400427019014       26.710400427019009        0.000000000000006
        0.200000000000000        0.500000000000000       -0.000000000000003       -0.000000000000000        0.000000000000003
        0.233333333333333        0.533333333333333        7.982629958217451        7.982629958217450        0.000000000000001
        0.266666666666667        0.566666666666667        7.982629958217455        7.982629958217456        0.000000000000001
        0.200000000000000        0.600000000000000       -0.000000000000000       -0.000000000000000        0.000000000000000
        0.233333333333333        0.633333333333333       -4.132113326385228       -4.132113326385228        0.000000000000000
        0.266666666666667        0.666666666666667      -15.421256876702116      -15.421256876702115        0.000000000000001
        0.200000000000000        0.700000000000000        0.000000000000003        0.000000000000000        0.000000000000003
        0.233333333333333        0.733333333333333      -13.826320665654044      -13.826320665654038        0.000000000000006
        0.266666666666667        0.766666666666667      -29.791580582088945      -29.791580582088938        0.000000000000007
        0.200000000000000        0.800000000000000        0.000000000000004        0.000000000000000        0.000000000000004
        0.233333333333333        0.833333333333333      -15.421256876702121      -15.421256876702115        0.000000000000005
        0.266666666666667        0.866666666666667      -26.710400427019016      -26.710400427019007        0.000000000000009
        0.200000000000000        0.900000000000000        0.000000000000003        0.000000000000000        0.000000000000003
        0.233333333333333        0.933333333333333       -7.982629958217453       -7.982629958217445        0.000000000000008
        0.266666666666667        0.966666666666667       -7.982629958217459       -7.982629958217450        0.000000000000009
        0.200000000000000        1.000000000000000        0.000000000000000        0.000000000000000        0.000000000000000
        0.233333333333333        1.033333333333333        4.132113326385226        4.132113326385221        0.000000000000005
        0.266666666666667        1.066666666666667       15.421256876702113       15.421256876702100        0.000000000000013
        0.300000000000000        0.000000000000000      -43.617901247742996      -43.617901247743014        0.000000000000018
        0.333333333333333        0.033333333333333      -51.600531205960448      -51.600531205960468        0.000000000000020
        0.366666666666667        0.066666666666667      -51.600531205960450      -51.600531205960452        0.000000000000002
        0.300000000000000        0.100000000000000      -30.842513753404246      -30.842513753404229        0.000000000000016
        0.333333333333333        0.133333333333333      -26.710400427019016      -26.710400427018994        0.000000000000023
        0.366666666666667        0.166666666666667      -15.421256876702126      -15.421256876702109        0.000000000000017
        0.300000000000000        0.200000000000000       -0.000000000000003       -0.000000000000000        0.000000000000003
        0.333333333333333        0.233333333333333       13.826320665654045       13.826320665654038        0.000000000000007
        0.366666666666667        0.266666666666667       29.791580582088946       29.791580582088936        0.000000000000010
        0.300000000000000        0.300000000000000       30.842513753404242       30.842513753404233        0.000000000000009
        0.333333333333333        0.333333333333333       46.263770630106366       46.263770630106362        0.000000000000004
        0.366666666666667        0.366666666666667       57.552914180423260       57.552914180423258        0.000000000000002
        0.300000000000000        0.400000000000000       43.617901247742996       43.617901247742989        0.000000000000007
        0.333333333333333        0.433333333333333       51.600531205960450       51.600531205960448        0.000000000000002
        0.366666666666667        0.466666666666667       51.600531205960454       51.600531205960458        0.000000000000004
        0.300000000000000        0.500000000000000       30.842513753404250       30.842513753404253        0.000000000000003
        0.333333333333333        0.533333333333333       26.710400427019022       26.710400427019031        0.000000000000009
        0.366666666666667        0.566666666666667       15.421256876702133       15.421256876702139        0.000000000000006
        0.300000000000000        0.600000000000000        0.000000000000008        0.000000000000007        0.000000000000001
        0.333333333333333        0.633333333333333      -13.826320665654038      -13.826320665654044        0.000000000000006
        0.366666666666667        0.666666666666667      -29.791580582088939      -29.791580582088946        0.000000000000006
        0.300000000000000        0.700000000000000      -30.842513753404238      -30.842513753404237        0.000000000000001
        0.333333333333333        0.733333333333333      -46.263770630106363      -46.263770630106363        0.000000000000000
        0.366666666666667        0.766666666666667      -57.552914180423258      -57.552914180423262        0.000000000000003
        0.300000000000000        0.800000000000000      -43.617901247742996      -43.617901247742995        0.000000000000001
        0.333333333333333        0.833333333333333      -51.600531205960451      -51.600531205960454        0.000000000000003
        0.366666666666667        0.866666666666667      -51.600531205960457      -51.600531205960455        0.000000000000002
        0.300000000000000        0.900000000000000      -30.842513753404253      -30.842513753404241        0.000000000000012
        0.333333333333333        0.933333333333333      -26.710400427019028      -26.710400427019012        0.000000000000015
        0.366666666666667        0.966666666666667      -15.421256876702140      -15.421256876702128        0.000000000000012
        0.300000000000000        1.000000000000000       -0.000000000000013       -0.000000000000013        0.000000000000000
        0.333333333333333        1.033333333333333       13.826320665654032       13.826320665654021        0.000000000000011
        0.366666666666667        1.066666666666667       29.791580582088933       29.791580582088917        0.000000000000016
        0.400000000000000        0.000000000000000      -61.685027506808495      -61.685027506808529        0.000000000000033
        0.433333333333333        0.033333333333333      -57.552914180423266      -57.552914180423291        0.000000000000025
        0.466666666666667        0.066666666666667      -46.263770630106376      -46.263770630106384        0.000000000000008
        0.400000000000000        0.100000000000000      -43.617901247743001      -43.617901247742983        0.000000000000018
        0.433333333333333        0.133333333333333      -29.791580582088954      -29.791580582088930        0.000000000000024
        0.466666666666667        0.166666666666667      -13.826320665654053      -13.826320665654039        0.000000000000014
        0.400000000000000        0.200000000000000       -0.000000000000004       -0.000000000000000        0.000000000000004
        0.433333333333333        0.233333333333333       15.421256876702120       15.421256876702113        0.000000000000007
        0.466666666666667        0.266666666666667       26.710400427019014       26.710400427019009        0.000000000000006
        0.400000000000000        0.300000000000000       43.617901247742996       43.617901247742989        0.000000000000007
        0.433333333333333        0.333333333333333       51.600531205960450       51.600531205960448        0.000000000000002
        0.466666666666667        0.366666666666667       51.600531205960454       51.600531205960458        0.000000000000004
        0.400000000000000        0.400000000000000       61.685027506808495       61.685027506808493        0.000000000000003
        0.433333333333333        0.433333333333333       57.552914180423268       57.552914180423269        0.000000000000001
        0.466666666666667        0.466666666666667       46.263770630106379       46.263770630106389        0.000000000000010
        0.400000000000000        0.500000000000000       43.617901247743007       43.617901247743017        0.000000000000010
        0.433333333333333        0.533333333333333       29.791580582088960       29.791580582088972        0.000000000000011
        0.466666666666667        0.566666666666667       13.826320665654059       13.826320665654066        0.000000000000007
        0.400000000000000        0.600000000000000        0.000000000000011        0.000000000000010        0.000000000000002
        0.433333333333333        0.633333333333333      -15.421256876702113      -15.421256876702120        0.000000000000007
        0.466666666666667        0.666666666666667      -26.710400427019009      -26.710400427019018        0.000000000000009
        0.400000000000000        0.700000000000000      -43.617901247742991      -43.617901247742994        0.000000000000003
        0.433333333333333        0.733333333333333      -51.600531205960446      -51.600531205960449        0.000000000000003
        0.466666666666667        0.766666666666667      -51.600531205960452      -51.600531205960461        0.000000000000009
        0.400000000000000        0.800000000000000      -61.685027506808495      -61.685027506808501        0.000000000000006
        0.433333333333333        0.833333333333333      -57.552914180423270      -57.552914180423276        0.000000000000006
        0.466666666666667        0.866666666666667      -46.263770630106382      -46.263770630106386        0.000000000000004
        0.400000000000000        0.900000000000000      -43.617901247743012      -43.617901247743000        0.000000000000012
        0.433333333333333        0.933333333333333      -29.791580582088967      -29.791580582088951        0.000000000000016
        0.466666666666667        0.966666666666667      -13.826320665654065      -13.826320665654057        0.000000000000009
        0.400000000000000        1.000000000000000       -0.000000000000019       -0.000000000000019        0.000000000000000
        0.433333333333333        1.033333333333333       15.421256876702106       15.421256876702095        0.000000000000011
        0.466666666666667        1.066666666666667       26.710400427019003       26.710400427018992        0.000000000000011
        0.500000000000000        0.000000000000000      -43.617901247743007      -43.617901247743042        0.000000000000035
        0.533333333333333        0.033333333333333      -29.791580582088959      -29.791580582088983        0.000000000000024
        0.566666666666667        0.066666666666667      -13.826320665654058      -13.826320665654065        0.000000000000006
        0.500000000000000        0.100000000000000      -30.842513753404253      -30.842513753404249        0.000000000000004
        0.533333333333333        0.133333333333333      -15.421256876702129      -15.421256876702123        0.000000000000007
        0.566666666666667        0.166666666666667       -4.132113326385235       -4.132113326385232        0.000000000000003
        0.500000000000000        0.200000000000000       -0.000000000000003       -0.000000000000000        0.000000000000003
        0.533333333333333        0.233333333333333        7.982629958217451        7.982629958217450        0.000000000000001
        0.566666666666667        0.266666666666667        7.982629958217455        7.982629958217456        0.000000000000001
        0.500000000000000        0.300000000000000       30.842513753404250       30.842513753404253        0.000000000000003
        0.533333333333333        0.333333333333333       26.710400427019022       26.710400427019031        0.000000000000009
        0.566666666666667        0.366666666666667       15.421256876702133       15.421256876702139        0.000000000000006
        0.500000000000000        0.400000000000000       43.617901247743007       43.617901247743016        0.000000000000010
        0.533333333333333        0.433333333333333       29.791580582088960       29.791580582088972        0.000000000000011
        0.566666666666667        0.466666666666667       13.826320665654059       13.826320665654066        0.000000000000007
        0.500000000000000        0.500000000000000       30.842513753404257       30.842513753404273        0.000000000000015
        0.533333333333333        0.533333333333333       15.421256876702133       15.421256876702144        0.000000000000012
        0.566666666666667        0.566666666666667        4.132113326385237        4.132113326385240        0.000000000000003
        0.500000000000000        0.600000000000000        0.000000000000008        0.000000000000007        0.000000000000001
        0.533333333333333        0.633333333333333       -7.982629958217447       -7.982629958217454        0.000000000000007
        0.566666666666667        0.666666666666667       -7.982629958217453       -7.982629958217458        0.000000000000005
        0.500000000000000        0.700000000000000      -30.842513753404246      -30.842513753404257        0.000000000000011
        0.533333333333333        0.733333333333333      -26.710400427019020      -26.710400427019031        0.000000000000011
        0.566666666666667        0.766666666666667      -15.421256876702133      -15.421256876702140        0.000000000000007
        0.500000000000000        0.800000000000000      -43.617901247743007      -43.617901247743023        0.000000000000016
        0.533333333333333        0.833333333333333      -29.791580582088961      -29.791580582088976        0.000000000000014
        0.566666666666667        0.866666666666667      -13.826320665654060      -13.826320665654065        0.000000000000005
        0.500000000000000        0.900000000000000      -30.842513753404261      -30.842513753404261        0.000000000000000
        0.533333333333333        0.933333333333333      -15.421256876702136      -15.421256876702133        0.000000000000002
        0.566666666666667        0.966666666666667       -4.132113326385239       -4.132113326385237        0.000000000000001
        0.500000000000000        1.000000000000000       -0.000000000000013       -0.000000000000013        0.000000000000000
        0.533333333333333        1.033333333333333        7.982629958217444        7.982629958217441        0.000000000000003
        0.566666666666667        1.066666666666667        7.982629958217452        7.982629958217450        0.000000000000001
        0.600000000000000        0.000000000000000       -0.000000000000011       -0.000000000000010        0.000000000000002
        0.633333333333333        0.033333333333333       15.421256876702113       15.421256876702126        0.000000000000013
        0.666666666666667        0.066666666666667       26.710400427019007       26.710400427019015        0.000000000000008
        0.600000000000000        0.100000000000000       -0.000000000000008       -0.000000000000007        0.000000000000001
        0.633333333333333        0.133333333333333        7.982629958217446        7.982629958217443        0.000000000000003
        0.666666666666667        0.166666666666667        7.982629958217450        7.982629958217443        0.000000000000007
        0.600000000000000        0.200000000000000       -0.000000000000000       -0.000000000000000        0.000000000000000
        0.633333333333333        0.233333333333333       -4.132113326385228       -4.132113326385228        0.000000000000000
        0.666666666666667        0.266666666666667      -15.421256876702116      -15.421256876702115        0.000000000000001
        0.600000000000000        0.300000000000000        0.000000000000008        0.000000000000007        0.000000000000001
        0.633333333333333        0.333333333333333      -13.826320665654038      -13.826320665654044        0.000000000000006
        0.666666666666667        0.366666666666667      -29.791580582088939      -29.791580582088946        0.000000000000006
        0.600000000000000        0.400000000000000        0.000000000000011        0.000000000000010        0.000000000000002
        0.633333333333333        0.433333333333333      -15.421256876702113      -15.421256876702120        0.000000000000007
        0.666666666666667        0.466666666666667      -26.710400427019009      -26.710400427019018        0.000000000000009
        0.600000000000000        0.500000000000000        0.000000000000008        0.000000000000007        0.000000000000001
        0.633333333333333        0.533333333333333       -7.982629958217447       -7.982629958217454        0.000000000000007
        0.666666666666667        0.566666666666667       -7.982629958217453       -7.982629958217458        0.000000000000005
        0.600000000000000        0.600000000000000        0.000000000000000        0.000000000000000        0.000000000000000
        0.633333333333333        0.633333333333333        4.132113326385226        4.132113326385229        0.000000000000004
        0.666666666666667        0.666666666666667       15.421256876702113       15.421256876702120        0.000000000000007
        0.600000000000000        0.700000000000000       -0.000000000000008       -0.000000000000007        0.000000000000001
        0.633333333333333        0.733333333333333       13.826320665654037       13.826320665654044        0.000000000000007
        0.666666666666667        0.766666666666667       29.791580582088939       29.791580582088948        0.000000000000009
        0.600000000000000        0.800000000000000       -0.000000000000011       -0.000000000000010        0.000000000000002
        0.633333333333333        0.833333333333333       15.421256876702114       15.421256876702122        0.000000000000008
        0.666666666666667        0.866666666666667       26.710400427019011       26.710400427019016        0.000000000000006
        0.600000000000000        0.900000000000000       -0.000000000000008       -0.000000000000007        0.000000000000001
        0.633333333333333        0.933333333333333        7.982629958217449        7.982629958217448        0.000000000000001
        0.666666666666667        0.966666666666667        7.982629958217457        7.982629958217453        0.000000000000004
        0.600000000000000        1.000000000000000       -0.000000000000000       -0.000000000000000        0.000000000000000
        0.633333333333333        1.033333333333333       -4.132113326385224       -4.132113326385223        0.000000000000001
        0.666666666666667        1.066666666666667      -15.421256876702110      -15.421256876702105        0.000000000000005
        0.700000000000000        0.000000000000000       43.617901247742991       43.617901247743019        0.000000000000029
        0.733333333333333        0.033333333333333       51.600531205960444       51.600531205960469        0.000000000000024
        0.766666666666667        0.066666666666667       51.600531205960448       51.600531205960455        0.000000000000007
        0.700000000000000        0.100000000000000       30.842513753404242       30.842513753404233        0.000000000000009
        0.733333333333333        0.133333333333333       26.710400427019014       26.710400427018994        0.000000000000020
        0.766666666666667        0.166666666666667       15.421256876702126       15.421256876702110        0.000000000000016
        0.700000000000000        0.200000000000000        0.000000000000003        0.000000000000000        0.000000000000003
        0.733333333333333        0.233333333333333      -13.826320665654044      -13.826320665654038        0.000000000000006
        0.766666666666667        0.266666666666667      -29.791580582088945      -29.791580582088938        0.000000000000007
        0.700000000000000        0.300000000000000      -30.842513753404238      -30.842513753404237        0.000000000000001
        0.733333333333333        0.333333333333333      -46.263770630106363      -46.263770630106363        0.000000000000000
        0.766666666666667        0.366666666666667      -57.552914180423258      -57.552914180423262        0.000000000000003
        0.700000000000000        0.400000000000000      -43.617901247742991      -43.617901247742994        0.000000000000003
        0.733333333333333        0.433333333333333      -51.600531205960446      -51.600531205960449        0.000000000000003
        0.766666666666667        0.466666666666667      -51.600531205960452      -51.600531205960461        0.000000000000009
        0.700000000000000        0.500000000000000      -30.842513753404246      -30.842513753404257        0.000000000000011
        0.733333333333333        0.533333333333333      -26.710400427019020      -26.710400427019031        0.000000000000011
        0.766666666666667        0.566666666666667      -15.421256876702133      -15.421256876702140        0.000000000000007
        0.700000000000000        0.600000000000000       -0.000000000000008       -0.000000000000007        0.000000000000001
        0.733333333333333        0.633333333333333       13.826320665654037       13.826320665654044        0.000000000000007
        0.766666666666667        0.666666666666667       29.791580582088939       29.791580582088948        0.000000000000009
        0.700000000000000        0.700000000000000       30.842513753404235       30.842513753404240        0.000000000000006
        0.733333333333333        0.733333333333333       46.263770630106360       46.263770630106364        0.000000000000005
        0.766666666666667        0.766666666666667       57.552914180423256       57.552914180423265        0.000000000000009
        0.700000000000000        0.800000000000000       43.617901247742991       43.617901247743000        0.000000000000009
        0.733333333333333        0.833333333333333       51.600531205960448       51.600531205960455        0.000000000000008
        0.766666666666667        0.866666666666667       51.600531205960456       51.600531205960458        0.000000000000003
        0.700000000000000        0.900000000000000       30.842513753404250       30.842513753404245        0.000000000000005
        0.733333333333333        0.933333333333333       26.710400427019026       26.710400427019013        0.000000000000013
        0.766666666666667        0.966666666666667       15.421256876702140       15.421256876702129        0.000000000000010
        0.700000000000000        1.000000000000000        0.000000000000013        0.000000000000013        0.000000000000000
        0.733333333333333        1.033333333333333      -13.826320665654031      -13.826320665654021        0.000000000000010
        0.766666666666667        1.066666666666667      -29.791580582088932      -29.791580582088919        0.000000000000014
        0.800000000000000        0.000000000000000       61.685027506808495       61.685027506808537        0.000000000000042
        0.833333333333333        0.033333333333333       57.552914180423268       57.552914180423298        0.000000000000030
        0.866666666666667        0.066666666666667       46.263770630106379       46.263770630106381        0.000000000000002
        0.800000000000000        0.100000000000000       43.617901247743001       43.617901247742989        0.000000000000012
        0.833333333333333        0.133333333333333       29.791580582088955       29.791580582088934        0.000000000000021
        0.866666666666667        0.166666666666667       13.826320665654054       13.826320665654038        0.000000000000016
        0.800000000000000        0.200000000000000        0.000000000000004        0.000000000000000        0.000000000000004
        0.833333333333333        0.233333333333333      -15.421256876702121      -15.421256876702115        0.000000000000005
        0.866666666666667        0.266666666666667      -26.710400427019016      -26.710400427019007        0.000000000000009
        0.800000000000000        0.300000000000000      -43.617901247742996      -43.617901247742995        0.000000000000001
        0.833333333333333        0.333333333333333      -51.600531205960451      -51.600531205960454        0.000000000000003
        0.866666666666667        0.366666666666667      -51.600531205960457      -51.600531205960455        0.000000000000002
        0.800000000000000        0.400000000000000      -61.685027506808495      -61.685027506808501        0.000000000000006
        0.833333333333333        0.433333333333333      -57.552914180423270      -57.552914180423276        0.000000000000006
        0.866666666666667        0.466666666666667      -46.263770630106382      -46.263770630106386        0.000000000000004
        0.800000000000000        0.500000000000000      -43.617901247743007      -43.617901247743023        0.000000000000016
        0.833333333333333        0.533333333333333      -29.791580582088961      -29.791580582088976        0.000000000000014
        0.866666666666667        0.566666666666667      -13.826320665654060      -13.826320665654065        0.000000000000005
        0.800000000000000        0.600000000000000       -0.000000000000011       -0.000000000000010        0.000000000000002
        0.833333333333333        0.633333333333333       15.421256876702114       15.421256876702122        0.000000000000008
        0.866666666666667        0.666666666666667       26.710400427019011       26.710400427019016        0.000000000000006
        0.800000000000000        0.700000000000000       43.617901247742991       43.617901247743000        0.000000000000009
        0.833333333333333        0.733333333333333       51.600531205960448       51.600531205960456        0.000000000000008
        0.866666666666667        0.766666666666667       51.600531205960456       51.600531205960458        0.000000000000003
        0.800000000000000        0.800000000000000       61.685027506808495       61.685027506808510        0.000000000000015
        0.833333333333333        0.833333333333333       57.552914180423272       57.552914180423283        0.000000000000012
        0.866666666666667        0.866666666666667       46.263770630106386       46.263770630106384        0.000000000000002
        0.800000000000000        0.900000000000000       43.617901247743012       43.617901247743006        0.000000000000006
        0.833333333333333        0.933333333333333       29.791580582088968       29.791580582088955        0.000000000000013
        0.866666666666667        0.966666666666667       13.826320665654066       13.826320665654056        0.000000000000011
        0.800000000000000        1.000000000000000        0.000000000000019        0.000000000000019        0.000000000000000
        0.833333333333333        1.033333333333333      -15.421256876702107      -15.421256876702097        0.000000000000010
        0.866666666666667        1.066666666666667      -26.710400427019005      -26.710400427018990        0.000000000000015
        0.900000000000000        0.000000000000000       43.617901247743012       43.617901247743025        0.000000000000013
        0.933333333333333        0.033333333333333       29.791580582088966       29.791580582088962        0.000000000000003
        0.966666666666667        0.066666666666667       13.826320665654064       13.826320665654055        0.000000000000010
        0.900000000000000        0.100000000000000       30.842513753404257       30.842513753404237        0.000000000000020
        0.933333333333333        0.133333333333333       15.421256876702133       15.421256876702112        0.000000000000021
        0.966666666666667        0.166666666666667        4.132113326385237        4.132113326385229        0.000000000000008
        0.900000000000000        0.200000000000000        0.000000000000003        0.000000000000000        0.000000000000003
        0.933333333333333        0.233333333333333       -7.982629958217453       -7.982629958217445        0.000000000000008
        0.966666666666667        0.266666666666667       -7.982629958217459       -7.982629958217450        0.000000000000009
        0.900000000000000        0.300000000000000      -30.842513753404253      -30.842513753404241        0.000000000000012
        0.933333333333333        0.333333333333333      -26.710400427019028      -26.710400427019012        0.000000000000015
        0.966666666666667        0.366666666666667      -15.421256876702140      -15.421256876702128        0.000000000000012
        0.900000000000000        0.400000000000000      -43.617901247743012      -43.617901247743000        0.000000000000012
        0.933333333333333        0.433333333333333      -29.791580582088967      -29.791580582088951        0.000000000000016
        0.966666666666667        0.466666666666667      -13.826320665654065      -13.826320665654057        0.000000000000009
        0.900000000000000        0.500000000000000      -30.842513753404261      -30.842513753404261        0.000000000000000
        0.933333333333333        0.533333333333333      -15.421256876702136      -15.421256876702133        0.000000000000002
        0.966666666666667        0.566666666666667       -4.132113326385239       -4.132113326385237        0.000000000000001
        0.900000000000000        0.600000000000000       -0.000000000000008       -0.000000000000007        0.000000000000001
        0.933333333333333        0.633333333333333        7.982629958217449        7.982629958217448        0.000000000000001
        0.966666666666667        0.666666666666667        7.982629958217457        7.982629958217453        0.000000000000004
        0.900000000000000        0.700000000000000       30.842513753404250       30.842513753404245        0.000000000000005
        0.933333333333333        0.733333333333333       26.710400427019026       26.710400427019013        0.000000000000013
        0.966666666666667        0.766666666666667       15.421256876702140       15.421256876702129        0.000000000000010
        0.900000000000000        0.800000000000000       43.617901247743012       43.617901247743006        0.000000000000006
        0.933333333333333        0.833333333333333       29.791580582088968       29.791580582088955        0.000000000000013
        0.966666666666667        0.866666666666667       13.826320665654066       13.826320665654056        0.000000000000011
        0.900000000000000        0.900000000000000       30.842513753404265       30.842513753404249        0.000000000000016
        0.933333333333333        0.933333333333333       15.421256876702139       15.421256876702123        0.000000000000016
        0.966666666666667        0.966666666666667        4.132113326385241        4.132113326385235        0.000000000000006
        0.900000000000000        1.000000000000000        0.000000000000013        0.000000000000013        0.000000000000000
        0.933333333333333        1.033333333333333       -7.982629958217445       -7.982629958217435        0.000000000000010
        0.966666666666667        1.066666666666667       -7.982629958217455       -7.982629958217445        0.000000000000010
        1.000000000000000        0.000000000000000        0.000000000000019        0.000000000000019        0.000000000000000
        1.033333333333333        0.033333333333333      -15.421256876702106      -15.421256876702101        0.000000000000005
        1.066666666666667        0.066666666666667      -26.710400427019001      -26.710400427018989        0.000000000000012
        1.000000000000000        0.100000000000000        0.000000000000013        0.000000000000013        0.000000000000000
        1.033333333333333        0.133333333333333       -7.982629958217442       -7.982629958217430        0.000000000000012
        1.066666666666667        0.166666666666667       -7.982629958217448       -7.982629958217435        0.000000000000013
        1.000000000000000        0.200000000000000        0.000000000000000        0.000000000000000        0.000000000000000
        1.033333333333333        0.233333333333333        4.132113326385226        4.132113326385221        0.000000000000005
        1.066666666666667        0.266666666666667       15.421256876702113       15.421256876702100        0.000000000000013
        1.000000000000000        0.300000000000000       -0.000000000000013       -0.000000000000013        0.000000000000000
        1.033333333333333        0.333333333333333       13.826320665654032       13.826320665654021        0.000000000000011
        1.066666666666667        0.366666666666667       29.791580582088933       29.791580582088917        0.000000000000016
        1.000000000000000        0.400000000000000       -0.000000000000019       -0.000000000000019        0.000000000000000
        1.033333333333333        0.433333333333333       15.421256876702106       15.421256876702095        0.000000000000011
        1.066666666666667        0.466666666666667       26.710400427019003       26.710400427018992        0.000000000000011
        1.000000000000000        0.500000000000000       -0.000000000000013       -0.000000000000013        0.000000000000000
        1.033333333333333        0.533333333333333        7.982629958217444        7.982629958217441        0.000000000000003
        1.066666666666667        0.566666666666667        7.982629958217452        7.982629958217450        0.000000000000001
        1.000000000000000        0.600000000000000       -0.000000000000000       -0.000000000000000        0.000000000000000
        1.033333333333333        0.633333333333333       -4.132113326385224       -4.132113326385223        0.000000000000001
        1.066666666666667        0.666666666666667      -15.421256876702110      -15.421256876702105        0.000000000000005
        1.000000000000000        0.700000000000000        0.000000000000013        0.000000000000013        0.000000000000000
        1.033333333333333        0.733333333333333      -13.826320665654031      -13.826320665654021        0.000000000000010
        1.066666666666667        0.766666666666667      -29.791580582088932      -29.791580582088919        0.000000000000014
        1.000000000000000        0.800000000000000        0.000000000000019        0.000000000000019        0.000000000000000
        1.033333333333333        0.833333333333333      -15.421256876702107      -15.421256876702097        0.000000000000010
        1.066666666666667        0.866666666666667      -26.710400427019005      -26.710400427018990        0.000000000000015
        1.000000000000000        0.900000000000000        0.000000000000013        0.000000000000013        0.000000000000000
        1.033333333333333        0.933333333333333       -7.982629958217445       -7.982629958217435        0.000000000000010
        1.066666666666667        0.966666666666667       -7.982629958217455       -7.982629958217445        0.000000000000010
        1.000000000000000        1.000000000000000        0.000000000000000        0.000000000000000        0.000000000000000
        1.033333333333333        1.033333333333333        4.132113326385222        4.132113326385216        0.000000000000006
        1.066666666666667        1.066666666666667       15.421256876702106       15.421256876702090        0.000000000000016
