        0.000000000000000        0.000000000000000       57.994965667344956       57.994965667345020        0.000000000000065
        0.033333333333333        0.033333333333333       54.110039613436014       54.110039613436060        0.000000000000046
        0.066666666666667        0.066666666666667       43.496224250508718       43.496224250508723        0.000000000000006
        0.000000000000000        0.100000000000000       41.008633498060627       41.008633498060634        0.000000000000007
        0.033333333333333        0.133333333333333       28.009417566418163       28.009417566418153        0.000000000000011
        0.066666666666667        0.166666666666667       12.999215931642467       12.999215931642453        0.000000000000014
        0.000000000000000        0.200000000000000        0.000000000000004        0.000000000000000        0.000000000000003
        0.033333333333333        0.233333333333333      -14.498741416836235      -14.498741416836235        0.000000000000000
        0.066666666666667        0.266666666666667      -25.112556779763532      -25.112556779763526        0.000000000000006
        0.000000000000000        0.300000000000000      -41.008633498060622      -41.008633498060639        0.000000000000017
        0.033333333333333        0.333333333333333      -48.513734315448471      -48.513734315448490        0.000000000000018
        0.066666666666667        0.366666666666667      -48.513734315448473      -48.513734315448475        0.000000000000002
        0.000000000000000        0.400000000000000      -57.994965667344956      -57.994965667344987        0.000000000000031
        0.033333333333333        0.433333333333333      -54.110039613436016      -54.110039613436039        0.000000000000023
        0.066666666666667        0.466666666666667      -43.496224250508721      -43.496224250508728        0.000000000000007
        0.000000000000000        0.500000000000000      -41.008633498060632      -41.008633498060665        0.000000000000033
        0.033333333333333        0.533333333333333      -28.009417566418169      -28.009417566418192        0.000000000000022
        0.066666666666667        0.566666666666667      -12.999215931642473      -12.999215931642479        0.000000000000006
        0.000000000000000        0.600000000000000       -0.000000000000011       -0.000000000000009        0.000000000000002
        0.033333333333333        0.633333333333333       14.498741416836228       14.498741416836241        0.000000000000013
        0.066666666666667        0.666666666666667       25.112556779763527       25.112556779763535        0.000000000000008
        0.000000000000000        0.700000000000000       41.008633498060617       41.008633498060644        0.000000000000027
        0.033333333333333        0.733333333333333       48.513734315448468       48.513734315448491        0.000000000000023
        0.066666666666667        0.766666666666667       48.513734315448472       48.513734315448479        0.000000000000007
        0.000000000000000        0.800000000000000       57.994965667344956       57.994965667344995        0.000000000000039
        0.033333333333333        0.833333333333333       54.110039613436017       54.110039613436046        0.000000000000028
        0.066666666666667        0.866666666666667       43.496224250508724       43.496224250508726        0.000000000000002
        0.000000000000000        0.900000000000000       41.008633498060637       41.008633498060649        0.000000000000012
        0.033333333333333        0.933333333333333       28.009417566418175       28.009417566418172        0.000000000000003
        0.066666666666667        0.966666666666667       12.999215931642479       12.999215931642470        0.000000000000009
        0.000000000000000        1.000000000000000        0.000000000000018        0.000000000000018        0.000000000000000
        0.033333333333333        1.033333333333333      -14.498741416836222      -14.498741416836217        0.000000000000005
        0.066666666666667        1.066666666666667      -25.112556779763522      -25.112556779763510        0.000000000000012
        0.100000000000000        0.000000000000000       41.008633498060627       41.008633498060634        0.000000000000007
        0.133333333333333        0.033333333333333       28.009417566418163       28.009417566418153        0.000000000000011
        0.166666666666667        0.066666666666667       12.999215931642467       12.999215931642453        0.000000000000014
        0.100000000000000        0.100000000000000       28.997482833672480       28.997482833672457        0.000000000000023
        0.133333333333333        0.133333333333333       14.498741416836241       14.498741416836218        0.000000000000023
        0.166666666666667        0.166666666666667        3.884926053908944        3.884926053908935        0.000000000000009
        0.100000000000000        0.200000000000000        0.000000000000003        0.000000000000000        0.000000000000002
        0.133333333333333        0.233333333333333       -7.505100817387847       -7.505100817387838        0.000000000000009
        0.166666666666667        0.266666666666667       -7.505100817387849       -7.505100817387838        0.000000000000011
        0.100000000000000        0.300000000000000      -28.997482833672476      -28.997482833672461        0.000000000000015
        0.133333333333333        0.333333333333333      -25.112556779763536      -25.112556779763515        0.000000000000021
        0.166666666666667        0.366666666666667      -14.498741416836241      -14.498741416836225        0.000000000000016
        0.100000000000000        0.400000000000000      -41.008633498060627      -41.008633498060610        0.000000000000017
        0.133333333333333        0.433333333333333      -28.009417566418164      -28.009417566418142        0.000000000000022
        0.166666666666667        0.466666666666667      -12.999215931642468      -12.999215931642455        0.000000000000013
        0.100000000000000        0.500000000000000      -28.997482833672483      -28.997482833672479        0.000000000000004
        0.133333333333333        0.533333333333333      -14.498741416836244      -14.498741416836238        0.000000000000006
        0.166666666666667        0.566666666666667       -3.884926053908945       -3.884926053908943        0.000000000000003
        0.100000000000000        0.600000000000000       -0.000000000000008       -0.000000000000006        0.000000000000001
        0.133333333333333        0.633333333333333        7.505100817387844        7.505100817387841        0.000000000000003
        0.166666666666667        0.666666666666667        7.505100817387847        7.505100817387841        0.000000000000007
        0.100000000000000        0.700000000000000       28.997482833672472       28.997482833672464        0.000000000000009
        0.133333333333333        0.733333333333333       25.112556779763534       25.112556779763515        0.000000000000019
        0.166666666666667        0.766666666666667       14.498741416836241       14.498741416836226        0.000000000000015
        0.100000000000000        0.800000000000000       41.008633498060627       41.008633498060616        0.000000000000011
        0.133333333333333        0.833333333333333       28.009417566418165       28.009417566418146        0.000000000000020
        0.166666666666667        0.866666666666667       12.999215931642469       12.999215931642454        0.000000000000015
        0.100000000000000        0.900000000000000       28.997482833672487       28.997482833672468        0.000000000000019
        0.133333333333333        0.933333333333333       14.498741416836247       14.498741416836228        0.000000000000019
        0.166666666666667        0.966666666666667        3.884926053908947        3.884926053908940        0.000000000000007
        0.100000000000000        1.000000000000000        0.000000000000013        0.000000000000013        0.000000000000000
        0.133333333333333        1.033333333333333       -7.505100817387840       -7.505100817387829        0.000000000000012
        0.166666666666667        1.066666666666667       -7.505100817387846       -7.505100817387833        0.000000000000012
        0.200000000000000        0.000000000000000        0.000000000000004        0.000000000000000        0.000000000000003
        0.233333333333333        0.033333333333333      -14.498741416836235      -14.498741416836235        0.000000000000000
        0.266666666666667        0.066666666666667      -25.112556779763532      -25.112556779763526        0.000000000000006
        0.200000000000000        0.100000000000000        0.000000000000003        0.000000000000000        0.000000000000002
        0.233333333333333        0.133333333333333       -7.505100817387847       -7.505100817387838        0.000000000000009
        0.266666666666667        0.166666666666667       -7.505100817387849       -7.505100817387838        0.000000000000011
        0.200000000000000        0.200000000000000        0.000000000000000        0.000000000000000        0.000000000000000
        0.233333333333333        0.233333333333333        3.884926053908940        3.884926053908936        0.000000000000004
        0.266666666666667        0.266666666666667       14.498741416836235       14.498741416836226        0.000000000000009
        0.200000000000000        0.300000000000000       -0.000000000000003       -0.000000000000000        0.000000000000002
        0.233333333333333        0.333333333333333       12.999215931642460       12.999215931642454        0.000000000000006
        0.266666666666667        0.366666666666667       28.009417566418157       28.009417566418147        0.000000000000009
        0.200000000000000        0.400000000000000       -0.000000000000004       -0.000000000000000        0.000000000000003
        0.233333333333333        0.433333333333333       14.498741416836236       14.498741416836229        0.000000000000006
        0.266666666666667        0.466666666666667       25.112556779763534       25.112556779763529        0.000000000000005
        0.200000000000000        0.500000000000000       -0.000000000000003       -0.000000000000000        0.000000000000002
        0.233333333333333        0.533333333333333        7.505100817387849        7.505100817387848        0.000000000000001
        0.266666666666667        0.566666666666667        7.505100817387852        7.505100817387853        0.000000000000001
        0.200000000000000        0.600000000000000       -0.000000000000000       -0.000000000000000        0.000000000000000
        0.233333333333333        0.633333333333333       -3.884926053908938       -3.884926053908938        0.000000000000000
        0.266666666666667        0.666666666666667      -14.498741416836232      -14.498741416836231        0.000000000000001
        0.200000000000000        0.700000000000000        0.000000000000003        0.000000000000000        0.000000000000002
        0.233333333333333        0.733333333333333      -12.999215931642459      -12.999215931642454        0.000000000000005
        0.266666666666667        0.766666666666667      -28.009417566418156      -28.009417566418149        0.000000000000007
        0.200000000000000        0.800000000000000        0.000000000000004        0.000000000000000        0.000000000000003
        0.233333333333333        0.833333333333333      -14.498741416836236      -14.498741416836231        0.000000000000005
        0.266666666666667        0.866666666666667      -25.112556779763536      -25.112556779763527        0.000000000000009
        0.200000000000000        0.900000000000000        0.000000000000003        0.000000000000000        0.000000000000002
        0.233333333333333        0.933333333333333       -7.505100817387850       -7.505100817387843        0.000000000000007
        0.266666666666667        0.966666666666667       -7.505100817387856       -7.505100817387848        0.000000000000008
        0.200000000000000        1.000000000000000        0.000000000000000        0.000000000000000        0.000000000000000
        0.233333333333333        1.033333333333333        3.884926053908936        3.884926053908932        0.000000000000005
        0.266666666666667        1.066666666666667       14.498741416836229       14.498741416836216        0.000000000000012
        0.300000000000000        0.000000000000000      -41.008633498060622      -41.008633498060639        0.000000000000017
        0.333333333333333        0.033333333333333      -48.513734315448471      -48.513734315448490        0.000000000000018
        0.366666666666667        0.066666666666667      -48.513734315448473      -48.513734315448475        0.000000000000002
        0.300000000000000        0.100000000000000      -28.997482833672476      -28.997482833672461        0.000000000000015
        0.333333333333333        0.133333333333333      -25.112556779763536      -25.112556779763515        0.000000000000021
        0.366666666666667        0.166666666666667      -14.498741416836241      -14.498741416836225        0.000000000000016
        0.300000000000000        0.200000000000000       -0.000000000000003       -0.000000000000000        0.000000000000002
        0.333333333333333        0.233333333333333       12.999215931642460       12.999215931642454        0.000000000000006
        0.366666666666667        0.266666666666667       28.009417566418157       28.009417566418147        0.000000000000009
        0.300000000000000        0.300000000000000       28.997482833672472       28.997482833672464        0.000000000000008
        0.333333333333333        0.333333333333333       43.496224250508712       43.496224250508708        0.000000000000004
        0.366666666666667        0.366666666666667       54.110039613436010       54.110039613436008        0.000000000000002
        0.300000000000000        0.400000000000000       41.008633498060622       41.008633498060615        0.000000000000007
        0.333333333333333        0.433333333333333       48.513734315448473       48.513734315448471        0.000000000000002
        0.366666666666667        0.466666666666667       48.513734315448477       48.513734315448481        0.000000000000004
        0.300000000000000        0.500000000000000       28.997482833672480       28.997482833672483        0.000000000000003
        0.333333333333333        0.533333333333333       25.112556779763541       25.112556779763550        0.000000000000008
        0.366666666666667        0.566666666666667       14.498741416836248       14.498741416836253        0.000000000000005
        0.300000000000000        0.600000000000000        0.000000000000008        0.000000000000006        0.000000000000001
        0.333333333333333        0.633333333333333      -12.999215931642454      -12.999215931642459        0.000000000000005
        0.366666666666667        0.666666666666667      -28.009417566418151      -28.009417566418157        0.000000000000006
        0.300000000000000        0.700000000000000      -28.997482833672469      -28.997482833672468        0.000000000000001
        0.333333333333333        0.733333333333333      -43.496224250508708      -43.496224250508709        0.000000000000000
        0.366666666666667        0.766666666666667      -54.110039613436008      -54.110039613436011        0.000000000000003
        0.300000000000000        0.800000000000000      -41.008633498060622      -41.008633498060621        0.000000000000001
        0.333333333333333        0.833333333333333      -48.513734315448475      -48.513734315448477        0.000000000000003
        0.366666666666667        0.866666666666667      -48.513734315448480      -48.513734315448478        0.000000000000002
        0.300000000000000        0.900000000000000      -28.997482833672483      -28.997482833672471        0.000000000000012
        0.333333333333333        0.933333333333333      -25.112556779763547      -25.112556779763532        0.000000000000014
        0.366666666666667        0.966666666666667      -14.498741416836254      -14.498741416836243        0.000000000000011
        0.300000000000000        1.000000000000000       -0.000000000000013       -0.000000000000013        0.000000000000000
        0.333333333333333        1.033333333333333       12.999215931642448       12.999215931642438        0.000000000000010
        0.366666666666667        1.066666666666667       28.009417566418145       28.009417566418129        0.000000000000015
        0.400000000000000        0.000000000000000      -57.994965667344956      -57.994965667344987        0.000000000000031
        0.433333333333333        0.033333333333333      -54.110039613436016      -54.110039613436039        0.000000000000023
        0.466666666666667        0.066666666666667      -43.496224250508721      -43.496224250508728        0.000000000000007
        0.400000000000000        0.100000000000000      -41.008633498060627      -41.008633498060610        0.000000000000017
        0.433333333333333        0.133333333333333      -28.009417566418164      -28.009417566418142        0.000000000000022
        0.466666666666667        0.166666666666667      -12.999215931642468      -12.999215931642455        0.000000000000013
        0.400000000000000        0.200000000000000       -0.000000000000004       -0.000000000000000        0.000000000000003
        0.433333333333333        0.233333333333333       14.498741416836236       14.498741416836229        0.000000000000006
        0.466666666666667        0.266666666666667       25.112556779763534       25.112556779763529        0.000000000000005
        0.400000000000000        0.300000000000000       41.008633498060622       41.008633498060615        0.000000000000007
        0.433333333333333        0.333333333333333       48.513734315448473       48.513734315448471        0.000000000000002
        0.466666666666667        0.366666666666667       48.513734315448477       48.513734315448481        0.000000000000004
        0.400000000000000        0.400000000000000       57.994965667344956       57.994965667344953        0.000000000000003
        0.433333333333333        0.433333333333333       54.110039613436017       54.110039613436018        0.000000000000001
        0.466666666666667        0.466666666666667       43.496224250508724       43.496224250508733        0.000000000000009
        0.400000000000000        0.500000000000000       41.008633498060632       41.008633498060641        0.000000000000009
        0.433333333333333        0.533333333333333       28.009417566418170       28.009417566418181        0.000000000000011
        0.466666666666667        0.566666666666667       12.999215931642474       12.999215931642480        0.000000000000006
        0.400000000000000        0.600000000000000        0.000000000000011        0.000000000000009        0.000000000000002
        0.433333333333333        0.633333333333333      -14.498741416836229      -14.498741416836236        0.000000000000007
        0.466666666666667        0.666666666666667      -25.112556779763529      -25.112556779763537        0.000000000000009
        0.400000000000000        0.700000000000000      -41.008633498060617      -41.008633498060620        0.000000000000003
        0.433333333333333        0.733333333333333      -48.513734315448470      -48.513734315448472        0.000000000000003
        0.466666666666667        0.766666666666667      -48.513734315448475      -48.513734315448484        0.000000000000009
        0.400000000000000        0.800000000000000      -57.994965667344956      -57.994965667344961        0.000000000000006
        0.433333333333333        0.833333333333333      -54.110039613436019      -54.110039613436025        0.000000000000006
        0.466666666666667        0.866666666666667      -43.496224250508727      -43.496224250508730        0.000000000000004
        0.400000000000000        0.900000000000000      -41.008633498060637      -41.008633498060625        0.000000000000011
        0.433333333333333        0.933333333333333      -28.009417566418176      -28.009417566418162        0.000000000000015
        0.466666666666667        0.966666666666667      -12.999215931642480      -12.999215931642471        0.000000000000008
        0.400000000000000        1.000000000000000       -0.000000000000018       -0.000000000000018        0.000000000000000
        0.433333333333333        1.033333333333333       14.498741416836222       14.498741416836211        0.000000000000011
        0.466666666666667        1.066666666666667       25.112556779763524       25.112556779763513        0.000000000000011
        0.500000000000000        0.000000000000000      -41.008633498060632      -41.008633498060665        0.000000000000033
        0.533333333333333        0.033333333333333      -28.009417566418169      -28.009417566418192        0.000000000000022
        0.566666666666667        0.066666666666667      -12.999215931642473      -12.999215931642479        0.000000000000006
        0.500000000000000        0.100000000000000      -28.997482833672483      -28.997482833672479        0.000000000000004
        0.533333333333333        0.133333333333333      -14.498741416836244      -14.498741416836238        0.000000000000006
        0.566666666666667        0.166666666666667       -3.884926053908945       -3.884926053908943        0.000000000000003
        0.500000000000000        0.200000000000000       -0.000000000000003       -0.000000000000000        0.000000000000002
        0.533333333333333        0.233333333333333        7.505100817387849        7.505100817387848        0.000000000000001
        0.566666666666667        0.266666666666667        7.505100817387852        7.505100817387853        0.000000000000001
        0.500000000000000        0.300000000000000       28.997482833672480       28.997482833672483        0.000000000000003
        0.533333333333333        0.333333333333333       25.112556779763541       25.112556779763550        0.000000000000008
        0.566666666666667        0.366666666666667       14.498741416836248       14.498741416836253        0.000000000000005
        0.500000000000000        0.400000000000000       41.008633498060632       41.008633498060641        0.000000000000009
        0.533333333333333        0.433333333333333       28.009417566418170       28.009417566418181        0.000000000000011
        0.566666666666667        0.466666666666667       12.999215931642474       12.999215931642480        0.000000000000006
        0.500000000000000        0.500000000000000       28.997482833672487       28.997482833672501        0.000000000000014
        0.533333333333333        0.533333333333333       14.498741416836247       14.498741416836258        0.000000000000011
        0.566666666666667        0.566666666666667        3.884926053908947        3.884926053908950        0.000000000000003
        0.500000000000000        0.600000000000000        0.000000000000008        0.000000000000006        0.000000000000001
        0.533333333333333        0.633333333333333       -7.505100817387845       -7.505100817387851        0.000000000000006
        0.566666666666667        0.666666666666667       -7.505100817387851       -7.505100817387855        0.000000000000005
        0.500000000000000        0.700000000000000      -28.997482833672476      -28.997482833672486        0.000000000000010
        0.533333333333333        0.733333333333333      -25.112556779763540      -25.112556779763550        0.000000000000011
        0.566666666666667        0.766666666666667      -14.498741416836247      -14.498741416836254        0.000000000000007
        0.500000000000000        0.800000000000000      -41.008633498060632      -41.008633498060647        0.000000000000015
        0.533333333333333        0.833333333333333      -28.009417566418171      -28.009417566418185        0.000000000000013
        0.566666666666667        0.866666666666667      -12.999215931642475      -12.999215931642479        0.000000000000005
        0.500000000000000        0.900000000000000      -28.997482833672490      -28.997482833672490        0.000000000000000
        0.533333333333333        0.933333333333333      -14.498741416836250      -14.498741416836248        0.000000000000002
        0.566666666666667        0.966666666666667       -3.884926053908949       -3.884926053908947        0.000000000000001
        0.500000000000000        1.000000000000000       -0.000000000000013       -0.000000000000013        0.000000000000000
        0.533333333333333        1.033333333333333        7.505100817387842        7.505100817387839        0.000000000000003
        0.566666666666667        1.066666666666667        7.505100817387849        7.505100817387848        0.000000000000001
        0.600000000000000        0.000000000000000       -0.000000000000011       -0.000000000000009        0.000000000000002
        0.633333333333333        0.033333333333333       14.498741416836228       14.498741416836241        0.000000000000013
        0.666666666666667        0.066666666666667       25.112556779763527       25.112556779763535        0.000000000000008
        0.600000000000000        0.100000000000000       -0.000000000000008       -0.000000000000006        0.000000000000001
        0.633333333333333        0.133333333333333        7.505100817387844        7.505100817387841        0.000000000000003
        0.666666666666667        0.166666666666667        7.505100817387847        7.505100817387841        0.000000000000007
        0.600000000000000        0.200000000000000       -0.000000000000000       -0.000000000000000        0.000000000000000
        0.633333333333333        0.233333333333333       -3.884926053908938       -3.884926053908938        0.000000000000000
        0.666666666666667        0.266666666666667      -14.498741416836232      -14.498741416836231        0.000000000000001
        0.600000000000000        0.300000000000000        0.000000000000008        0.000000000000006        0.000000000000001
        0.633333333333333        0.333333333333333      -12.999215931642454      -12.999215931642459        0.000000000000005
        0.666666666666667        0.366666666666667      -28.009417566418151      -28.009417566418157        0.000000000000006
        0.600000000000000        0.400000000000000        0.000000000000011        0.000000000000009        0.000000000000002
        0.633333333333333        0.433333333333333      -14.498741416836229      -14.498741416836236        0.000000000000007
        0.666666666666667        0.466666666666667      -25.112556779763529      -25.112556779763537        0.000000000000009
        0.600000000000000        0.500000000000000        0.000000000000008        0.000000000000006        0.000000000000001
        0.633333333333333        0.533333333333333       -7.505100817387845       -7.505100817387851        0.000000000000006
        0.666666666666667        0.566666666666667       -7.505100817387851       -7.505100817387855        0.000000000000005
        0.600000000000000        0.600000000000000        0.000000000000000        0.000000000000000        0.000000000000000
        0.633333333333333        0.633333333333333        3.884926053908936        3.884926053908940        0.000000000000003
        0.666666666666667        0.666666666666667       14.498741416836229       14.498741416836235        0.000000000000007
        0.600000000000000        0.700000000000000       -0.000000000000008       -0.000000000000006        0.000000000000001
        0.633333333333333        0.733333333333333       12.999215931642453       12.999215931642460        0.000000000000006
        0.666666666666667        0.766666666666667       28.009417566418150       28.009417566418158        0.000000000000009
        0.600000000000000        0.800000000000000       -0.000000000000011       -0.000000000000009        0.000000000000002
        0.633333333333333        0.833333333333333       14.498741416836229       14.498741416836237        0.000000000000008
        0.666666666666667        0.866666666666667       25.112556779763531       25.112556779763536        0.000000000000005
        0.600000000000000        0.900000000000000       -0.000000000000008       -0.000000000000006        0.000000000000001
        0.633333333333333        0.933333333333333        7.505100817387847        7.505100817387846        0.000000000000001
        0.666666666666667        0.966666666666667        7.505100817387854        7.505100817387850        0.000000000000004
        0.600000000000000        1.000000000000000       -0.000000000000000       -0.000000000000000        0.000000000000000
        0.633333333333333        1.033333333333333       -3.884926053908935       -3.884926053908933        0.000000000000001
        0.666666666666667        1.066666666666667      -14.498741416836226      -14.498741416836221        0.000000000000004
        0.700000000000000        0.000000000000000       41.008633498060617       41.008633498060644        0.000000000000027
        0.733333333333333        0.033333333333333       48.513734315448468       48.513734315448491        0.000000000000023
        0.766666666666667        0.066666666666667       48.513734315448472       48.513734315448479        0.000000000000007
        0.700000000000000        0.100000000000000       28.997482833672472       28.997482833672464        0.000000000000009
        0.733333333333333        0.133333333333333       25.112556779763534       25.112556779763515        0.000000000000019
        0.766666666666667        0.166666666666667       14.498741416836241       14.498741416836226        0.000000000000015
        0.700000000000000        0.200000000000000        0.000000000000003        0.000000000000000        0.000000000000002
        0.733333333333333        0.233333333333333      -12.999215931642459      -12.999215931642454        0.000000000000005
        0.766666666666667        0.266666666666667      -28.009417566418156      -28.009417566418149        0.000000000000007
        0.700000000000000        0.300000000000000      -28.997482833672469      -28.997482833672468        0.000000000000001
        0.733333333333333        0.333333333333333      -43.496224250508708      -43.496224250508709        0.000000000000000
        0.766666666666667        0.366666666666667      -54.110039613436008      -54.110039613436011        0.000000000000003
        0.700000000000000        0.400000000000000      -41.008633498060617      -41.008633498060620        0.000000000000003
        0.733333333333333        0.433333333333333      -48.513734315448470      -48.513734315448472        0.000000000000003
        0.766666666666667        0.466666666666667      -48.513734315448475      -48.513734315448484        0.000000000000009
        0.700000000000000        0.500000000000000      -28.997482833672476      -28.997482833672486        0.000000000000010
        0.733333333333333        0.533333333333333      -25.112556779763540      -25.112556779763550        0.000000000000011
        0.766666666666667        0.566666666666667      -14.498741416836247      -14.498741416836254        0.000000000000007
        0.700000000000000        0.600000000000000       -0.000000000000008       -0.000000000000006        0.000000000000001
        0.733333333333333        0.633333333333333       12.999215931642453       12.999215931642460        0.000000000000006
        0.766666666666667        0.666666666666667       28.009417566418150       28.009417566418158        0.000000000000009
        0.700000000000000        0.700000000000000       28.997482833672465       28.997482833672471        0.000000000000006
        0.733333333333333        0.733333333333333       43.496224250508705       43.496224250508710        0.000000000000004
        0.766666666666667        0.766666666666667       54.110039613436007       54.110039613436015        0.000000000000008
        0.700000000000000        0.800000000000000       41.008633498060617       41.008633498060626        0.000000000000009
        0.733333333333333        0.833333333333333       48.513734315448471       48.513734315448479        0.000000000000007
        0.766666666666667        0.866666666666667       48.513734315448479       48.513734315448481        0.000000000000002
        0.700000000000000        0.900000000000000       28.997482833672480       28.997482833672475        0.000000000000005
        0.733333333333333        0.933333333333333       25.112556779763545       25.112556779763533        0.000000000000012
        0.766666666666667        0.966666666666667       14.498741416836254       14.498741416836244        0.000000000000010
        0.700000000000000        1.000000000000000        0.000000000000013        0.000000000000013        0.000000000000000
        0.733333333333333        1.033333333333333      -12.999215931642447      -12.999215931642438        0.000000000000009
        0.766666666666667        1.066666666666667      -28.009417566418144      -28.009417566418131        0.000000000000013
        0.800000000000000        0.000000000000000       57.994965667344956       57.994965667344995        0.000000000000039
        0.833333333333333        0.033333333333333       54.110039613436017       54.110039613436046        0.000000000000028
        0.866666666666667        0.066666666666667       43.496224250508724       43.496224250508726        0.000000000000002
        0.800000000000000        0.100000000000000       41.008633498060627       41.008633498060616        0.000000000000011
        0.833333333333333        0.133333333333333       28.009417566418165       28.009417566418146        0.000000000000020
        0.866666666666667        0.166666666666667       12.999215931642469       12.999215931642454        0.000000000000015
        0.800000000000000        0.200000000000000        0.000000000000004        0.000000000000000        0.000000000000003
        0.833333333333333        0.233333333333333      -14.498741416836236      -14.498741416836231        0.000000000000005
        0.866666666666667        0.266666666666667      -25.112556779763536      -25.112556779763527        0.000000000000009
        0.800000000000000        0.300000000000000      -41.008633498060622      -41.008633498060621        0.000000000000001
        0.833333333333333        0.333333333333333      -48.513734315448475      -48.513734315448477        0.000000000000003
        0.866666666666667        0.366666666666667      -48.513734315448480      -48.513734315448478        0.000000000000002
        0.800000000000000        0.400000000000000      -57.994965667344956      -57.994965667344961        0.000000000000006
        0.833333333333333        0.433333333333333      -54.110039613436019      -54.110039613436025        0.000000000000006
        0.866666666666667        0.466666666666667      -43.496224250508727      -43.496224250508730        0.000000000000004
        0.800000000000000        0.500000000000000      -41.008633498060632      -41.008633498060647        0.000000000000015
        0.833333333333333        0.533333333333333      -28.009417566418171      -28.009417566418185        0.000000000000013
        0.866666666666667        0.566666666666667      -12.999215931642475      -12.999215931642479        0.000000000000005
        0.800000000000000        0.600000000000000       -0.000000000000011       -0.000000000000009        0.000000000000002
        0.833333333333333        0.633333333333333       14.498741416836229       14.498741416836237        0.000000000000008
        0.866666666666667        0.666666666666667       25.112556779763531       25.112556779763536        0.000000000000005
        0.800000000000000        0.700000000000000       41.008633498060617       41.008633498060626        0.000000000000009
        0.833333333333333        0.733333333333333       48.513734315448471       48.513734315448479        0.000000000000007
        0.866666666666667        0.766666666666667       48.513734315448479       48.513734315448481        0.000000000000002
        0.800000000000000        0.800000000000000       57.994965667344956       57.994965667344969        0.000000000000014
        0.833333333333333        0.833333333333333       54.110039613436021       54.110039613436032        0.000000000000011
        0.866666666666667        0.866666666666667       43.496224250508730       43.496224250508728        0.000000000000002
        0.800000000000000        0.900000000000000       41.008633498060637       41.008633498060631        0.000000000000006
        0.833333333333333        0.933333333333333       28.009417566418177       28.009417566418165        0.000000000000012
        0.866666666666667        0.966666666666667       12.999215931642481       12.999215931642470        0.000000000000010
        0.800000000000000        1.000000000000000        0.000000000000018        0.000000000000018        0.000000000000000
        0.833333333333333        1.033333333333333      -14.498741416836223      -14.498741416836213        0.000000000000009
        0.866666666666667        1.066666666666667      -25.112556779763525      -25.112556779763511        0.000000000000014
        0.900000000000000        0.000000000000000       41.008633498060637       41.008633498060649        0.000000000000012
        0.933333333333333        0.033333333333333       28.009417566418175       28.009417566418172        0.000000000000003
        0.966666666666667        0.066666666666667       12.999215931642479       12.999215931642470        0.000000000000009
        0.900000000000000        0.100000000000000       28.997482833672487       28.997482833672468        0.000000000000019
        0.933333333333333        0.133333333333333       14.498741416836247       14.498741416836228        0.000000000000019
        0.966666666666667        0.166666666666667        3.884926053908947        3.884926053908940        0.000000000000007
        0.900000000000000        0.200000000000000        0.000000000000003        0.000000000000000        0.000000000000002
        0.933333333333333        0.233333333333333       -7.505100817387850       -7.505100817387843        0.000000000000007
        0.966666666666667        0.266666666666667       -7.505100817387856       -7.505100817387848        0.000000000000008
        0.900000000000000        0.300000000000000      -28.997482833672483      -28.997482833672471        0.000000000000012
        0.933333333333333        0.333333333333333      -25.112556779763547      -25.112556779763532        0.000000000000014
        0.966666666666667        0.366666666666667      -14.498741416836254      -14.498741416836243        0.000000000000011
        0.900000000000000        0.400000000000000      -41.008633498060637      -41.008633498060625        0.000000000000011
        0.933333333333333        0.433333333333333      -28.009417566418176      -28.009417566418162        0.000000000000015
        0.966666666666667        0.466666666666667      -12.999215931642480      -12.999215931642471        0.000000000000008
        0.900000000000000        0.500000000000000      -28.997482833672490      -28.997482833672490        0.000000000000000
        0.933333333333333        0.533333333333333      -14.498741416836250      -14.498741416836248        0.000000000000002
        0.966666666666667        0.566666666666667       -3.884926053908949       -3.884926053908947        0.000000000000001
        0.900000000000000        0.600000000000000       -0.000000000000008       -0.000000000000006        0.000000000000001
        0.933333333333333        0.633333333333333        7.505100817387847        7.505100817387846        0.000000000000001
        0.966666666666667        0.666666666666667        7.505100817387854        7.505100817387850        0.000000000000004
        0.900000000000000        0.700000000000000       28.997482833672480       28.997482833672475        0.000000000000005
        0.933333333333333        0.733333333333333       25.112556779763545       25.112556779763533        0.000000000000012
        0.966666666666667        0.766666666666667       14.498741416836254       14.498741416836244        0.000000000000010
        0.900000000000000        0.800000000000000       41.008633498060637       41.008633498060631        0.000000000000006
        0.933333333333333        0.833333333333333       28.009417566418177       28.009417566418165        0.000000000000012
        0.966666666666667        0.866666666666667       12.999215931642481       12.999215931642470        0.000000000000010
        0.900000000000000        0.900000000000000       28.997482833672494       28.997482833672479        0.000000000000015
        0.933333333333333        0.933333333333333       14.498741416836253       14.498741416836238        0.000000000000015
        0.966666666666667        0.966666666666667        3.884926053908951        3.884926053908945        0.000000000000006
        0.900000000000000        1.000000000000000        0.000000000000013        0.000000000000013        0.000000000000000
        0.933333333333333        1.033333333333333       -7.505100817387843       -7.505100817387834        0.000000000000010
        0.966666666666667        1.066666666666667       -7.505100817387853       -7.505100817387843        0.000000000000010
        1.000000000000000        0.000000000000000        0.000000000000018        0.000000000000018        0.000000000000000
        1.033333333333333        0.033333333333333      -14.498741416836222      -14.498741416836217        0.000000000000005
        1.066666666666667        0.066666666666667      -25.112556779763522      -25.112556779763510        0.000000000000012
        1.000000000000000        0.100000000000000        0.000000000000013        0.000000000000013        0.000000000000000
        1.033333333333333        0.133333333333333       -7.505100817387840       -7.505100817387829        0.000000000000012
        1.066666666666667        0.166666666666667       -7.505100817387846       -7.505100817387833        0.000000000000012
        1.000000000000000        0.200000000000000        0.000000000000000        0.000000000000000        0.000000000000000
        1.033333333333333        0.233333333333333        3.884926053908936        3.884926053908932        0.000000000000005
        1.066666666666667        0.266666666666667       14.498741416836229       14.498741416836216        0.000000000000012
        1.000000000000000        0.300000000000000       -0.000000000000013       -0.000000000000013        0.000000000000000
        1.033333333333333        0.333333333333333       12.999215931642448       12.999215931642438        0.000000000000010
        1.066666666666667        0.366666666666667       28.009417566418145       28.009417566418129        0.000000000000015
        1.000000000000000        0.400000000000000       -0.000000000000018       -0.000000000000018        0.000000000000000
        1.033333333333333        0.433333333333333       14.498741416836222       14.498741416836211        0.000000000000011
        1.066666666666667        0.466666666666667       25.112556779763524       25.112556779763513        0.000000000000011
        1.000000000000000        0.500000000000000       -0.000000000000013       -0.000000000000013        0.000000000000000
        1.033333333333333        0.533333333333333        7.505100817387842        7.505100817387839        0.000000000000003
        1.066666666666667        0.566666666666667        7.505100817387849        7.505100817387848        0.000000000000001
        1.000000000000000        0.600000000000000       -0.000000000000000       -0.000000000000000        0.000000000000000
        1.033333333333333        0.633333333333333       -3.884926053908935       -3.884926053908933        0.000000000000001
        1.066666666666667        0.666666666666667      -14.498741416836226      -14.498741416836221        0.000000000000004
        1.000000000000000        0.700000000000000        0.000000000000013        0.000000000000013        0.000000000000000
        1.033333333333333        0.733333333333333      -12.999215931642447      -12.999215931642438        0.000000000000009
        1.066666666666667        0.766666666666667      -28.009417566418144      -28.009417566418131        0.000000000000013
        1.000000000000000        0.800000000000000        0.000000000000018        0.000000000000018        0.000000000000000
        1.033333333333333        0.833333333333333      -14.498741416836223      -14.498741416836213        0.000000000000009
        1.066666666666667        0.866666666666667      -25.112556779763525      -25.112556779763511        0.000000000000014
        1.000000000000000        0.900000000000000        0.000000000000013        0.000000000000013        0.000000000000000
        1.033333333333333        0.933333333333333       -7.505100817387843       -7.505100817387834        0.000000000000010
        1.066666666666667        0.966666666666667       -7.505100817387853       -7.505100817387843        0.000000000000010
        1.000000000000000        1.000000000000000        0.000000000000000        0.000000000000000        0.000000000000000
        1.033333333333333        1.033333333333333        3.884926053908933        3.884926053908927        0.000000000000006
        1.066666666666667        1.066666666666667       14.498741416836222       14.498741416836207        0.000000000000015
