        0.000000000000000        0.000000000000000       59.627356492740735       59.627356492740801        0.000000000000067
        0.033333333333333        0.033333333333333       55.633080987982600       55.633080987982647        0.000000000000047
        0.066666666666667        0.066666666666667       44.720517369555552       44.720517369555558        0.000000000000006
        0.000000000000000        0.100000000000000       42.162908120244688       42.162908120244695        0.000000000000007
        0.033333333333333        0.133333333333333       28.797801794841720       28.797801794841709        0.000000000000011
        0.066666666666667        0.166666666666667       13.365106325402972       13.365106325402958        0.000000000000014
        0.000000000000000        0.200000000000000        0.000000000000004        0.000000000000000        0.000000000000003
        0.033333333333333        0.233333333333333      -14.906839123185180      -14.906839123185179        0.000000000000000
        0.066666666666667        0.266666666666667      -25.819402741612229      -25.819402741612222        0.000000000000007
        0.000000000000000        0.300000000000000      -42.162908120244683      -42.162908120244700        0.000000000000018
        0.033333333333333        0.333333333333333      -49.879255854964058      -49.879255854964077        0.000000000000019
        0.066666666666667        0.366666666666667      -49.879255854964060      -49.879255854964062        0.000000000000002
        0.000000000000000        0.400000000000000      -59.627356492740735      -59.627356492740767        0.000000000000032
        0.033333333333333        0.433333333333333      -55.633080987982601      -55.633080987982626        0.000000000000024
        0.066666666666667        0.466666666666667      -44.720517369555555      -44.720517369555563        0.000000000000008
        0.000000000000000        0.500000000000000      -42.162908120244693      -42.162908120244727        0.000000000000034
        0.033333333333333        0.533333333333333      -28.797801794841726      -28.797801794841749        0.000000000000023
        0.066666666666667        0.566666666666667      -13.365106325402978      -13.365106325402984        0.000000000000006
        0.000000000000000        0.600000000000000       -0.000000000000011       -0.000000000000009        0.000000000000002
        0.033333333333333        0.633333333333333       14.906839123185173       14.906839123185186        0.000000000000013
        0.066666666666667        0.666666666666667       25.819402741612223       25.819402741612231        0.000000000000008
        0.000000000000000        0.700000000000000       42.162908120244677       42.162908120244705        0.000000000000028
        0.033333333333333        0.733333333333333       49.879255854964054       49.879255854964078        0.000000000000024
        0.066666666666667        0.766666666666667       49.879255854964058       49.879255854964065        0.000000000000007
        0.000000000000000        0.800000000000000       59.627356492740735       59.627356492740775        0.000000000000040
        0.033333333333333        0.833333333333333       55.633080987982603       55.633080987982633        0.000000000000029
        0.066666666666667        0.866666666666667       44.720517369555558       44.720517369555560        0.000000000000002
        0.000000000000000        0.900000000000000       42.162908120244698       42.162908120244711        0.000000000000013
        0.033333333333333        0.933333333333333       28.797801794841732       28.797801794841729        0.000000000000003
        0.066666666666667        0.966666666666667       13.365106325402984       13.365106325402975        0.000000000000009
        0.000000000000000        1.000000000000000        0.000000000000018        0.000000000000018        0.000000000000000
        0.033333333333333        1.033333333333333      -14.906839123185166      -14.906839123185161        0.000000000000005
        0.066666666666667        1.066666666666667      -25.819402741612218      -25.819402741612206        0.000000000000012
        0.100000000000000        0.000000000000000       42.162908120244688       42.162908120244695        0.000000000000007
        0.133333333333333        0.033333333333333       28.797801794841720       28.797801794841709        0.000000000000011
        0.166666666666667        0.066666666666667       13.365106325402972       13.365106325402958        0.000000000000014
        0.100000000000000        0.100000000000000       29.813678246370369       29.813678246370346        0.000000000000023
        0.133333333333333        0.133333333333333       14.906839123185186       14.906839123185162        0.000000000000024
        0.166666666666667        0.166666666666667        3.994275504758137        3.994275504758128        0.000000000000009
        0.100000000000000        0.200000000000000        0.000000000000003        0.000000000000000        0.000000000000002
        0.133333333333333        0.233333333333333       -7.716347734719373       -7.716347734719363        0.000000000000010
        0.166666666666667        0.266666666666667       -7.716347734719375       -7.716347734719364        0.000000000000011
        0.100000000000000        0.300000000000000      -29.813678246370365      -29.813678246370350        0.000000000000016
        0.133333333333333        0.333333333333333      -25.819402741612232      -25.819402741612211        0.000000000000022
        0.166666666666667        0.366666666666667      -14.906839123185186      -14.906839123185169        0.000000000000017
        0.100000000000000        0.400000000000000      -42.162908120244688      -42.162908120244670        0.000000000000017
        0.133333333333333        0.433333333333333      -28.797801794841720      -28.797801794841698        0.000000000000023
        0.166666666666667        0.466666666666667      -13.365106325402973      -13.365106325402959        0.000000000000013
        0.100000000000000        0.500000000000000      -29.813678246370373      -29.813678246370369        0.000000000000004
        0.133333333333333        0.533333333333333      -14.906839123185189      -14.906839123185183        0.000000000000006
        0.166666666666667        0.566666666666667       -3.994275504758139       -3.994275504758136        0.000000000000003
        0.100000000000000        0.600000000000000       -0.000000000000008       -0.000000000000007        0.000000000000001
        0.133333333333333        0.633333333333333        7.716347734719369        7.716347734719366        0.000000000000003
        0.166666666666667        0.666666666666667        7.716347734719373        7.716347734719366        0.000000000000007
        0.100000000000000        0.700000000000000       29.813678246370362       29.813678246370353        0.000000000000009
        0.133333333333333        0.733333333333333       25.819402741612231       25.819402741612211        0.000000000000019
        0.166666666666667        0.766666666666667       14.906839123185186       14.906839123185170        0.000000000000015
        0.100000000000000        0.800000000000000       42.162908120244688       42.162908120244676        0.000000000000011
        0.133333333333333        0.833333333333333       28.797801794841721       28.797801794841701        0.000000000000020
        0.166666666666667        0.866666666666667       13.365106325402974       13.365106325402959        0.000000000000015
        0.100000000000000        0.900000000000000       29.813678246370376       29.813678246370357        0.000000000000019
        0.133333333333333        0.933333333333333       14.906839123185192       14.906839123185172        0.000000000000020
        0.166666666666667        0.966666666666667        3.994275504758140        3.994275504758133        0.000000000000007
        0.100000000000000        1.000000000000000        0.000000000000013        0.000000000000013        0.000000000000000
        0.133333333333333        1.033333333333333       -7.716347734719366       -7.716347734719354        0.000000000000012
        0.166666666666667        1.066666666666667       -7.716347734719371       -7.716347734719359        0.000000000000013
        0.200000000000000        0.000000000000000        0.000000000000004        0.000000000000000        0.000000000000003
        0.233333333333333        0.033333333333333      -14.906839123185180      -14.906839123185179        0.000000000000000
        0.266666666666667        0.066666666666667      -25.819402741612229      -25.819402741612222        0.000000000000007
        0.200000000000000        0.100000000000000        0.000000000000003        0.000000000000000        0.000000000000002
        0.233333333333333        0.133333333333333       -7.716347734719373       -7.716347734719363        0.000000000000010
        0.266666666666667        0.166666666666667       -7.716347734719375       -7.716347734719364        0.000000000000011
        0.200000000000000        0.200000000000000        0.000000000000000        0.000000000000000        0.000000000000000
        0.233333333333333        0.233333333333333        3.994275504758133        3.994275504758129        0.000000000000004
        0.266666666666667        0.266666666666667       14.906839123185179       14.906839123185170        0.000000000000009
        0.200000000000000        0.300000000000000       -0.000000000000003       -0.000000000000000        0.000000000000002
        0.233333333333333        0.333333333333333       13.365106325402965       13.365106325402958        0.000000000000007
        0.266666666666667        0.366666666666667       28.797801794841713       28.797801794841703        0.000000000000010
        0.200000000000000        0.400000000000000       -0.000000000000004       -0.000000000000000        0.000000000000003
        0.233333333333333        0.433333333333333       14.906839123185180       14.906839123185174        0.000000000000007
        0.266666666666667        0.466666666666667       25.819402741612231       25.819402741612225        0.000000000000005
        0.200000000000000        0.500000000000000       -0.000000000000003       -0.000000000000000        0.000000000000002
        0.233333333333333        0.533333333333333        7.716347734719374        7.716347734719374        0.000000000000001
        0.266666666666667        0.566666666666667        7.716347734719378        7.716347734719379        0.000000000000001
        0.200000000000000        0.600000000000000       -0.000000000000000       -0.000000000000000        0.000000000000000
        0.233333333333333        0.633333333333333       -3.994275504758131       -3.994275504758131        0.000000000000000
        0.266666666666667        0.666666666666667      -14.906839123185176      -14.906839123185175        0.000000000000001
        0.200000000000000        0.700000000000000        0.000000000000003        0.000000000000000        0.000000000000002
        0.233333333333333        0.733333333333333      -13.365106325402964      -13.365106325402958        0.000000000000005
        0.266666666666667        0.766666666666667      -28.797801794841712      -28.797801794841705        0.000000000000007
        0.200000000000000        0.800000000000000        0.000000000000004        0.000000000000000        0.000000000000003
        0.233333333333333        0.833333333333333      -14.906839123185181      -14.906839123185175        0.000000000000005
        0.266666666666667        0.866666666666667      -25.819402741612232      -25.819402741612224        0.000000000000009
        0.200000000000000        0.900000000000000        0.000000000000003        0.000000000000000        0.000000000000002
        0.233333333333333        0.933333333333333       -7.716347734719376       -7.716347734719368        0.000000000000008
        0.266666666666667        0.966666666666667       -7.716347734719382       -7.716347734719373        0.000000000000008
        0.200000000000000        1.000000000000000        0.000000000000000        0.000000000000000        0.000000000000000
        0.233333333333333        1.033333333333333        3.994275504758129        3.994275504758125        0.000000000000005
        0.266666666666667        1.066666666666667       14.906839123185173       14.906839123185160        0.000000000000013
        0.300000000000000        0.000000000000000      -42.162908120244683      -42.162908120244700        0.000000000000018
        0.333333333333333        0.033333333333333      -49.879255854964058      -49.879255854964077        0.000000000000019
        0.366666666666667        0.066666666666667      -49.879255854964060      -49.879255854964062        0.000000000000002
        0.300000000000000        0.100000000000000      -29.813678246370365      -29.813678246370350        0.000000000000016
        0.333333333333333        0.133333333333333      -25.819402741612232      -25.819402741612211        0.000000000000022
        0.366666666666667        0.166666666666667      -14.906839123185186      -14.906839123185169        0.000000000000017
        0.300000000000000        0.200000000000000       -0.000000000000003       -0.000000000000000        0.000000000000002
        0.333333333333333        0.233333333333333       13.365106325402965       13.365106325402958        0.000000000000007
        0.366666666666667        0.266666666666667       28.797801794841713       28.797801794841703        0.000000000000010
        0.300000000000000        0.300000000000000       29.813678246370362       29.813678246370353        0.000000000000009
        0.333333333333333        0.333333333333333       44.720517369555546       44.720517369555542        0.000000000000004
        0.366666666666667        0.366666666666667       55.633080987982596       55.633080987982594        0.000000000000002
        0.300000000000000        0.400000000000000       42.162908120244683       42.162908120244676        0.000000000000007
        0.333333333333333        0.433333333333333       49.879255854964060       49.879255854964058        0.000000000000002
        0.366666666666667        0.466666666666667       49.879255854964063       49.879255854964068        0.000000000000004
        0.300000000000000        0.500000000000000       29.813678246370369       29.813678246370372        0.000000000000003
        0.333333333333333        0.533333333333333       25.819402741612238       25.819402741612246        0.000000000000009
        0.366666666666667        0.566666666666667       14.906839123185193       14.906839123185198        0.000000000000006
        0.300000000000000        0.600000000000000        0.000000000000008        0.000000000000007        0.000000000000001
        0.333333333333333        0.633333333333333      -13.365106325402959      -13.365106325402964        0.000000000000005
        0.366666666666667        0.666666666666667      -28.797801794841706      -28.797801794841713        0.000000000000006
        0.300000000000000        0.700000000000000      -29.813678246370358      -29.813678246370357        0.000000000000001
        0.333333333333333        0.733333333333333      -44.720517369555543      -44.720517369555543        0.000000000000000
        0.366666666666667        0.766666666666667      -55.633080987982594      -55.633080987982597        0.000000000000003
        0.300000000000000        0.800000000000000      -42.162908120244683      -42.162908120244682        0.000000000000001
        0.333333333333333        0.833333333333333      -49.879255854964061      -49.879255854964064        0.000000000000003
        0.366666666666667        0.866666666666667      -49.879255854964067      -49.879255854964065        0.000000000000002
        0.300000000000000        0.900000000000000      -29.813678246370373      -29.813678246370361        0.000000000000012
        0.333333333333333        0.933333333333333      -25.819402741612243      -25.819402741612228        0.000000000000015
        0.366666666666667        0.966666666666667      -14.906839123185200      -14.906839123185188        0.000000000000012
        0.300000000000000        1.000000000000000       -0.000000000000013       -0.000000000000013        0.000000000000000
        0.333333333333333        1.033333333333333       13.365106325402952       13.365106325402942        0.000000000000011
        0.366666666666667        1.066666666666667       28.797801794841700       28.797801794841684        0.000000000000016
        0.400000000000000        0.000000000000000      -59.627356492740735      -59.627356492740767        0.000000000000032
        0.433333333333333        0.033333333333333      -55.633080987982601      -55.633080987982626        0.000000000000024
        0.466666666666667        0.066666666666667      -44.720517369555555      -44.720517369555563        0.000000000000008
        0.400000000000000        0.100000000000000      -42.162908120244688      -42.162908120244670        0.000000000000017
        0.433333333333333        0.133333333333333      -28.797801794841720      -28.797801794841698        0.000000000000023
        0.466666666666667        0.166666666666667      -13.365106325402973      -13.365106325402959        0.000000000000013
        0.400000000000000        0.200000000000000       -0.000000000000004       -0.000000000000000        0.000000000000003
        0.433333333333333        0.233333333333333       14.906839123185180       14.906839123185174        0.000000000000007
        0.466666666666667        0.266666666666667       25.819402741612231       25.819402741612225        0.000000000000005
        0.400000000000000        0.300000000000000       42.162908120244683       42.162908120244676        0.000000000000007
        0.433333333333333        0.333333333333333       49.879255854964060       49.879255854964058        0.000000000000002
        0.466666666666667        0.366666666666667       49.879255854964063       49.879255854964068        0.000000000000004
        0.400000000000000        0.400000000000000       59.627356492740735       59.627356492740732        0.000000000000003
        0.433333333333333        0.433333333333333       55.633080987982603       55.633080987982604        0.000000000000001
        0.466666666666667        0.466666666666667       44.720517369555558       44.720517369555568        0.000000000000009
        0.400000000000000        0.500000000000000       42.162908120244693       42.162908120244702        0.000000000000010
        0.433333333333333        0.533333333333333       28.797801794841727       28.797801794841738        0.000000000000011
        0.466666666666667        0.566666666666667       13.365106325402979       13.365106325402985        0.000000000000007
        0.400000000000000        0.600000000000000        0.000000000000011        0.000000000000009        0.000000000000002
        0.433333333333333        0.633333333333333      -14.906839123185173      -14.906839123185180        0.000000000000007
        0.466666666666667        0.666666666666667      -25.819402741612225      -25.819402741612234        0.000000000000009
        0.400000000000000        0.700000000000000      -42.162908120244677      -42.162908120244681        0.000000000000003
        0.433333333333333        0.733333333333333      -49.879255854964056      -49.879255854964059        0.000000000000003
        0.466666666666667        0.766666666666667      -49.879255854964062      -49.879255854964071        0.000000000000009
        0.400000000000000        0.800000000000000      -59.627356492740735      -59.627356492740740        0.000000000000006
        0.433333333333333        0.833333333333333      -55.633080987982605      -55.633080987982611        0.000000000000006
        0.466666666666667        0.866666666666667      -44.720517369555562      -44.720517369555565        0.000000000000004
        0.400000000000000        0.900000000000000      -42.162908120244698      -42.162908120244686        0.000000000000012
        0.433333333333333        0.933333333333333      -28.797801794841733      -28.797801794841718        0.000000000000015
        0.466666666666667        0.966666666666667      -13.365106325402985      -13.365106325402976        0.000000000000009
        0.400000000000000        1.000000000000000       -0.000000000000018       -0.000000000000018        0.000000000000000
        0.433333333333333        1.033333333333333       14.906839123185167       14.906839123185155        0.000000000000011
        0.466666666666667        1.066666666666667       25.819402741612220       25.819402741612209        0.000000000000011
        0.500000000000000        0.000000000000000      -42.162908120244693      -42.162908120244727        0.000000000000034
        0.533333333333333        0.033333333333333      -28.797801794841726      -28.797801794841749        0.000000000000023
        0.566666666666667        0.066666666666667      -13.365106325402978      -13.365106325402984        0.000000000000006
        0.500000000000000        0.100000000000000      -29.813678246370373      -29.813678246370369        0.000000000000004
        0.533333333333333        0.133333333333333      -14.906839123185189      -14.906839123185183        0.000000000000006
        0.566666666666667        0.166666666666667       -3.994275504758139       -3.994275504758136        0.000000000000003
        0.500000000000000        0.200000000000000       -0.000000000000003       -0.000000000000000        0.000000000000002
        0.533333333333333        0.233333333333333        7.716347734719374        7.716347734719374        0.000000000000001
        0.566666666666667        0.266666666666667        7.716347734719378        7.716347734719379        0.000000000000001
        0.500000000000000        0.300000000000000       29.813678246370369       29.813678246370372        0.000000000000003
        0.533333333333333        0.333333333333333       25.819402741612238       25.819402741612246        0.000000000000009
        0.566666666666667        0.366666666666667       14.906839123185193       14.906839123185198        0.000000000000006
        0.500000000000000        0.400000000000000       42.162908120244693       42.162908120244702        0.000000000000010
        0.533333333333333        0.433333333333333       28.797801794841727       28.797801794841738        0.000000000000011
        0.566666666666667        0.466666666666667       13.365106325402979       13.365106325402985        0.000000000000007
        0.500000000000000        0.500000000000000       29.813678246370376       29.813678246370391        0.000000000000015
        0.533333333333333        0.533333333333333       14.906839123185192       14.906839123185203        0.000000000000011
        0.566666666666667        0.566666666666667        3.994275504758140        3.994275504758144        0.000000000000003
        0.500000000000000        0.600000000000000        0.000000000000008        0.000000000000007        0.000000000000001
        0.533333333333333        0.633333333333333       -7.716347734719371       -7.716347734719377        0.000000000000006
        0.566666666666667        0.666666666666667       -7.716347734719376       -7.716347734719381        0.000000000000005
        0.500000000000000        0.700000000000000      -29.813678246370365      -29.813678246370376        0.000000000000010
        0.533333333333333        0.733333333333333      -25.819402741612236      -25.819402741612247        0.000000000000011
        0.566666666666667        0.766666666666667      -14.906839123185192      -14.906839123185199        0.000000000000007
        0.500000000000000        0.800000000000000      -42.162908120244693      -42.162908120244708        0.000000000000015
        0.533333333333333        0.833333333333333      -28.797801794841728      -28.797801794841741        0.000000000000014
        0.566666666666667        0.866666666666667      -13.365106325402980      -13.365106325402985        0.000000000000005
        0.500000000000000        0.900000000000000      -29.813678246370380      -29.813678246370380        0.000000000000000
        0.533333333333333        0.933333333333333      -14.906839123185195      -14.906839123185193        0.000000000000002
        0.566666666666667        0.966666666666667       -3.994275504758142       -3.994275504758141        0.000000000000001
        0.500000000000000        1.000000000000000       -0.000000000000013       -0.000000000000013        0.000000000000000
        0.533333333333333        1.033333333333333        7.716347734719367        7.716347734719364        0.000000000000003
        0.566666666666667        1.066666666666667        7.716347734719375        7.716347734719374        0.000000000000001
        0.600000000000000        0.000000000000000       -0.000000000000011       -0.000000000000009        0.000000000000002
        0.633333333333333        0.033333333333333       14.906839123185173       14.906839123185186        0.000000000000013
        0.666666666666667        0.066666666666667       25.819402741612223       25.819402741612231        0.000000000000008
        0.600000000000000        0.100000000000000       -0.000000000000008       -0.000000000000007        0.000000000000001
        0.633333333333333        0.133333333333333        7.716347734719369        7.716347734719366        0.000000000000003
        0.666666666666667        0.166666666666667        7.716347734719373        7.716347734719366        0.000000000000007
        0.600000000000000        0.200000000000000       -0.000000000000000       -0.000000000000000        0.000000000000000
        0.633333333333333        0.233333333333333       -3.994275504758131       -3.994275504758131        0.000000000000000
        0.666666666666667        0.266666666666667      -14.906839123185176      -14.906839123185175        0.000000000000001
        0.600000000000000        0.300000000000000        0.000000000000008        0.000000000000007        0.000000000000001
        0.633333333333333        0.333333333333333      -13.365106325402959      -13.365106325402964        0.000000000000005
        0.666666666666667        0.366666666666667      -28.797801794841706      -28.797801794841713        0.000000000000006
        0.600000000000000        0.400000000000000        0.000000000000011        0.000000000000009        0.000000000000002
        0.633333333333333        0.433333333333333      -14.906839123185173      -14.906839123185180        0.000000000000007
        0.666666666666667        0.466666666666667      -25.819402741612225      -25.819402741612234        0.000000000000009
        0.600000000000000        0.500000000000000        0.000000000000008        0.000000000000007        0.000000000000001
        0.633333333333333        0.533333333333333       -7.716347734719371       -7.716347734719377        0.000000000000006
        0.666666666666667        0.566666666666667       -7.716347734719376       -7.716347734719381        0.000000000000005
        0.600000000000000        0.600000000000000        0.000000000000000        0.000000000000000        0.000000000000000
        0.633333333333333        0.633333333333333        3.994275504758129        3.994275504758133        0.000000000000004
        0.666666666666667        0.666666666666667       14.906839123185173       14.906839123185180        0.000000000000007
        0.600000000000000        0.700000000000000       -0.000000000000008       -0.000000000000007        0.000000000000001
        0.633333333333333        0.733333333333333       13.365106325402958       13.365106325402964        0.000000000000007
        0.666666666666667        0.766666666666667       28.797801794841705       28.797801794841714        0.000000000000009
        0.600000000000000        0.800000000000000       -0.000000000000011       -0.000000000000009        0.000000000000002
        0.633333333333333        0.833333333333333       14.906839123185174       14.906839123185182        0.000000000000008
        0.666666666666667        0.866666666666667       25.819402741612227       25.819402741612232        0.000000000000005
        0.600000000000000        0.900000000000000       -0.000000000000008       -0.000000000000007        0.000000000000001
        0.633333333333333        0.933333333333333        7.716347734719372        7.716347734719372        0.000000000000001
        0.666666666666667        0.966666666666667        7.716347734719380        7.716347734719376        0.000000000000004
        0.600000000000000        1.000000000000000       -0.000000000000000       -0.000000000000000        0.000000000000000
        0.633333333333333        1.033333333333333       -3.994275504758128       -3.994275504758126        0.000000000000001
        0.666666666666667        1.066666666666667      -14.906839123185170      -14.906839123185166        0.000000000000004
        0.700000000000000        0.000000000000000       42.162908120244677       42.162908120244705        0.000000000000028
        0.733333333333333        0.033333333333333       49.879255854964054       49.879255854964078        0.000000000000024
        0.766666666666667        0.066666666666667       49.879255854964058       49.879255854964065        0.000000000000007
        0.700000000000000        0.100000000000000       29.813678246370362       29.813678246370353        0.000000000000009
        0.733333333333333        0.133333333333333       25.819402741612231       25.819402741612211        0.000000000000019
        0.766666666666667        0.166666666666667       14.906839123185186       14.906839123185170        0.000000000000015
        0.700000000000000        0.200000000000000        0.000000000000003        0.000000000000000        0.000000000000002
        0.733333333333333        0.233333333333333      -13.365106325402964      -13.365106325402958        0.000000000000005
        0.766666666666667        0.266666666666667      -28.797801794841712      -28.797801794841705        0.000000000000007
        0.700000000000000        0.300000000000000      -29.813678246370358      -29.813678246370357        0.000000000000001
        0.733333333333333        0.333333333333333      -44.720517369555543      -44.720517369555543        0.000000000000000
        0.766666666666667        0.366666666666667      -55.633080987982594      -55.633080987982597        0.000000000000003
        0.700000000000000        0.400000000000000      -42.162908120244677      -42.162908120244681        0.000000000000003
        0.733333333333333        0.433333333333333      -49.879255854964056      -49.879255854964059        0.000000000000003
        0.766666666666667        0.466666666666667      -49.879255854964062      -49.879255854964071        0.000000000000009
        0.700000000000000        0.500000000000000      -29.813678246370365      -29.813678246370376        0.000000000000010
        0.733333333333333        0.533333333333333      -25.819402741612236      -25.819402741612247        0.000000000000011
        0.766666666666667        0.566666666666667      -14.906839123185192      -14.906839123185199        0.000000000000007
        0.700000000000000        0.600000000000000       -0.000000000000008       -0.000000000000007        0.000000000000001
        0.733333333333333        0.633333333333333       13.365106325402958       13.365106325402964        0.000000000000007
        0.766666666666667        0.666666666666667       28.797801794841705       28.797801794841714        0.000000000000009
        0.700000000000000        0.700000000000000       29.813678246370355       29.813678246370360        0.000000000000006
        0.733333333333333        0.733333333333333       44.720517369555539       44.720517369555544        0.000000000000004
        0.766666666666667        0.766666666666667       55.633080987982592       55.633080987982601        0.000000000000008
        0.700000000000000        0.800000000000000       42.162908120244677       42.162908120244686        0.000000000000009
        0.733333333333333        0.833333333333333       49.879255854964058       49.879255854964065        0.000000000000008
        0.766666666666667        0.866666666666667       49.879255854964065       49.879255854964068        0.000000000000003
        0.700000000000000        0.900000000000000       29.813678246370369       29.813678246370364        0.000000000000005
        0.733333333333333        0.933333333333333       25.819402741612241       25.819402741612229        0.000000000000012
        0.766666666666667        0.966666666666667       14.906839123185199       14.906839123185189        0.000000000000010
        0.700000000000000        1.000000000000000        0.000000000000013        0.000000000000013        0.000000000000000
        0.733333333333333        1.033333333333333      -13.365106325402951      -13.365106325402942        0.000000000000009
        0.766666666666667        1.066666666666667      -28.797801794841699      -28.797801794841686        0.000000000000013
        0.800000000000000        0.000000000000000       59.627356492740735       59.627356492740775        0.000000000000040
        0.833333333333333        0.033333333333333       55.633080987982603       55.633080987982633        0.000000000000029
        0.866666666666667        0.066666666666667       44.720517369555558       44.720517369555560        0.000000000000002
        0.800000000000000        0.100000000000000       42.162908120244688       42.162908120244676        0.000000000000011
        0.833333333333333        0.133333333333333       28.797801794841721       28.797801794841701        0.000000000000020
        0.866666666666667        0.166666666666667       13.365106325402974       13.365106325402959        0.000000000000015
        0.800000000000000        0.200000000000000        0.000000000000004        0.000000000000000        0.000000000000003
        0.833333333333333        0.233333333333333      -14.906839123185181      -14.906839123185175        0.000000000000005
        0.866666666666667        0.266666666666667      -25.819402741612232      -25.819402741612224        0.000000000000009
        0.800000000000000        0.300000000000000      -42.162908120244683      -42.162908120244682        0.000000000000001
        0.833333333333333        0.333333333333333      -49.879255854964061      -49.879255854964064        0.000000000000003
        0.866666666666667        0.366666666666667      -49.879255854964067      -49.879255854964065        0.000000000000002
        0.800000000000000        0.400000000000000      -59.627356492740735      -59.627356492740740        0.000000000000006
        0.833333333333333        0.433333333333333      -55.633080987982605      -55.633080987982611        0.000000000000006
        0.866666666666667        0.466666666666667      -44.720517369555562      -44.720517369555565        0.000000000000004
        0.800000000000000        0.500000000000000      -42.162908120244693      -42.162908120244708        0.000000000000015
        0.833333333333333        0.533333333333333      -28.797801794841728      -28.797801794841741        0.000000000000014
        0.866666666666667        0.566666666666667      -13.365106325402980      -13.365106325402985        0.000000000000005
        0.800000000000000        0.600000000000000       -0.000000000000011       -0.000000000000009        0.000000000000002
        0.833333333333333        0.633333333333333       14.906839123185174       14.906839123185182        0.000000000000008
        0.866666666666667        0.666666666666667       25.819402741612227       25.819402741612232        0.000000000000005
        0.800000000000000        0.700000000000000       42.162908120244677       42.162908120244687        0.000000000000009
        0.833333333333333        0.733333333333333       49.879255854964058       49.879255854964065        0.000000000000008
        0.866666666666667        0.766666666666667       49.879255854964065       49.879255854964068        0.000000000000003
        0.800000000000000        0.800000000000000       59.627356492740735       59.627356492740749        0.000000000000014
        0.833333333333333        0.833333333333333       55.633080987982607       55.633080987982618        0.000000000000011
        0.866666666666667        0.866666666666667       44.720517369555565       44.720517369555563        0.000000000000002
        0.800000000000000        0.900000000000000       42.162908120244698       42.162908120244692        0.000000000000006
        0.833333333333333        0.933333333333333       28.797801794841734       28.797801794841721        0.000000000000012
        0.866666666666667        0.966666666666667       13.365106325402986       13.365106325402975        0.000000000000010
        0.800000000000000        1.000000000000000        0.000000000000018        0.000000000000018        0.000000000000000
        0.833333333333333        1.033333333333333      -14.906839123185167      -14.906839123185157        0.000000000000010
        0.866666666666667        1.066666666666667      -25.819402741612221      -25.819402741612207        0.000000000000014
        0.900000000000000        0.000000000000000       42.162908120244698       42.162908120244711        0.000000000000013
        0.933333333333333        0.033333333333333       28.797801794841732       28.797801794841729        0.000000000000003
        0.966666666666667        0.066666666666667       13.365106325402984       13.365106325402975        0.000000000000009
        0.900000000000000        0.100000000000000       29.813678246370376       29.813678246370357        0.000000000000019
        0.933333333333333        0.133333333333333       14.906839123185192       14.906839123185172        0.000000000000020
        0.966666666666667        0.166666666666667        3.994275504758140        3.994275504758133        0.000000000000007
        0.900000000000000        0.200000000000000        0.000000000000003        0.000000000000000        0.000000000000002
        0.933333333333333        0.233333333333333       -7.716347734719376       -7.716347734719368        0.000000000000008
        0.966666666666667        0.266666666666667       -7.716347734719382       -7.716347734719373        0.000000000000008
        0.900000000000000        0.300000000000000      -29.813678246370373      -29.813678246370361        0.000000000000012
        0.933333333333333        0.333333333333333      -25.819402741612243      -25.819402741612228        0.000000000000015
        0.966666666666667        0.366666666666667      -14.906839123185200      -14.906839123185188        0.000000000000012
        0.900000000000000        0.400000000000000      -42.162908120244698      -42.162908120244686        0.000000000000012
        0.933333333333333        0.433333333333333      -28.797801794841733      -28.797801794841718        0.000000000000015
        0.966666666666667        0.466666666666667      -13.365106325402985      -13.365106325402976        0.000000000000009
        0.900000000000000        0.500000000000000      -29.813678246370380      -29.813678246370380        0.000000000000000
        0.933333333333333        0.533333333333333      -14.906839123185195      -14.906839123185193        0.000000000000002
        0.966666666666667        0.566666666666667       -3.994275504758142       -3.994275504758141        0.000000000000001
        0.900000000000000        0.600000000000000       -0.000000000000008       -0.000000000000007        0.000000000000001
        0.933333333333333        0.633333333333333        7.716347734719372        7.716347734719372        0.000000000000001
        0.966666666666667        0.666666666666667        7.716347734719380        7.716347734719376        0.000000000000004
        0.900000000000000        0.700000000000000       29.813678246370369       29.813678246370364        0.000000000000005
        0.933333333333333        0.733333333333333       25.819402741612241       25.819402741612229        0.000000000000012
        0.966666666666667        0.766666666666667       14.906839123185199       14.906839123185189        0.000000000000010
        0.900000000000000        0.800000000000000       42.162908120244698       42.162908120244692        0.000000000000006
        0.933333333333333        0.833333333333333       28.797801794841734       28.797801794841721        0.000000000000012
        0.966666666666667        0.866666666666667       13.365106325402986       13.365106325402975        0.000000000000010
        0.900000000000000        0.900000000000000       29.813678246370384       29.813678246370368        0.000000000000015
        0.933333333333333        0.933333333333333       14.906839123185198       14.906839123185183        0.000000000000016
        0.966666666666667        0.966666666666667        3.994275504758144        3.994275504758138        0.000000000000006
        0.900000000000000        1.000000000000000        0.000000000000013        0.000000000000013        0.000000000000000
        0.933333333333333        1.033333333333333       -7.716347734719369       -7.716347734719359        0.000000000000010
        0.966666666666667        1.066666666666667       -7.716347734719378       -7.716347734719368        0.000000000000010
        1.000000000000000        0.000000000000000        0.000000000000018        0.000000000000018        0.000000000000000
        1.033333333333333        0.033333333333333      -14.906839123185166      -14.906839123185161        0.000000000000005
        1.066666666666667        0.066666666666667      -25.819402741612218      -25.819402741612206        0.000000000000012
        1.000000000000000        0.100000000000000        0.000000000000013        0.000000000000013        0.000000000000000
        1.033333333333333        0.133333333333333       -7.716347734719366       -7.716347734719354        0.000000000000012
        1.066666666666667        0.166666666666667       -7.716347734719371       -7.716347734719359        0.000000000000013
        1.000000000000000        0.200000000000000        0.000000000000000        0.000000000000000        0.000000000000000
        1.033333333333333        0.233333333333333        3.994275504758129        3.994275504758125        0.000000000000005
        1.066666666666667        0.266666666666667       14.906839123185173       14.906839123185160        0.000000000000013
        1.000000000000000        0.300000000000000       -0.000000000000013       -0.000000000000013        0.000000000000000
        1.033333333333333        0.333333333333333       13.365106325402952       13.365106325402942        0.000000000000011
        1.066666666666667        0.366666666666667       28.797801794841700       28.797801794841684        0.000000000000016
        1.000000000000000        0.400000000000000       -0.000000000000018       -0.000000000000018        0.000000000000000
        1.033333333333333        0.433333333333333       14.906839123185167       14.906839123185155        0.000000000000011
        1.066666666666667        0.466666666666667       25.819402741612220       25.819402741612209        0.000000000000011
        1.000000000000000        0.500000000000000       -0.000000000000013       -0.000000000000013        0.000000000000000
        1.033333333333333        0.533333333333333        7.716347734719367        7.716347734719364        0.000000000000003
        1.066666666666667        0.566666666666667        7.716347734719375        7.716347734719374        0.000000000000001
        1.000000000000000        0.600000000000000       -0.000000000000000       -0.000000000000000        0.000000000000000
        1.033333333333333        0.633333333333333       -3.994275504758128       -3.994275504758126        0.000000000000001
        1.066666666666667        0.666666666666667      -14.906839123185170      -14.906839123185166        0.000000000000004
        1.000000000000000        0.700000000000000        0.000000000000013        0.000000000000013        0.000000000000000
        1.033333333333333        0.733333333333333      -13.365106325402951      -13.365106325402942        0.000000000000009
        1.066666666666667        0.766666666666667      -28.797801794841699      -28.797801794841686        0.000000000000013
        1.000000000000000        0.800000000000000        0.000000000000018        0.000000000000018        0.000000000000000
        1.033333333333333        0.833333333333333      -14.906839123185167      -14.906839123185157        0.000000000000010
        1.066666666666667        0.866666666666667      -25.819402741612221      -25.819402741612207        0.000000000000014
        1.000000000000000        0.900000000000000        0.000000000000013        0.000000000000013        0.000000000000000
        1.033333333333333        0.933333333333333       -7.716347734719369       -7.716347734719359        0.000000000000010
        1.066666666666667        0.966666666666667       -7.716347734719378       -7.716347734719368        0.000000000000010
        1.000000000000000        1.000000000000000        0.000000000000000        0.000000000000000        0.000000000000000
        1.033333333333333        1.033333333333333        3.994275504758126        3.994275504758120        0.000000000000006
        1.066666666666667        1.066666666666667       14.906839123185167       14.906839123185151        0.000000000000016
