        0.000000000000000        0.000000000000000       58.787362832499270       58.787362832499336        0.000000000000066
        0.033333333333333        0.033333333333333       54.849356233468376       54.849356233468422        0.000000000000046
        0.066666666666667        0.066666666666667       44.090522124374453       44.090522124374459        0.000000000000006
        0.000000000000000        0.100000000000000       41.568942906934239       41.568942906934246        0.000000000000007
        0.033333333333333        0.133333333333333       28.392116009668562       28.392116009668551        0.000000000000011
        0.066666666666667        0.166666666666667       13.176826897265681       13.176826897265667        0.000000000000014
        0.000000000000000        0.200000000000000        0.000000000000004        0.000000000000000        0.000000000000003
        0.033333333333333        0.233333333333333      -14.696840708124814      -14.696840708124813        0.000000000000000
        0.066666666666667        0.266666666666667      -25.455674817218737      -25.455674817218731        0.000000000000006
        0.000000000000000        0.300000000000000      -41.568942906934234      -41.568942906934251        0.000000000000017
        0.033333333333333        0.333333333333333      -49.176587463135676      -49.176587463135694        0.000000000000019
        0.066666666666667        0.366666666666667      -49.176587463135678      -49.176587463135680        0.000000000000002
        0.000000000000000        0.400000000000000      -58.787362832499270      -58.787362832499301        0.000000000000032
        0.033333333333333        0.433333333333333      -54.849356233468377      -54.849356233468401        0.000000000000024
        0.066666666666667        0.466666666666667      -44.090522124374457      -44.090522124374464        0.000000000000008
        0.000000000000000        0.500000000000000      -41.568942906934244      -41.568942906934278        0.000000000000034
        0.033333333333333        0.533333333333333      -28.392116009668568      -28.392116009668590        0.000000000000023
        0.066666666666667        0.566666666666667      -13.176826897265687      -13.176826897265693        0.000000000000006
        0.000000000000000        0.600000000000000       -0.000000000000011       -0.000000000000009        0.000000000000002
        0.033333333333333        0.633333333333333       14.696840708124807       14.696840708124820        0.000000000000013
        0.066666666666667        0.666666666666667       25.455674817218732       25.455674817218739        0.000000000000008
        0.000000000000000        0.700000000000000       41.568942906934229       41.568942906934256        0.000000000000027
        0.033333333333333        0.733333333333333       49.176587463135672       49.176587463135695        0.000000000000023
        0.066666666666667        0.766666666666667       49.176587463135676       49.176587463135683        0.000000000000007
        0.000000000000000        0.800000000000000       58.787362832499270       58.787362832499310        0.000000000000040
        0.033333333333333        0.833333333333333       54.849356233468379       54.849356233468408        0.000000000000029
        0.066666666666667        0.866666666666667       44.090522124374460       44.090522124374461        0.000000000000002
        0.000000000000000        0.900000000000000       41.568942906934249       41.568942906934262        0.000000000000013
        0.033333333333333        0.933333333333333       28.392116009668574       28.392116009668571        0.000000000000003
        0.066666666666667        0.966666666666667       13.176826897265693       13.176826897265684        0.000000000000009
        0.000000000000000        1.000000000000000        0.000000000000018        0.000000000000018        0.000000000000000
        0.033333333333333        1.033333333333333      -14.696840708124800      -14.696840708124795        0.000000000000005
        0.066666666666667        1.066666666666667      -25.455674817218726      -25.455674817218715        0.000000000000012
        0.100000000000000        0.000000000000000       41.568942906934239       41.568942906934246        0.000000000000007
        0.133333333333333        0.033333333333333       28.392116009668562       28.392116009668551        0.000000000000011
        0.166666666666667        0.066666666666667       13.176826897265681       13.176826897265667        0.000000000000014
        0.100000000000000        0.100000000000000       29.393681416249637       29.393681416249614        0.000000000000023
        0.133333333333333        0.133333333333333       14.696840708124820       14.696840708124796        0.000000000000024
        0.166666666666667        0.166666666666667        3.938006599030896        3.938006599030887        0.000000000000009
        0.100000000000000        0.200000000000000        0.000000000000003        0.000000000000000        0.000000000000002
        0.133333333333333        0.233333333333333       -7.607644556201439       -7.607644556201430        0.000000000000010
        0.166666666666667        0.266666666666667       -7.607644556201441       -7.607644556201430        0.000000000000011
        0.100000000000000        0.300000000000000      -29.393681416249633      -29.393681416249617        0.000000000000016
        0.133333333333333        0.333333333333333      -25.455674817218741      -25.455674817218719        0.000000000000021
        0.166666666666667        0.366666666666667      -14.696840708124820      -14.696840708124803        0.000000000000017
        0.100000000000000        0.400000000000000      -41.568942906934239      -41.568942906934222        0.000000000000017
        0.133333333333333        0.433333333333333      -28.392116009668563      -28.392116009668540        0.000000000000022
        0.166666666666667        0.466666666666667      -13.176826897265682      -13.176826897265669        0.000000000000013
        0.100000000000000        0.500000000000000      -29.393681416249640      -29.393681416249636        0.000000000000004
        0.133333333333333        0.533333333333333      -14.696840708124823      -14.696840708124816        0.000000000000006
        0.166666666666667        0.566666666666667       -3.938006599030898       -3.938006599030895        0.000000000000003
        0.100000000000000        0.600000000000000       -0.000000000000008       -0.000000000000006        0.000000000000001
        0.133333333333333        0.633333333333333        7.607644556201436        7.607644556201433        0.000000000000003
        0.166666666666667        0.666666666666667        7.607644556201439        7.607644556201433        0.000000000000007
        0.100000000000000        0.700000000000000       29.393681416249630       29.393681416249621        0.000000000000009
        0.133333333333333        0.733333333333333       25.455674817218739       25.455674817218720        0.000000000000019
        0.166666666666667        0.766666666666667       14.696840708124819       14.696840708124804        0.000000000000015
        0.100000000000000        0.800000000000000       41.568942906934239       41.568942906934228        0.000000000000011
        0.133333333333333        0.833333333333333       28.392116009668563       28.392116009668544        0.000000000000020
        0.166666666666667        0.866666666666667       13.176826897265683       13.176826897265668        0.000000000000015
        0.100000000000000        0.900000000000000       29.393681416249644       29.393681416249625        0.000000000000019
        0.133333333333333        0.933333333333333       14.696840708124826       14.696840708124806        0.000000000000020
        0.166666666666667        0.966666666666667        3.938006599030900        3.938006599030892        0.000000000000007
        0.100000000000000        1.000000000000000        0.000000000000013        0.000000000000013        0.000000000000000
        0.133333333333333        1.033333333333333       -7.607644556201432       -7.607644556201420        0.000000000000012
        0.166666666666667        1.066666666666667       -7.607644556201438       -7.607644556201425        0.000000000000012
        0.200000000000000        0.000000000000000        0.000000000000004        0.000000000000000        0.000000000000003
        0.233333333333333        0.033333333333333      -14.696840708124814      -14.696840708124813        0.000000000000000
        0.266666666666667        0.066666666666667      -25.455674817218737      -25.455674817218731        0.000000000000006
        0.200000000000000        0.100000000000000        0.000000000000003        0.000000000000000        0.000000000000002
        0.233333333333333        0.133333333333333       -7.607644556201439       -7.607644556201430        0.000000000000010
        0.266666666666667        0.166666666666667       -7.607644556201441       -7.607644556201430        0.000000000000011
        0.200000000000000        0.200000000000000        0.000000000000000        0.000000000000000        0.000000000000000
        0.233333333333333        0.233333333333333        3.938006599030892        3.938006599030889        0.000000000000004
        0.266666666666667        0.266666666666667       14.696840708124813       14.696840708124804        0.000000000000009
        0.200000000000000        0.300000000000000       -0.000000000000003       -0.000000000000000        0.000000000000002
        0.233333333333333        0.333333333333333       13.176826897265674       13.176826897265667        0.000000000000007
        0.266666666666667        0.366666666666667       28.392116009668555       28.392116009668545        0.000000000000010
        0.200000000000000        0.400000000000000       -0.000000000000004       -0.000000000000000        0.000000000000003
        0.233333333333333        0.433333333333333       14.696840708124814       14.696840708124808        0.000000000000007
        0.266666666666667        0.466666666666667       25.455674817218739       25.455674817218734        0.000000000000005
        0.200000000000000        0.500000000000000       -0.000000000000003       -0.000000000000000        0.000000000000002
        0.233333333333333        0.533333333333333        7.607644556201441        7.607644556201440        0.000000000000001
        0.266666666666667        0.566666666666667        7.607644556201444        7.607644556201445        0.000000000000001
        0.200000000000000        0.600000000000000       -0.000000000000000       -0.000000000000000        0.000000000000000
        0.233333333333333        0.633333333333333       -3.938006599030891       -3.938006599030890        0.000000000000000
        0.266666666666667        0.666666666666667      -14.696840708124810      -14.696840708124809        0.000000000000001
        0.200000000000000        0.700000000000000        0.000000000000003        0.000000000000000        0.000000000000002
        0.233333333333333        0.733333333333333      -13.176826897265673      -13.176826897265668        0.000000000000005
        0.266666666666667        0.766666666666667      -28.392116009668554      -28.392116009668547        0.000000000000007
        0.200000000000000        0.800000000000000        0.000000000000004        0.000000000000000        0.000000000000003
        0.233333333333333        0.833333333333333      -14.696840708124815      -14.696840708124809        0.000000000000005
        0.266666666666667        0.866666666666667      -25.455674817218741      -25.455674817218732        0.000000000000009
        0.200000000000000        0.900000000000000        0.000000000000003        0.000000000000000        0.000000000000002
        0.233333333333333        0.933333333333333       -7.607644556201442       -7.607644556201435        0.000000000000007
        0.266666666666667        0.966666666666667       -7.607644556201448       -7.607644556201440        0.000000000000008
        0.200000000000000        1.000000000000000        0.000000000000000        0.000000000000000        0.000000000000000
        0.233333333333333        1.033333333333333        3.938006599030889        3.938006599030884        0.000000000000005
        0.266666666666667        1.066666666666667       14.696840708124807       14.696840708124795        0.000000000000012
        0.300000000000000        0.000000000000000      -41.568942906934234      -41.568942906934251        0.000000000000017
        0.333333333333333        0.033333333333333      -49.176587463135676      -49.176587463135694        0.000000000000019
        0.366666666666667        0.066666666666667      -49.176587463135678      -49.176587463135680        0.000000000000002
        0.300000000000000        0.100000000000000      -29.393681416249633      -29.393681416249617        0.000000000000016
        0.333333333333333        0.133333333333333      -25.455674817218741      -25.455674817218719        0.000000000000021
        0.366666666666667        0.166666666666667      -14.696840708124820      -14.696840708124803        0.000000000000017
        0.300000000000000        0.200000000000000       -0.000000000000003       -0.000000000000000        0.000000000000002
        0.333333333333333        0.233333333333333       13.176826897265674       13.176826897265667        0.000000000000007
        0.366666666666667        0.266666666666667       28.392116009668555       28.392116009668545        0.000000000000010
        0.300000000000000        0.300000000000000       29.393681416249629       29.393681416249621        0.000000000000008
        0.333333333333333        0.333333333333333       44.090522124374447       44.090522124374443        0.000000000000004
        0.366666666666667        0.366666666666667       54.849356233468372       54.849356233468370        0.000000000000002
        0.300000000000000        0.400000000000000       41.568942906934234       41.568942906934227        0.000000000000007
        0.333333333333333        0.433333333333333       49.176587463135677       49.176587463135676        0.000000000000002
        0.366666666666667        0.466666666666667       49.176587463135681       49.176587463135685        0.000000000000004
        0.300000000000000        0.500000000000000       29.393681416249637       29.393681416249640        0.000000000000003
        0.333333333333333        0.533333333333333       25.455674817218746       25.455674817218755        0.000000000000008
        0.366666666666667        0.566666666666667       14.696840708124827       14.696840708124832        0.000000000000005
        0.300000000000000        0.600000000000000        0.000000000000008        0.000000000000006        0.000000000000001
        0.333333333333333        0.633333333333333      -13.176826897265668      -13.176826897265673        0.000000000000005
        0.366666666666667        0.666666666666667      -28.392116009668549      -28.392116009668555        0.000000000000006
        0.300000000000000        0.700000000000000      -29.393681416249626      -29.393681416249625        0.000000000000001
        0.333333333333333        0.733333333333333      -44.090522124374444      -44.090522124374444        0.000000000000000
        0.366666666666667        0.766666666666667      -54.849356233468370      -54.849356233468373        0.000000000000003
        0.300000000000000        0.800000000000000      -41.568942906934234      -41.568942906934233        0.000000000000001
        0.333333333333333        0.833333333333333      -49.176587463135679      -49.176587463135682        0.000000000000003
        0.366666666666667        0.866666666666667      -49.176587463135685      -49.176587463135682        0.000000000000002
        0.300000000000000        0.900000000000000      -29.393681416249640      -29.393681416249629        0.000000000000012
        0.333333333333333        0.933333333333333      -25.455674817218752      -25.455674817218737        0.000000000000015
        0.366666666666667        0.966666666666667      -14.696840708124833      -14.696840708124822        0.000000000000011
        0.300000000000000        1.000000000000000       -0.000000000000013       -0.000000000000013        0.000000000000000
        0.333333333333333        1.033333333333333       13.176826897265662       13.176826897265651        0.000000000000010
        0.366666666666667        1.066666666666667       28.392116009668543       28.392116009668527        0.000000000000016
        0.400000000000000        0.000000000000000      -58.787362832499270      -58.787362832499301        0.000000000000032
        0.433333333333333        0.033333333333333      -54.849356233468377      -54.849356233468401        0.000000000000024
        0.466666666666667        0.066666666666667      -44.090522124374457      -44.090522124374464        0.000000000000008
        0.400000000000000        0.100000000000000      -41.568942906934239      -41.568942906934222        0.000000000000017
        0.433333333333333        0.133333333333333      -28.392116009668563      -28.392116009668540        0.000000000000022
        0.466666666666667        0.166666666666667      -13.176826897265682      -13.176826897265669        0.000000000000013
        0.400000000000000        0.200000000000000       -0.000000000000004       -0.000000000000000        0.000000000000003
        0.433333333333333        0.233333333333333       14.696840708124814       14.696840708124808        0.000000000000007
        0.466666666666667        0.266666666666667       25.455674817218739       25.455674817218734        0.000000000000005
        0.400000000000000        0.300000000000000       41.568942906934234       41.568942906934227        0.000000000000007
        0.433333333333333        0.333333333333333       49.176587463135677       49.176587463135676        0.000000000000002
        0.466666666666667        0.366666666666667       49.176587463135681       49.176587463135685        0.000000000000004
        0.400000000000000        0.400000000000000       58.787362832499270       58.787362832499267        0.000000000000003
        0.433333333333333        0.433333333333333       54.849356233468379       54.849356233468380        0.000000000000001
        0.466666666666667        0.466666666666667       44.090522124374460       44.090522124374469        0.000000000000009
        0.400000000000000        0.500000000000000       41.568942906934244       41.568942906934254        0.000000000000009
        0.433333333333333        0.533333333333333       28.392116009668569       28.392116009668579        0.000000000000011
        0.466666666666667        0.566666666666667       13.176826897265688       13.176826897265694        0.000000000000007
        0.400000000000000        0.600000000000000        0.000000000000011        0.000000000000009        0.000000000000002
        0.433333333333333        0.633333333333333      -14.696840708124807      -14.696840708124814        0.000000000000007
        0.466666666666667        0.666666666666667      -25.455674817218734      -25.455674817218742        0.000000000000009
        0.400000000000000        0.700000000000000      -41.568942906934229      -41.568942906934232        0.000000000000003
        0.433333333333333        0.733333333333333      -49.176587463135674      -49.176587463135677        0.000000000000003
        0.466666666666667        0.766666666666667      -49.176587463135679      -49.176587463135688        0.000000000000009
        0.400000000000000        0.800000000000000      -58.787362832499270      -58.787362832499275        0.000000000000006
        0.433333333333333        0.833333333333333      -54.849356233468381      -54.849356233468387        0.000000000000006
        0.466666666666667        0.866666666666667      -44.090522124374463      -44.090522124374466        0.000000000000004
        0.400000000000000        0.900000000000000      -41.568942906934249      -41.568942906934238        0.000000000000012
        0.433333333333333        0.933333333333333      -28.392116009668575      -28.392116009668560        0.000000000000015
        0.466666666666667        0.966666666666667      -13.176826897265694      -13.176826897265685        0.000000000000009
        0.400000000000000        1.000000000000000       -0.000000000000018       -0.000000000000018        0.000000000000000
        0.433333333333333        1.033333333333333       14.696840708124801       14.696840708124790        0.000000000000011
        0.466666666666667        1.066666666666667       25.455674817218728       25.455674817218717        0.000000000000011
        0.500000000000000        0.000000000000000      -41.568942906934244      -41.568942906934278        0.000000000000034
        0.533333333333333        0.033333333333333      -28.392116009668568      -28.392116009668590        0.000000000000023
        0.566666666666667        0.066666666666667      -13.176826897265687      -13.176826897265693        0.000000000000006
        0.500000000000000        0.100000000000000      -29.393681416249640      -29.393681416249636        0.000000000000004
        0.533333333333333        0.133333333333333      -14.696840708124823      -14.696840708124816        0.000000000000006
        0.566666666666667        0.166666666666667       -3.938006599030898       -3.938006599030895        0.000000000000003
        0.500000000000000        0.200000000000000       -0.000000000000003       -0.000000000000000        0.000000000000002
        0.533333333333333        0.233333333333333        7.607644556201441        7.607644556201440        0.000000000000001
        0.566666666666667        0.266666666666667        7.607644556201444        7.607644556201445        0.000000000000001
        0.500000000000000        0.300000000000000       29.393681416249637       29.393681416249640        0.000000000000003
        0.533333333333333        0.333333333333333       25.455674817218746       25.455674817218755        0.000000000000008
        0.566666666666667        0.366666666666667       14.696840708124827       14.696840708124832        0.000000000000005
        0.500000000000000        0.400000000000000       41.568942906934244       41.568942906934254        0.000000000000009
        0.533333333333333        0.433333333333333       28.392116009668569       28.392116009668579        0.000000000000011
        0.566666666666667        0.466666666666667       13.176826897265688       13.176826897265695        0.000000000000007
        0.500000000000000        0.500000000000000       29.393681416249644       29.393681416249659        0.000000000000015
        0.533333333333333        0.533333333333333       14.696840708124826       14.696840708124837        0.000000000000011
        0.566666666666667        0.566666666666667        3.938006599030900        3.938006599030903        0.000000000000003
        0.500000000000000        0.600000000000000        0.000000000000008        0.000000000000006        0.000000000000001
        0.533333333333333        0.633333333333333       -7.607644556201437       -7.607644556201444        0.000000000000006
        0.566666666666667        0.666666666666667       -7.607644556201443       -7.607644556201448        0.000000000000005
        0.500000000000000        0.700000000000000      -29.393681416249633      -29.393681416249643        0.000000000000010
        0.533333333333333        0.733333333333333      -25.455674817218744      -25.455674817218755        0.000000000000011
        0.566666666666667        0.766666666666667      -14.696840708124826      -14.696840708124833        0.000000000000007
        0.500000000000000        0.800000000000000      -41.568942906934244      -41.568942906934259        0.000000000000015
        0.533333333333333        0.833333333333333      -28.392116009668570      -28.392116009668583        0.000000000000014
        0.566666666666667        0.866666666666667      -13.176826897265689      -13.176826897265694        0.000000000000005
        0.500000000000000        0.900000000000000      -29.393681416249647      -29.393681416249647        0.000000000000000
        0.533333333333333        0.933333333333333      -14.696840708124829      -14.696840708124827        0.000000000000002
        0.566666666666667        0.966666666666667       -3.938006599030901       -3.938006599030900        0.000000000000001
        0.500000000000000        1.000000000000000       -0.000000000000013       -0.000000000000013        0.000000000000000
        0.533333333333333        1.033333333333333        7.607644556201434        7.607644556201431        0.000000000000003
        0.566666666666667        1.066666666666667        7.607644556201441        7.607644556201440        0.000000000000001
        0.600000000000000        0.000000000000000       -0.000000000000011       -0.000000000000009        0.000000000000002
        0.633333333333333        0.033333333333333       14.696840708124807       14.696840708124820        0.000000000000013
        0.666666666666667        0.066666666666667       25.455674817218732       25.455674817218739        0.000000000000008
        0.600000000000000        0.100000000000000       -0.000000000000008       -0.000000000000006        0.000000000000001
        0.633333333333333        0.133333333333333        7.607644556201436        7.607644556201433        0.000000000000003
        0.666666666666667        0.166666666666667        7.607644556201439        7.607644556201433        0.000000000000007
        0.600000000000000        0.200000000000000       -0.000000000000000       -0.000000000000000        0.000000000000000
        0.633333333333333        0.233333333333333       -3.938006599030891       -3.938006599030890        0.000000000000000
        0.666666666666667        0.266666666666667      -14.696840708124810      -14.696840708124809        0.000000000000001
        0.600000000000000        0.300000000000000        0.000000000000008        0.000000000000006        0.000000000000001
        0.633333333333333        0.333333333333333      -13.176826897265668      -13.176826897265673        0.000000000000005
        0.666666666666667        0.366666666666667      -28.392116009668549      -28.392116009668555        0.000000000000006
        0.600000000000000        0.400000000000000        0.000000000000011        0.000000000000009        0.000000000000002
        0.633333333333333        0.433333333333333      -14.696840708124807      -14.696840708124814        0.000000000000007
        0.666666666666667        0.466666666666667      -25.455674817218734      -25.455674817218742        0.000000000000009
        0.600000000000000        0.500000000000000        0.000000000000008        0.000000000000006        0.000000000000001
        0.633333333333333        0.533333333333333       -7.607644556201437       -7.607644556201444        0.000000000000006
        0.666666666666667        0.566666666666667       -7.607644556201443       -7.607644556201448        0.000000000000005
        0.600000000000000        0.600000000000000        0.000000000000000        0.000000000000000        0.000000000000000
        0.633333333333333        0.633333333333333        3.938006599030889        3.938006599030892        0.000000000000003
        0.666666666666667        0.666666666666667       14.696840708124807       14.696840708124814        0.000000000000007
        0.600000000000000        0.700000000000000       -0.000000000000008       -0.000000000000006        0.000000000000001
        0.633333333333333        0.733333333333333       13.176826897265667       13.176826897265674        0.000000000000006
        0.666666666666667        0.766666666666667       28.392116009668548       28.392116009668557        0.000000000000009
        0.600000000000000        0.800000000000000       -0.000000000000011       -0.000000000000009        0.000000000000002
        0.633333333333333        0.833333333333333       14.696840708124808       14.696840708124816        0.000000000000008
        0.666666666666667        0.866666666666667       25.455674817218735       25.455674817218741        0.000000000000005
        0.600000000000000        0.900000000000000       -0.000000000000008       -0.000000000000006        0.000000000000001
        0.633333333333333        0.933333333333333        7.607644556201439        7.607644556201438        0.000000000000001
        0.666666666666667        0.966666666666667        7.607644556201446        7.607644556201442        0.000000000000004
        0.600000000000000        1.000000000000000       -0.000000000000000       -0.000000000000000        0.000000000000000
        0.633333333333333        1.033333333333333       -3.938006599030887       -3.938006599030886        0.000000000000001
        0.666666666666667        1.066666666666667      -14.696840708124804      -14.696840708124800        0.000000000000004
        0.700000000000000        0.000000000000000       41.568942906934229       41.568942906934256        0.000000000000027
        0.733333333333333        0.033333333333333       49.176587463135672       49.176587463135695        0.000000000000023
        0.766666666666667        0.066666666666667       49.176587463135676       49.176587463135683        0.000000000000007
        0.700000000000000        0.100000000000000       29.393681416249630       29.393681416249621        0.000000000000009
        0.733333333333333        0.133333333333333       25.455674817218739       25.455674817218720        0.000000000000019
        0.766666666666667        0.166666666666667       14.696840708124819       14.696840708124804        0.000000000000015
        0.700000000000000        0.200000000000000        0.000000000000003        0.000000000000000        0.000000000000002
        0.733333333333333        0.233333333333333      -13.176826897265673      -13.176826897265668        0.000000000000005
        0.766666666666667        0.266666666666667      -28.392116009668554      -28.392116009668547        0.000000000000007
        0.700000000000000        0.300000000000000      -29.393681416249626      -29.393681416249625        0.000000000000001
        0.733333333333333        0.333333333333333      -44.090522124374444      -44.090522124374444        0.000000000000000
        0.766666666666667        0.366666666666667      -54.849356233468370      -54.849356233468373        0.000000000000003
        0.700000000000000        0.400000000000000      -41.568942906934229      -41.568942906934232        0.000000000000003
        0.733333333333333        0.433333333333333      -49.176587463135674      -49.176587463135677        0.000000000000003
        0.766666666666667        0.466666666666667      -49.176587463135679      -49.176587463135688        0.000000000000009
        0.700000000000000        0.500000000000000      -29.393681416249633      -29.393681416249643        0.000000000000010
        0.733333333333333        0.533333333333333      -25.455674817218744      -25.455674817218755        0.000000000000011
        0.766666666666667        0.566666666666667      -14.696840708124826      -14.696840708124833        0.000000000000007
        0.700000000000000        0.600000000000000       -0.000000000000008       -0.000000000000006        0.000000000000001
        0.733333333333333        0.633333333333333       13.176826897265667       13.176826897265674        0.000000000000007
        0.766666666666667        0.666666666666667       28.392116009668548       28.392116009668557        0.000000000000009
        0.700000000000000        0.700000000000000       29.393681416249622       29.393681416249628        0.000000000000006
        0.733333333333333        0.733333333333333       44.090522124374441       44.090522124374445        0.000000000000004
        0.766666666666667        0.766666666666667       54.849356233468368       54.849356233468377        0.000000000000008
        0.700000000000000        0.800000000000000       41.568942906934229       41.568942906934238        0.000000000000009
        0.733333333333333        0.833333333333333       49.176587463135675       49.176587463135683        0.000000000000007
        0.766666666666667        0.866666666666667       49.176587463135683       49.176587463135685        0.000000000000003
        0.700000000000000        0.900000000000000       29.393681416249637       29.393681416249632        0.000000000000005
        0.733333333333333        0.933333333333333       25.455674817218750       25.455674817218737        0.000000000000012
        0.766666666666667        0.966666666666667       14.696840708124833       14.696840708124823        0.000000000000010
        0.700000000000000        1.000000000000000        0.000000000000013        0.000000000000013        0.000000000000000
        0.733333333333333        1.033333333333333      -13.176826897265661      -13.176826897265652        0.000000000000009
        0.766666666666667        1.066666666666667      -28.392116009668542      -28.392116009668529        0.000000000000013
        0.800000000000000        0.000000000000000       58.787362832499270       58.787362832499310        0.000000000000040
        0.833333333333333        0.033333333333333       54.849356233468379       54.849356233468408        0.000000000000029
        0.866666666666667        0.066666666666667       44.090522124374460       44.090522124374461        0.000000000000002
        0.800000000000000        0.100000000000000       41.568942906934239       41.568942906934228        0.000000000000011
        0.833333333333333        0.133333333333333       28.392116009668563       28.392116009668544        0.000000000000020
        0.866666666666667        0.166666666666667       13.176826897265683       13.176826897265668        0.000000000000015
        0.800000000000000        0.200000000000000        0.000000000000004        0.000000000000000        0.000000000000003
        0.833333333333333        0.233333333333333      -14.696840708124815      -14.696840708124809        0.000000000000005
        0.866666666666667        0.266666666666667      -25.455674817218741      -25.455674817218732        0.000000000000009
        0.800000000000000        0.300000000000000      -41.568942906934234      -41.568942906934233        0.000000000000001
        0.833333333333333        0.333333333333333      -49.176587463135679      -49.176587463135682        0.000000000000003
        0.866666666666667        0.366666666666667      -49.176587463135685      -49.176587463135682        0.000000000000002
        0.800000000000000        0.400000000000000      -58.787362832499270      -58.787362832499275        0.000000000000006
        0.833333333333333        0.433333333333333      -54.849356233468381      -54.849356233468387        0.000000000000006
        0.866666666666667        0.466666666666667      -44.090522124374463      -44.090522124374466        0.000000000000004
        0.800000000000000        0.500000000000000      -41.568942906934244      -41.568942906934259        0.000000000000015
        0.833333333333333        0.533333333333333      -28.392116009668570      -28.392116009668583        0.000000000000014
        0.866666666666667        0.566666666666667      -13.176826897265689      -13.176826897265694        0.000000000000005
        0.800000000000000        0.600000000000000       -0.000000000000011       -0.000000000000009        0.000000000000002
        0.833333333333333        0.633333333333333       14.696840708124808       14.696840708124816        0.000000000000008
        0.866666666666667        0.666666666666667       25.455674817218735       25.455674817218741        0.000000000000005
        0.800000000000000        0.700000000000000       41.568942906934229       41.568942906934238        0.000000000000009
        0.833333333333333        0.733333333333333       49.176587463135675       49.176587463135683        0.000000000000007
        0.866666666666667        0.766666666666667       49.176587463135683       49.176587463135685        0.000000000000003
        0.800000000000000        0.800000000000000       58.787362832499270       58.787362832499284        0.000000000000014
        0.833333333333333        0.833333333333333       54.849356233468383       54.849356233468394        0.000000000000011
        0.866666666666667        0.866666666666667       44.090522124374466       44.090522124374464        0.000000000000002
        0.800000000000000        0.900000000000000       41.568942906934249       41.568942906934244        0.000000000000006
        0.833333333333333        0.933333333333333       28.392116009668576       28.392116009668563        0.000000000000012
        0.866666666666667        0.966666666666667       13.176826897265695       13.176826897265685        0.000000000000010
        0.800000000000000        1.000000000000000        0.000000000000018        0.000000000000018        0.000000000000000
        0.833333333333333        1.033333333333333      -14.696840708124801      -14.696840708124792        0.000000000000010
        0.866666666666667        1.066666666666667      -25.455674817218730      -25.455674817218716        0.000000000000014
        0.900000000000000        0.000000000000000       41.568942906934249       41.568942906934262        0.000000000000013
        0.933333333333333        0.033333333333333       28.392116009668574       28.392116009668571        0.000000000000003
        0.966666666666667        0.066666666666667       13.176826897265693       13.176826897265684        0.000000000000009
        0.900000000000000        0.100000000000000       29.393681416249644       29.393681416249625        0.000000000000019
        0.933333333333333        0.133333333333333       14.696840708124826       14.696840708124806        0.000000000000020
        0.966666666666667        0.166666666666667        3.938006599030900        3.938006599030892        0.000000000000007
        0.900000000000000        0.200000000000000        0.000000000000003        0.000000000000000        0.000000000000002
        0.933333333333333        0.233333333333333       -7.607644556201442       -7.607644556201435        0.000000000000007
        0.966666666666667        0.266666666666667       -7.607644556201448       -7.607644556201440        0.000000000000008
        0.900000000000000        0.300000000000000      -29.393681416249640      -29.393681416249629        0.000000000000012
        0.933333333333333        0.333333333333333      -25.455674817218752      -25.455674817218737        0.000000000000015
        0.966666666666667        0.366666666666667      -14.696840708124833      -14.696840708124822        0.000000000000011
        0.900000000000000        0.400000000000000      -41.568942906934249      -41.568942906934238        0.000000000000012
        0.933333333333333        0.433333333333333      -28.392116009668575      -28.392116009668560        0.000000000000015
        0.966666666666667        0.466666666666667      -13.176826897265694      -13.176826897265685        0.000000000000009
        0.900000000000000        0.500000000000000      -29.393681416249647      -29.393681416249647        0.000000000000000
        0.933333333333333        0.533333333333333      -14.696840708124829      -14.696840708124827        0.000000000000002
        0.966666666666667        0.566666666666667       -3.938006599030901       -3.938006599030900        0.000000000000001
        0.900000000000000        0.600000000000000       -0.000000000000008       -0.000000000000006        0.000000000000001
        0.933333333333333        0.633333333333333        7.607644556201439        7.607644556201438        0.000000000000001
        0.966666666666667        0.666666666666667        7.607644556201446        7.607644556201442        0.000000000000004
        0.900000000000000        0.700000000000000       29.393681416249637       29.393681416249632        0.000000000000005
        0.933333333333333        0.733333333333333       25.455674817218750       25.455674817218737        0.000000000000012
        0.966666666666667        0.766666666666667       14.696840708124833       14.696840708124823        0.000000000000010
        0.900000000000000        0.800000000000000       41.568942906934249       41.568942906934244        0.000000000000006
        0.933333333333333        0.833333333333333       28.392116009668576       28.392116009668563        0.000000000000012
        0.966666666666667        0.866666666666667       13.176826897265695       13.176826897265685        0.000000000000010
        0.900000000000000        0.900000000000000       29.393681416249651       29.393681416249636        0.000000000000015
        0.933333333333333        0.933333333333333       14.696840708124832       14.696840708124816        0.000000000000016
        0.966666666666667        0.966666666666667        3.938006599030903        3.938006599030897        0.000000000000006
        0.900000000000000        1.000000000000000        0.000000000000013        0.000000000000013        0.000000000000000
        0.933333333333333        1.033333333333333       -7.607644556201435       -7.607644556201426        0.000000000000010
        0.966666666666667        1.066666666666667       -7.607644556201445       -7.607644556201435        0.000000000000010
        1.000000000000000        0.000000000000000        0.000000000000018        0.000000000000018        0.000000000000000
        1.033333333333333        0.033333333333333      -14.696840708124800      -14.696840708124795        0.000000000000005
        1.066666666666667        0.066666666666667      -25.455674817218726      -25.455674817218715        0.000000000000012
        1.000000000000000        0.100000000000000        0.000000000000013        0.000000000000013        0.000000000000000
        1.033333333333333        0.133333333333333       -7.607644556201432       -7.607644556201420        0.000000000000012
        1.066666666666667        0.166666666666667       -7.607644556201438       -7.607644556201425        0.000000000000012
        1.000000000000000        0.200000000000000        0.000000000000000        0.000000000000000        0.000000000000000
        1.033333333333333        0.233333333333333        3.938006599030889        3.938006599030884        0.000000000000005
        1.066666666666667        0.266666666666667       14.696840708124807       14.696840708124795        0.000000000000012
        1.000000000000000        0.300000000000000       -0.000000000000013       -0.000000000000013        0.000000000000000
        1.033333333333333        0.333333333333333       13.176826897265662       13.176826897265651        0.000000000000010
        1.066666666666667        0.366666666666667       28.392116009668543       28.392116009668527        0.000000000000016
        1.000000000000000        0.400000000000000       -0.000000000000018       -0.000000000000018        0.000000000000000
        1.033333333333333        0.433333333333333       14.696840708124801       14.696840708124790        0.000000000000011
        1.066666666666667        0.466666666666667       25.455674817218728       25.455674817218717        0.000000000000011
        1.000000000000000        0.500000000000000       -0.000000000000013       -0.000000000000013        0.000000000000000
        1.033333333333333        0.533333333333333        7.607644556201434        7.607644556201431        0.000000000000003
        1.066666666666667        0.566666666666667        7.607644556201441        7.607644556201440        0.000000000000001
        1.000000000000000        0.600000000000000       -0.000000000000000       -0.000000000000000        0.000000000000000
        1.033333333333333        0.633333333333333       -3.938006599030887       -3.938006599030886        0.000000000000001
        1.066666666666667        0.666666666666667      -14.696840708124804      -14.696840708124800        0.000000000000004
        1.000000000000000        0.700000000000000        0.000000000000013        0.000000000000013        0.000000000000000
        1.033333333333333        0.733333333333333      -13.176826897265661      -13.176826897265652        0.000000000000009
        1.066666666666667        0.766666666666667      -28.392116009668542      -28.392116009668529        0.000000000000013
        1.000000000000000        0.800000000000000        0.000000000000018        0.000000000000018        0.000000000000000
        1.033333333333333        0.833333333333333      -14.696840708124801      -14.696840708124792        0.000000000000010
        1.066666666666667        0.866666666666667      -25.455674817218730      -25.455674817218716        0.000000000000014
        1.000000000000000        0.900000000000000        0.000000000000013        0.000000000000013        0.000000000000000
        1.033333333333333        0.933333333333333       -7.607644556201435       -7.607644556201426        0.000000000000010
        1.066666666666667        0.966666666666667       -7.607644556201445       -7.607644556201435        0.000000000000010
        1.000000000000000        1.000000000000000        0.000000000000000        0.000000000000000        0.000000000000000
        1.033333333333333        1.033333333333333        3.938006599030885        3.938006599030879        0.000000000000006
        1.066666666666667        1.066666666666667       14.696840708124801       14.696840708124785        0.000000000000016
