        0.000000000000000        0.000000000000000       58.317828945180154       58.317828945180219        0.000000000000065
        0.033333333333333        0.033333333333333       54.411275152630811       54.411275152630857        0.000000000000046
        0.066666666666667        0.066666666666667       43.738371708885117       43.738371708885122        0.000000000000006
        0.000000000000000        0.100000000000000       41.236932311214012       41.236932311214019        0.000000000000007
        0.033333333333333        0.133333333333333       28.165348555628844       28.165348555628833        0.000000000000011
        0.066666666666667        0.166666666666667       13.071583755585172       13.071583755585158        0.000000000000014
        0.000000000000000        0.200000000000000        0.000000000000004        0.000000000000000        0.000000000000003
        0.033333333333333        0.233333333333333      -14.579457236295035      -14.579457236295034        0.000000000000000
        0.066666666666667        0.266666666666667      -25.252360680040730      -25.252360680040724        0.000000000000006
        0.000000000000000        0.300000000000000      -41.236932311214007      -41.236932311214024        0.000000000000017
        0.033333333333333        0.333333333333333      -48.783814711235845      -48.783814711235863        0.000000000000019
        0.066666666666667        0.366666666666667      -48.783814711235847      -48.783814711235849        0.000000000000002
        0.000000000000000        0.400000000000000      -58.317828945180154      -58.317828945180186        0.000000000000031
        0.033333333333333        0.433333333333333      -54.411275152630813      -54.411275152630836        0.000000000000024
        0.066666666666667        0.466666666666667      -43.738371708885120      -43.738371708885127        0.000000000000007
        0.000000000000000        0.500000000000000      -41.236932311214017      -41.236932311214051        0.000000000000033
        0.033333333333333        0.533333333333333      -28.165348555628850      -28.165348555628873        0.000000000000022
        0.066666666666667        0.566666666666667      -13.071583755585178      -13.071583755585183        0.000000000000006
        0.000000000000000        0.600000000000000       -0.000000000000011       -0.000000000000009        0.000000000000002
        0.033333333333333        0.633333333333333       14.579457236295028       14.579457236295041        0.000000000000013
        0.066666666666667        0.666666666666667       25.252360680040725       25.252360680040732        0.000000000000008
        0.000000000000000        0.700000000000000       41.236932311214002       41.236932311214029        0.000000000000027
        0.033333333333333        0.733333333333333       48.783814711235841       48.783814711235864        0.000000000000023
        0.066666666666667        0.766666666666667       48.783814711235845       48.783814711235852        0.000000000000007
        0.000000000000000        0.800000000000000       58.317828945180154       58.317828945180194        0.000000000000039
        0.033333333333333        0.833333333333333       54.411275152630814       54.411275152630843        0.000000000000029
        0.066666666666667        0.866666666666667       43.738371708885123       43.738371708885125        0.000000000000002
        0.000000000000000        0.900000000000000       41.236932311214022       41.236932311214035        0.000000000000013
        0.033333333333333        0.933333333333333       28.165348555628856       28.165348555628853        0.000000000000003
        0.066666666666667        0.966666666666667       13.071583755585183       13.071583755585174        0.000000000000009
        0.000000000000000        1.000000000000000        0.000000000000018        0.000000000000018        0.000000000000000
        0.033333333333333        1.033333333333333      -14.579457236295021      -14.579457236295017        0.000000000000005
        0.066666666666667        1.066666666666667      -25.252360680040719      -25.252360680040708        0.000000000000012
        0.100000000000000        0.000000000000000       41.236932311214012       41.236932311214019        0.000000000000007
        0.133333333333333        0.033333333333333       28.165348555628844       28.165348555628834        0.000000000000011
        0.166666666666667        0.066666666666667       13.071583755585172       13.071583755585158        0.000000000000014
        0.100000000000000        0.100000000000000       29.158914472590079       29.158914472590056        0.000000000000023
        0.133333333333333        0.133333333333333       14.579457236295041       14.579457236295017        0.000000000000023
        0.166666666666667        0.166666666666667        3.906553792549345        3.906553792549337        0.000000000000009
        0.100000000000000        0.200000000000000        0.000000000000003        0.000000000000000        0.000000000000002
        0.133333333333333        0.233333333333333       -7.546882400021835       -7.546882400021826        0.000000000000009
        0.166666666666667        0.266666666666667       -7.546882400021837       -7.546882400021826        0.000000000000011
        0.100000000000000        0.300000000000000      -29.158914472590075      -29.158914472590060        0.000000000000016
        0.133333333333333        0.333333333333333      -25.252360680040734      -25.252360680040712        0.000000000000021
        0.166666666666667        0.366666666666667      -14.579457236295041      -14.579457236295024        0.000000000000016
        0.100000000000000        0.400000000000000      -41.236932311214012      -41.236932311213995        0.000000000000017
        0.133333333333333        0.433333333333333      -28.165348555628845      -28.165348555628823        0.000000000000022
        0.166666666666667        0.466666666666667      -13.071583755585172      -13.071583755585159        0.000000000000013
        0.100000000000000        0.500000000000000      -29.158914472590082      -29.158914472590078        0.000000000000004
        0.133333333333333        0.533333333333333      -14.579457236295044      -14.579457236295037        0.000000000000006
        0.166666666666667        0.566666666666667       -3.906553792549347       -3.906553792549344        0.000000000000003
        0.100000000000000        0.600000000000000       -0.000000000000008       -0.000000000000006        0.000000000000001
        0.133333333333333        0.633333333333333        7.546882400021832        7.546882400021829        0.000000000000003
        0.166666666666667        0.666666666666667        7.546882400021835        7.546882400021829        0.000000000000007
        0.100000000000000        0.700000000000000       29.158914472590072       29.158914472590063        0.000000000000009
        0.133333333333333        0.733333333333333       25.252360680040732       25.252360680040713        0.000000000000019
        0.166666666666667        0.766666666666667       14.579457236295040       14.579457236295025        0.000000000000015
        0.100000000000000        0.800000000000000       41.236932311214012       41.236932311214001        0.000000000000011
        0.133333333333333        0.833333333333333       28.165348555628846       28.165348555628826        0.000000000000020
        0.166666666666667        0.866666666666667       13.071583755585173       13.071583755585159        0.000000000000015
        0.100000000000000        0.900000000000000       29.158914472590086       29.158914472590067        0.000000000000019
        0.133333333333333        0.933333333333333       14.579457236295047       14.579457236295027        0.000000000000019
        0.166666666666667        0.966666666666667        3.906553792549349        3.906553792549342        0.000000000000007
        0.100000000000000        1.000000000000000        0.000000000000013        0.000000000000013        0.000000000000000
        0.133333333333333        1.033333333333333       -7.546882400021828       -7.546882400021816        0.000000000000012
        0.166666666666667        1.066666666666667       -7.546882400021834       -7.546882400021821        0.000000000000012
        0.200000000000000        0.000000000000000        0.000000000000004        0.000000000000000        0.000000000000003
        0.233333333333333        0.033333333333333      -14.579457236295035      -14.579457236295034        0.000000000000000
        0.266666666666667        0.066666666666667      -25.252360680040730      -25.252360680040724        0.000000000000006
        0.200000000000000        0.100000000000000        0.000000000000003        0.000000000000000        0.000000000000002
        0.233333333333333        0.133333333333333       -7.546882400021835       -7.546882400021826        0.000000000000009
        0.266666666666667        0.166666666666667       -7.546882400021837       -7.546882400021826        0.000000000000011
        0.200000000000000        0.200000000000000        0.000000000000000        0.000000000000000        0.000000000000000
        0.233333333333333        0.233333333333333        3.906553792549342        3.906553792549338        0.000000000000004
        0.266666666666667        0.266666666666667       14.579457236295034       14.579457236295025        0.000000000000009
        0.200000000000000        0.300000000000000       -0.000000000000003       -0.000000000000000        0.000000000000002
        0.233333333333333        0.333333333333333       13.071583755585165       13.071583755585158        0.000000000000007
        0.266666666666667        0.366666666666667       28.165348555628837       28.165348555628828        0.000000000000010
        0.200000000000000        0.400000000000000       -0.000000000000004       -0.000000000000000        0.000000000000003
        0.233333333333333        0.433333333333333       14.579457236295035       14.579457236295029        0.000000000000006
        0.266666666666667        0.466666666666667       25.252360680040732       25.252360680040727        0.000000000000005
        0.200000000000000        0.500000000000000       -0.000000000000003       -0.000000000000000        0.000000000000002
        0.233333333333333        0.533333333333333        7.546882400021837        7.546882400021836        0.000000000000001
        0.266666666666667        0.566666666666667        7.546882400021840        7.546882400021841        0.000000000000001
        0.200000000000000        0.600000000000000       -0.000000000000000       -0.000000000000000        0.000000000000000
        0.233333333333333        0.633333333333333       -3.906553792549340       -3.906553792549340        0.000000000000000
        0.266666666666667        0.666666666666667      -14.579457236295031      -14.579457236295030        0.000000000000001
        0.200000000000000        0.700000000000000        0.000000000000003        0.000000000000000        0.000000000000002
        0.233333333333333        0.733333333333333      -13.071583755585164      -13.071583755585158        0.000000000000005
        0.266666666666667        0.766666666666667      -28.165348555628836      -28.165348555628829        0.000000000000007
        0.200000000000000        0.800000000000000        0.000000000000004        0.000000000000000        0.000000000000003
        0.233333333333333        0.833333333333333      -14.579457236295036      -14.579457236295031        0.000000000000005
        0.266666666666667        0.866666666666667      -25.252360680040734      -25.252360680040725        0.000000000000009
        0.200000000000000        0.900000000000000        0.000000000000003        0.000000000000000        0.000000000000002
        0.233333333333333        0.933333333333333       -7.546882400021838       -7.546882400021831        0.000000000000007
        0.266666666666667        0.966666666666667       -7.546882400021844       -7.546882400021836        0.000000000000008
        0.200000000000000        1.000000000000000        0.000000000000000        0.000000000000000        0.000000000000000
        0.233333333333333        1.033333333333333        3.906553792549338        3.906553792549333        0.000000000000005
        0.266666666666667        1.066666666666667       14.579457236295028       14.579457236295016        0.000000000000012
        0.300000000000000        0.000000000000000      -41.236932311214007      -41.236932311214024        0.000000000000017
        0.333333333333333        0.033333333333333      -48.783814711235845      -48.783814711235863        0.000000000000019
        0.366666666666667        0.066666666666667      -48.783814711235847      -48.783814711235849        0.000000000000002
        0.300000000000000        0.100000000000000      -29.158914472590075      -29.158914472590060        0.000000000000016
        0.333333333333333        0.133333333333333      -25.252360680040734      -25.252360680040712        0.000000000000021
        0.366666666666667        0.166666666666667      -14.579457236295041      -14.579457236295024        0.000000000000016
        0.300000000000000        0.200000000000000       -0.000000000000003       -0.000000000000000        0.000000000000002
        0.333333333333333        0.233333333333333       13.071583755585165       13.071583755585158        0.000000000000007
        0.366666666666667        0.266666666666667       28.165348555628837       28.165348555628828        0.000000000000010
        0.300000000000000        0.300000000000000       29.158914472590072       29.158914472590063        0.000000000000008
        0.333333333333333        0.333333333333333       43.738371708885111       43.738371708885107        0.000000000000004
        0.366666666666667        0.366666666666667       54.411275152630807       54.411275152630805        0.000000000000002
        0.300000000000000        0.400000000000000       41.236932311214007       41.236932311214000        0.000000000000007
        0.333333333333333        0.433333333333333       48.783814711235846       48.783814711235845        0.000000000000002
        0.366666666666667        0.466666666666667       48.783814711235850       48.783814711235854        0.000000000000004
        0.300000000000000        0.500000000000000       29.158914472590079       29.158914472590082        0.000000000000003
        0.333333333333333        0.533333333333333       25.252360680040739       25.252360680040747        0.000000000000008
        0.366666666666667        0.566666666666667       14.579457236295048       14.579457236295053        0.000000000000005
        0.300000000000000        0.600000000000000        0.000000000000008        0.000000000000006        0.000000000000001
        0.333333333333333        0.633333333333333      -13.071583755585159      -13.071583755585164        0.000000000000005
        0.366666666666667        0.666666666666667      -28.165348555628831      -28.165348555628837        0.000000000000006
        0.300000000000000        0.700000000000000      -29.158914472590068      -29.158914472590067        0.000000000000001
        0.333333333333333        0.733333333333333      -43.738371708885107      -43.738371708885108        0.000000000000000
        0.366666666666667        0.766666666666667      -54.411275152630805      -54.411275152630808        0.000000000000003
        0.300000000000000        0.800000000000000      -41.236932311214007      -41.236932311214006        0.000000000000001
        0.333333333333333        0.833333333333333      -48.783814711235848      -48.783814711235851        0.000000000000003
        0.366666666666667        0.866666666666667      -48.783814711235854      -48.783814711235851        0.000000000000002
        0.300000000000000        0.900000000000000      -29.158914472590082      -29.158914472590071        0.000000000000012
        0.333333333333333        0.933333333333333      -25.252360680040744      -25.252360680040730        0.000000000000015
        0.366666666666667        0.966666666666667      -14.579457236295054      -14.579457236295043        0.000000000000011
        0.300000000000000        1.000000000000000       -0.000000000000013       -0.000000000000013        0.000000000000000
        0.333333333333333        1.033333333333333       13.071583755585153       13.071583755585142        0.000000000000010
        0.366666666666667        1.066666666666667       28.165348555628825       28.165348555628810        0.000000000000016
        0.400000000000000        0.000000000000000      -58.317828945180154      -58.317828945180186        0.000000000000031
        0.433333333333333        0.033333333333333      -54.411275152630813      -54.411275152630836        0.000000000000024
        0.466666666666667        0.066666666666667      -43.738371708885120      -43.738371708885127        0.000000000000007
        0.400000000000000        0.100000000000000      -41.236932311214012      -41.236932311213995        0.000000000000017
        0.433333333333333        0.133333333333333      -28.165348555628845      -28.165348555628823        0.000000000000022
        0.466666666666667        0.166666666666667      -13.071583755585172      -13.071583755585159        0.000000000000013
        0.400000000000000        0.200000000000000       -0.000000000000004       -0.000000000000000        0.000000000000003
        0.433333333333333        0.233333333333333       14.579457236295035       14.579457236295029        0.000000000000006
        0.466666666666667        0.266666666666667       25.252360680040732       25.252360680040727        0.000000000000005
        0.400000000000000        0.300000000000000       41.236932311214007       41.236932311214000        0.000000000000007
        0.433333333333333        0.333333333333333       48.783814711235846       48.783814711235845        0.000000000000002
        0.466666666666667        0.366666666666667       48.783814711235850       48.783814711235854        0.000000000000004
        0.400000000000000        0.400000000000000       58.317828945180154       58.317828945180152        0.000000000000003
        0.433333333333333        0.433333333333333       54.411275152630814       54.411275152630815        0.000000000000001
        0.466666666666667        0.466666666666667       43.738371708885123       43.738371708885132        0.000000000000009
        0.400000000000000        0.500000000000000       41.236932311214017       41.236932311214027        0.000000000000009
        0.433333333333333        0.533333333333333       28.165348555628851       28.165348555628862        0.000000000000011
        0.466666666666667        0.566666666666667       13.071583755585178       13.071583755585185        0.000000000000007
        0.400000000000000        0.600000000000000        0.000000000000011        0.000000000000009        0.000000000000002
        0.433333333333333        0.633333333333333      -14.579457236295029      -14.579457236295035        0.000000000000007
        0.466666666666667        0.666666666666667      -25.252360680040727      -25.252360680040735        0.000000000000009
        0.400000000000000        0.700000000000000      -41.236932311214002      -41.236932311214005        0.000000000000003
        0.433333333333333        0.733333333333333      -48.783814711235843      -48.783814711235846        0.000000000000003
        0.466666666666667        0.766666666666667      -48.783814711235848      -48.783814711235857        0.000000000000009
        0.400000000000000        0.800000000000000      -58.317828945180154      -58.317828945180160        0.000000000000006
        0.433333333333333        0.833333333333333      -54.411275152630816      -54.411275152630822        0.000000000000006
        0.466666666666667        0.866666666666667      -43.738371708885126      -43.738371708885130        0.000000000000004
        0.400000000000000        0.900000000000000      -41.236932311214022      -41.236932311214011        0.000000000000012
        0.433333333333333        0.933333333333333      -28.165348555628857      -28.165348555628842        0.000000000000015
        0.466666666666667        0.966666666666667      -13.071583755585184      -13.071583755585176        0.000000000000008
        0.400000000000000        1.000000000000000       -0.000000000000018       -0.000000000000018        0.000000000000000
        0.433333333333333        1.033333333333333       14.579457236295022       14.579457236295011        0.000000000000011
        0.466666666666667        1.066666666666667       25.252360680040721       25.252360680040710        0.000000000000011
        0.500000000000000        0.000000000000000      -41.236932311214017      -41.236932311214051        0.000000000000033
        0.533333333333333        0.033333333333333      -28.165348555628850      -28.165348555628873        0.000000000000022
        0.566666666666667        0.066666666666667      -13.071583755585178      -13.071583755585183        0.000000000000006
        0.500000000000000        0.100000000000000      -29.158914472590082      -29.158914472590078        0.000000000000004
        0.533333333333333        0.133333333333333      -14.579457236295044      -14.579457236295037        0.000000000000006
        0.566666666666667        0.166666666666667       -3.906553792549347       -3.906553792549344        0.000000000000003
        0.500000000000000        0.200000000000000       -0.000000000000003       -0.000000000000000        0.000000000000002
        0.533333333333333        0.233333333333333        7.546882400021837        7.546882400021836        0.000000000000001
        0.566666666666667        0.266666666666667        7.546882400021840        7.546882400021841        0.000000000000001
        0.500000000000000        0.300000000000000       29.158914472590079       29.158914472590082        0.000000000000003
        0.533333333333333        0.333333333333333       25.252360680040739       25.252360680040747        0.000000000000008
        0.566666666666667        0.366666666666667       14.579457236295048       14.579457236295053        0.000000000000005
        0.500000000000000        0.400000000000000       41.236932311214017       41.236932311214027        0.000000000000009
        0.533333333333333        0.433333333333333       28.165348555628851       28.165348555628862        0.000000000000011
        0.566666666666667        0.466666666666667       13.071583755585178       13.071583755585185        0.000000000000007
        0.500000000000000        0.500000000000000       29.158914472590086       29.158914472590101        0.000000000000015
        0.533333333333333        0.533333333333333       14.579457236295047       14.579457236295058        0.000000000000011
        0.566666666666667        0.566666666666667        3.906553792549349        3.906553792549352        0.000000000000003
        0.500000000000000        0.600000000000000        0.000000000000008        0.000000000000006        0.000000000000001
        0.533333333333333        0.633333333333333       -7.546882400021833       -7.546882400021839        0.000000000000006
        0.566666666666667        0.666666666666667       -7.546882400021839       -7.546882400021844        0.000000000000005
        0.500000000000000        0.700000000000000      -29.158914472590075      -29.158914472590085        0.000000000000010
        0.533333333333333        0.733333333333333      -25.252360680040737      -25.252360680040748        0.000000000000011
        0.566666666666667        0.766666666666667      -14.579457236295047      -14.579457236295054        0.000000000000007
        0.500000000000000        0.800000000000000      -41.236932311214017      -41.236932311214032        0.000000000000015
        0.533333333333333        0.833333333333333      -28.165348555628852      -28.165348555628865        0.000000000000013
        0.566666666666667        0.866666666666667      -13.071583755585179      -13.071583755585184        0.000000000000005
        0.500000000000000        0.900000000000000      -29.158914472590090      -29.158914472590089        0.000000000000000
        0.533333333333333        0.933333333333333      -14.579457236295050      -14.579457236295048        0.000000000000002
        0.566666666666667        0.966666666666667       -3.906553792549351       -3.906553792549349        0.000000000000001
        0.500000000000000        1.000000000000000       -0.000000000000013       -0.000000000000013        0.000000000000000
        0.533333333333333        1.033333333333333        7.546882400021830        7.546882400021827        0.000000000000003
        0.566666666666667        1.066666666666667        7.546882400021837        7.546882400021836        0.000000000000001
        0.600000000000000        0.000000000000000       -0.000000000000011       -0.000000000000009        0.000000000000002
        0.633333333333333        0.033333333333333       14.579457236295028       14.579457236295041        0.000000000000013
        0.666666666666667        0.066666666666667       25.252360680040725       25.252360680040732        0.000000000000008
        0.600000000000000        0.100000000000000       -0.000000000000008       -0.000000000000006        0.000000000000001
        0.633333333333333        0.133333333333333        7.546882400021832        7.546882400021829        0.000000000000003
        0.666666666666667        0.166666666666667        7.546882400021835        7.546882400021829        0.000000000000007
        0.600000000000000        0.200000000000000       -0.000000000000000       -0.000000000000000        0.000000000000000
        0.633333333333333        0.233333333333333       -3.906553792549340       -3.906553792549340        0.000000000000000
        0.666666666666667        0.266666666666667      -14.579457236295031      -14.579457236295030        0.000000000000001
        0.600000000000000        0.300000000000000        0.000000000000008        0.000000000000006        0.000000000000001
        0.633333333333333        0.333333333333333      -13.071583755585159      -13.071583755585164        0.000000000000005
        0.666666666666667        0.366666666666667      -28.165348555628831      -28.165348555628837        0.000000000000006
        0.600000000000000        0.400000000000000        0.000000000000011        0.000000000000009        0.000000000000002
        0.633333333333333        0.433333333333333      -14.579457236295029      -14.579457236295035        0.000000000000007
        0.666666666666667        0.466666666666667      -25.252360680040727      -25.252360680040735        0.000000000000009
        0.600000000000000        0.500000000000000        0.000000000000008        0.000000000000006        0.000000000000001
        0.633333333333333        0.533333333333333       -7.546882400021833       -7.546882400021839        0.000000000000006
        0.666666666666667        0.566666666666667       -7.546882400021839       -7.546882400021844        0.000000000000005
        0.600000000000000        0.600000000000000        0.000000000000000        0.000000000000000        0.000000000000000
        0.633333333333333        0.633333333333333        3.906553792549338        3.906553792549342        0.000000000000003
        0.666666666666667        0.666666666666667       14.579457236295028       14.579457236295035        0.000000000000007
        0.600000000000000        0.700000000000000       -0.000000000000008       -0.000000000000006        0.000000000000001
        0.633333333333333        0.733333333333333       13.071583755585158       13.071583755585164        0.000000000000006
        0.666666666666667        0.766666666666667       28.165348555628830       28.165348555628839        0.000000000000009
        0.600000000000000        0.800000000000000       -0.000000000000011       -0.000000000000009        0.000000000000002
        0.633333333333333        0.833333333333333       14.579457236295029       14.579457236295037        0.000000000000008
        0.666666666666667        0.866666666666667       25.252360680040728       25.252360680040734        0.000000000000005
        0.600000000000000        0.900000000000000       -0.000000000000008       -0.000000000000006        0.000000000000001
        0.633333333333333        0.933333333333333        7.546882400021835        7.546882400021834        0.000000000000001
        0.666666666666667        0.966666666666667        7.546882400021842        7.546882400021838        0.000000000000004
        0.600000000000000        1.000000000000000       -0.000000000000000       -0.000000000000000        0.000000000000000
        0.633333333333333        1.033333333333333       -3.906553792549336       -3.906553792549335        0.000000000000001
        0.666666666666667        1.066666666666667      -14.579457236295025      -14.579457236295021        0.000000000000004
        0.700000000000000        0.000000000000000       41.236932311214002       41.236932311214029        0.000000000000027
        0.733333333333333        0.033333333333333       48.783814711235841       48.783814711235864        0.000000000000023
        0.766666666666667        0.066666666666667       48.783814711235845       48.783814711235852        0.000000000000007
        0.700000000000000        0.100000000000000       29.158914472590072       29.158914472590063        0.000000000000009
        0.733333333333333        0.133333333333333       25.252360680040732       25.252360680040713        0.000000000000019
        0.766666666666667        0.166666666666667       14.579457236295040       14.579457236295025        0.000000000000015
        0.700000000000000        0.200000000000000        0.000000000000003        0.000000000000000        0.000000000000002
        0.733333333333333        0.233333333333333      -13.071583755585164      -13.071583755585158        0.000000000000005
        0.766666666666667        0.266666666666667      -28.165348555628836      -28.165348555628829        0.000000000000007
        0.700000000000000        0.300000000000000      -29.158914472590068      -29.158914472590067        0.000000000000001
        0.733333333333333        0.333333333333333      -43.738371708885107      -43.738371708885108        0.000000000000000
        0.766666666666667        0.366666666666667      -54.411275152630805      -54.411275152630808        0.000000000000003
        0.700000000000000        0.400000000000000      -41.236932311214002      -41.236932311214005        0.000000000000003
        0.733333333333333        0.433333333333333      -48.783814711235843      -48.783814711235846        0.000000000000003
        0.766666666666667        0.466666666666667      -48.783814711235848      -48.783814711235857        0.000000000000009
        0.700000000000000        0.500000000000000      -29.158914472590075      -29.158914472590085        0.000000000000010
        0.733333333333333        0.533333333333333      -25.252360680040737      -25.252360680040748        0.000000000000011
        0.766666666666667        0.566666666666667      -14.579457236295047      -14.579457236295054        0.000000000000007
        0.700000000000000        0.600000000000000       -0.000000000000008       -0.000000000000006        0.000000000000001
        0.733333333333333        0.633333333333333       13.071583755585158       13.071583755585164        0.000000000000006
        0.766666666666667        0.666666666666667       28.165348555628830       28.165348555628839        0.000000000000009
        0.700000000000000        0.700000000000000       29.158914472590065       29.158914472590070        0.000000000000006
        0.733333333333333        0.733333333333333       43.738371708885104       43.738371708885109        0.000000000000004
        0.766666666666667        0.766666666666667       54.411275152630804       54.411275152630812        0.000000000000008
        0.700000000000000        0.800000000000000       41.236932311214002       41.236932311214011        0.000000000000009
        0.733333333333333        0.833333333333333       48.783814711235845       48.783814711235852        0.000000000000007
        0.766666666666667        0.866666666666667       48.783814711235852       48.783814711235854        0.000000000000003
        0.700000000000000        0.900000000000000       29.158914472590079       29.158914472590074        0.000000000000005
        0.733333333333333        0.933333333333333       25.252360680040743       25.252360680040730        0.000000000000012
        0.766666666666667        0.966666666666667       14.579457236295054       14.579457236295044        0.000000000000010
        0.700000000000000        1.000000000000000        0.000000000000013        0.000000000000013        0.000000000000000
        0.733333333333333        1.033333333333333      -13.071583755585152      -13.071583755585143        0.000000000000009
        0.766666666666667        1.066666666666667      -28.165348555628824      -28.165348555628812        0.000000000000013
        0.800000000000000        0.000000000000000       58.317828945180154       58.317828945180194        0.000000000000040
        0.833333333333333        0.033333333333333       54.411275152630814       54.411275152630843        0.000000000000029
        0.866666666666667        0.066666666666667       43.738371708885123       43.738371708885125        0.000000000000002
        0.800000000000000        0.100000000000000       41.236932311214012       41.236932311214001        0.000000000000011
        0.833333333333333        0.133333333333333       28.165348555628846       28.165348555628826        0.000000000000020
        0.866666666666667        0.166666666666667       13.071583755585173       13.071583755585159        0.000000000000015
        0.800000000000000        0.200000000000000        0.000000000000004        0.000000000000000        0.000000000000003
        0.833333333333333        0.233333333333333      -14.579457236295036      -14.579457236295031        0.000000000000005
        0.866666666666667        0.266666666666667      -25.252360680040734      -25.252360680040725        0.000000000000009
        0.800000000000000        0.300000000000000      -41.236932311214007      -41.236932311214006        0.000000000000001
        0.833333333333333        0.333333333333333      -48.783814711235848      -48.783814711235851        0.000000000000003
        0.866666666666667        0.366666666666667      -48.783814711235854      -48.783814711235851        0.000000000000002
        0.800000000000000        0.400000000000000      -58.317828945180154      -58.317828945180160        0.000000000000006
        0.833333333333333        0.433333333333333      -54.411275152630816      -54.411275152630822        0.000000000000006
        0.866666666666667        0.466666666666667      -43.738371708885126      -43.738371708885130        0.000000000000004
        0.800000000000000        0.500000000000000      -41.236932311214017      -41.236932311214032        0.000000000000015
        0.833333333333333        0.533333333333333      -28.165348555628852      -28.165348555628865        0.000000000000013
        0.866666666666667        0.566666666666667      -13.071583755585179      -13.071583755585184        0.000000000000005
        0.800000000000000        0.600000000000000       -0.000000000000011       -0.000000000000009        0.000000000000002
        0.833333333333333        0.633333333333333       14.579457236295029       14.579457236295037        0.000000000000008
        0.866666666666667        0.666666666666667       25.252360680040728       25.252360680040734        0.000000000000005
        0.800000000000000        0.700000000000000       41.236932311214002       41.236932311214011        0.000000000000009
        0.833333333333333        0.733333333333333       48.783814711235845       48.783814711235852        0.000000000000007
        0.866666666666667        0.766666666666667       48.783814711235852       48.783814711235854        0.000000000000003
        0.800000000000000        0.800000000000000       58.317828945180154       58.317828945180168        0.000000000000014
        0.833333333333333        0.833333333333333       54.411275152630818       54.411275152630829        0.000000000000011
        0.866666666666667        0.866666666666667       43.738371708885129       43.738371708885127        0.000000000000002
        0.800000000000000        0.900000000000000       41.236932311214022       41.236932311214017        0.000000000000006
        0.833333333333333        0.933333333333333       28.165348555628858       28.165348555628846        0.000000000000012
        0.866666666666667        0.966666666666667       13.071583755585185       13.071583755585175        0.000000000000010
        0.800000000000000        1.000000000000000        0.000000000000018        0.000000000000018        0.000000000000000
        0.833333333333333        1.033333333333333      -14.579457236295022      -14.579457236295013        0.000000000000009
        0.866666666666667        1.066666666666667      -25.252360680040723      -25.252360680040709        0.000000000000014
        0.900000000000000        0.000000000000000       41.236932311214022       41.236932311214035        0.000000000000013
        0.933333333333333        0.033333333333333       28.165348555628856       28.165348555628853        0.000000000000003
        0.966666666666667        0.066666666666667       13.071583755585183       13.071583755585174        0.000000000000009
        0.900000000000000        0.100000000000000       29.158914472590086       29.158914472590067        0.000000000000019
        0.933333333333333        0.133333333333333       14.579457236295047       14.579457236295027        0.000000000000019
        0.966666666666667        0.166666666666667        3.906553792549349        3.906553792549342        0.000000000000007
        0.900000000000000        0.200000000000000        0.000000000000003        0.000000000000000        0.000000000000002
        0.933333333333333        0.233333333333333       -7.546882400021838       -7.546882400021831        0.000000000000007
        0.966666666666667        0.266666666666667       -7.546882400021844       -7.546882400021836        0.000000000000008
        0.900000000000000        0.300000000000000      -29.158914472590082      -29.158914472590071        0.000000000000012
        0.933333333333333        0.333333333333333      -25.252360680040744      -25.252360680040730        0.000000000000014
        0.966666666666667        0.366666666666667      -14.579457236295054      -14.579457236295043        0.000000000000011
        0.900000000000000        0.400000000000000      -41.236932311214022      -41.236932311214011        0.000000000000012
        0.933333333333333        0.433333333333333      -28.165348555628857      -28.165348555628842        0.000000000000015
        0.966666666666667        0.466666666666667      -13.071583755585184      -13.071583755585176        0.000000000000008
        0.900000000000000        0.500000000000000      -29.158914472590090      -29.158914472590089        0.000000000000000
        0.933333333333333        0.533333333333333      -14.579457236295050      -14.579457236295048        0.000000000000002
        0.966666666666667        0.566666666666667       -3.906553792549351       -3.906553792549349        0.000000000000001
        0.900000000000000        0.600000000000000       -0.000000000000008       -0.000000000000006        0.000000000000001
        0.933333333333333        0.633333333333333        7.546882400021835        7.546882400021834        0.000000000000001
        0.966666666666667        0.666666666666667        7.546882400021842        7.546882400021838        0.000000000000004
        0.900000000000000        0.700000000000000       29.158914472590079       29.158914472590074        0.000000000000005
        0.933333333333333        0.733333333333333       25.252360680040743       25.252360680040730        0.000000000000012
        0.966666666666667        0.766666666666667       14.579457236295054       14.579457236295044        0.000000000000010
        0.900000000000000        0.800000000000000       41.236932311214022       41.236932311214017        0.000000000000006
        0.933333333333333        0.833333333333333       28.165348555628858       28.165348555628846        0.000000000000012
        0.966666666666667        0.866666666666667       13.071583755585185       13.071583755585175        0.000000000000010
        0.900000000000000        0.900000000000000       29.158914472590093       29.158914472590078        0.000000000000015
        0.933333333333333        0.933333333333333       14.579457236295053       14.579457236295037        0.000000000000015
        0.966666666666667        0.966666666666667        3.906553792549352        3.906553792549346        0.000000000000006
        0.900000000000000        1.000000000000000        0.000000000000013        0.000000000000013        0.000000000000000
        0.933333333333333        1.033333333333333       -7.546882400021831       -7.546882400021822        0.000000000000010
        0.966666666666667        1.066666666666667       -7.546882400021841       -7.546882400021831        0.000000000000010
        1.000000000000000        0.000000000000000        0.000000000000018        0.000000000000018        0.000000000000000
        1.033333333333333        0.033333333333333      -14.579457236295021      -14.579457236295017        0.000000000000005
        1.066666666666667        0.066666666666667      -25.252360680040719      -25.252360680040708        0.000000000000012
        1.000000000000000        0.100000000000000        0.000000000000013        0.000000000000013        0.000000000000000
        1.033333333333333        0.133333333333333       -7.546882400021828       -7.546882400021816        0.000000000000012
        1.066666666666667        0.166666666666667       -7.546882400021834       -7.546882400021821        0.000000000000012
        1.000000000000000        0.200000000000000        0.000000000000000        0.000000000000000        0.000000000000000
        1.033333333333333        0.233333333333333        3.906553792549338        3.906553792549333        0.000000000000005
        1.066666666666667        0.266666666666667       14.579457236295028       14.579457236295016        0.000000000000012
        1.000000000000000        0.300000000000000       -0.000000000000013       -0.000000000000013        0.000000000000000
        1.033333333333333        0.333333333333333       13.071583755585153       13.071583755585142        0.000000000000010
        1.066666666666667        0.366666666666667       28.165348555628825       28.165348555628810        0.000000000000016
        1.000000000000000        0.400000000000000       -0.000000000000018       -0.000000000000018        0.000000000000000
        1.033333333333333        0.433333333333333       14.579457236295022       14.579457236295011        0.000000000000011
        1.066666666666667        0.466666666666667       25.252360680040721       25.252360680040710        0.000000000000011
        1.000000000000000        0.500000000000000       -0.000000000000013       -0.000000000000013        0.000000000000000
        1.033333333333333        0.533333333333333        7.546882400021830        7.546882400021827        0.000000000000003
        1.066666666666667        0.566666666666667        7.546882400021837        7.546882400021836        0.000000000000001
        1.000000000000000        0.600000000000000       -0.000000000000000       -0.000000000000000        0.000000000000000
        1.033333333333333        0.633333333333333       -3.906553792549336       -3.906553792549335        0.000000000000001
        1.066666666666667        0.666666666666667      -14.579457236295025      -14.579457236295021        0.000000000000004
        1.000000000000000        0.700000000000000        0.000000000000013        0.000000000000013        0.000000000000000
        1.033333333333333        0.733333333333333      -13.071583755585152      -13.071583755585143        0.000000000000009
        1.066666666666667        0.766666666666667      -28.165348555628824      -28.165348555628812        0.000000000000013
        1.000000000000000        0.800000000000000        0.000000000000018        0.000000000000018        0.000000000000000
        1.033333333333333        0.833333333333333      -14.579457236295022      -14.579457236295013        0.000000000000009
        1.066666666666667        0.866666666666667      -25.252360680040723      -25.252360680040709        0.000000000000014
        1.000000000000000        0.900000000000000        0.000000000000013        0.000000000000013        0.000000000000000
        1.033333333333333        0.933333333333333       -7.546882400021831       -7.546882400021822        0.000000000000010
        1.066666666666667        0.966666666666667       -7.546882400021841       -7.546882400021831        0.000000000000010
        1.000000000000000        1.000000000000000        0.000000000000000        0.000000000000000        0.000000000000000
        1.033333333333333        1.033333333333333        3.906553792549334        3.906553792549329        0.000000000000006
        1.066666666666667        1.066666666666667       14.579457236295022       14.579457236295007        0.000000000000015
