        0.000000000000000        0.000000000000000       57.816370172997861       57.816370172997925        0.000000000000065
        0.033333333333333        0.033333333333333       53.943407748709454       53.943407748709500        0.000000000000046
        0.066666666666667        0.066666666666667       43.362277629748397       43.362277629748402        0.000000000000006
        0.000000000000000        0.100000000000000       40.882347412918432       40.882347412918439        0.000000000000007
        0.033333333333333        0.133333333333333       27.923162566193802       27.923162566193792        0.000000000000011
        0.066666666666667        0.166666666666667       12.959184846724633       12.959184846724620        0.000000000000013
        0.000000000000000        0.200000000000000        0.000000000000004        0.000000000000000        0.000000000000003
        0.033333333333333        0.233333333333333      -14.454092543249461      -14.454092543249461        0.000000000000000
        0.066666666666667        0.266666666666667      -25.035222662210520      -25.035222662210514        0.000000000000006
        0.000000000000000        0.300000000000000      -40.882347412918427      -40.882347412918444        0.000000000000017
        0.033333333333333        0.333333333333333      -48.364336272653013      -48.364336272653032        0.000000000000018
        0.066666666666667        0.366666666666667      -48.364336272653015      -48.364336272653017        0.000000000000002
        0.000000000000000        0.400000000000000      -57.816370172997861      -57.816370172997892        0.000000000000031
        0.033333333333333        0.433333333333333      -53.943407748709456      -53.943407748709479        0.000000000000023
        0.066666666666667        0.466666666666667      -43.362277629748400      -43.362277629748407        0.000000000000007
        0.000000000000000        0.500000000000000      -40.882347412918437      -40.882347412918470        0.000000000000033
        0.033333333333333        0.533333333333333      -27.923162566193808      -27.923162566193831        0.000000000000022
        0.066666666666667        0.566666666666667      -12.959184846724639      -12.959184846724645        0.000000000000006
        0.000000000000000        0.600000000000000       -0.000000000000011       -0.000000000000009        0.000000000000002
        0.033333333333333        0.633333333333333       14.454092543249455       14.454092543249467        0.000000000000013
        0.066666666666667        0.666666666666667       25.035222662210515       25.035222662210523        0.000000000000007
        0.000000000000000        0.700000000000000       40.882347412918422       40.882347412918449        0.000000000000027
        0.033333333333333        0.733333333333333       48.364336272653010       48.364336272653033        0.000000000000023
        0.066666666666667        0.766666666666667       48.364336272653013       48.364336272653020        0.000000000000007
        0.000000000000000        0.800000000000000       57.816370172997861       57.816370172997900        0.000000000000039
        0.033333333333333        0.833333333333333       53.943407748709458       53.943407748709486        0.000000000000028
        0.066666666666667        0.866666666666667       43.362277629748403       43.362277629748404        0.000000000000002
        0.000000000000000        0.900000000000000       40.882347412918442       40.882347412918455        0.000000000000012
        0.033333333333333        0.933333333333333       27.923162566193814       27.923162566193811        0.000000000000003
        0.066666666666667        0.966666666666667       12.959184846724645       12.959184846724636        0.000000000000009
        0.000000000000000        1.000000000000000        0.000000000000018        0.000000000000018        0.000000000000000
        0.033333333333333        1.033333333333333      -14.454092543249448      -14.454092543249443        0.000000000000005
        0.066666666666667        1.066666666666667      -25.035222662210510      -25.035222662210498        0.000000000000012
        0.100000000000000        0.000000000000000       40.882347412918432       40.882347412918439        0.000000000000007
        0.133333333333333        0.033333333333333       27.923162566193802       27.923162566193792        0.000000000000011
        0.166666666666667        0.066666666666667       12.959184846724633       12.959184846724620        0.000000000000013
        0.100000000000000        0.100000000000000       28.908185086498932       28.908185086498910        0.000000000000023
        0.133333333333333        0.133333333333333       14.454092543249467       14.454092543249444        0.000000000000023
        0.166666666666667        0.166666666666667        3.872962424288408        3.872962424288400        0.000000000000009
        0.100000000000000        0.200000000000000        0.000000000000003        0.000000000000000        0.000000000000002
        0.133333333333333        0.233333333333333       -7.481988859734583       -7.481988859734574        0.000000000000009
        0.166666666666667        0.266666666666667       -7.481988859734585       -7.481988859734574        0.000000000000011
        0.100000000000000        0.300000000000000      -28.908185086498929      -28.908185086498913        0.000000000000015
        0.133333333333333        0.333333333333333      -25.035222662210524      -25.035222662210503        0.000000000000021
        0.166666666666667        0.366666666666667      -14.454092543249467      -14.454092543249451        0.000000000000016
        0.100000000000000        0.400000000000000      -40.882347412918432      -40.882347412918416        0.000000000000017
        0.133333333333333        0.433333333333333      -27.923162566193803      -27.923162566193781        0.000000000000022
        0.166666666666667        0.466666666666667      -12.959184846724634      -12.959184846724621        0.000000000000013
        0.100000000000000        0.500000000000000      -28.908185086498936      -28.908185086498932        0.000000000000004
        0.133333333333333        0.533333333333333      -14.454092543249470      -14.454092543249464        0.000000000000006
        0.166666666666667        0.566666666666667       -3.872962424288410       -3.872962424288407        0.000000000000003
        0.100000000000000        0.600000000000000       -0.000000000000008       -0.000000000000006        0.000000000000001
        0.133333333333333        0.633333333333333        7.481988859734580        7.481988859734577        0.000000000000003
        0.166666666666667        0.666666666666667        7.481988859734584        7.481988859734577        0.000000000000007
        0.100000000000000        0.700000000000000       28.908185086498925       28.908185086498917        0.000000000000008
        0.133333333333333        0.733333333333333       25.035222662210522       25.035222662210503        0.000000000000019
        0.166666666666667        0.766666666666667       14.454092543249467       14.454092543249452        0.000000000000015
        0.100000000000000        0.800000000000000       40.882347412918432       40.882347412918421        0.000000000000011
        0.133333333333333        0.833333333333333       27.923162566193804       27.923162566193785        0.000000000000020
        0.166666666666667        0.866666666666667       12.959184846724635       12.959184846724621        0.000000000000015
        0.100000000000000        0.900000000000000       28.908185086498939       28.908185086498921        0.000000000000019
        0.133333333333333        0.933333333333333       14.454092543249473       14.454092543249454        0.000000000000019
        0.166666666666667        0.966666666666667        3.872962424288412        3.872962424288405        0.000000000000007
        0.100000000000000        1.000000000000000        0.000000000000013        0.000000000000013        0.000000000000000
        0.133333333333333        1.033333333333333       -7.481988859734576       -7.481988859734565        0.000000000000012
        0.166666666666667        1.066666666666667       -7.481988859734582       -7.481988859734570        0.000000000000012
        0.200000000000000        0.000000000000000        0.000000000000004        0.000000000000000        0.000000000000003
        0.233333333333333        0.033333333333333      -14.454092543249461      -14.454092543249461        0.000000000000000
        0.266666666666667        0.066666666666667      -25.035222662210520      -25.035222662210514        0.000000000000006
        0.200000000000000        0.100000000000000        0.000000000000003        0.000000000000000        0.000000000000002
        0.233333333333333        0.133333333333333       -7.481988859734583       -7.481988859734574        0.000000000000009
        0.266666666666667        0.166666666666667       -7.481988859734585       -7.481988859734574        0.000000000000011
        0.200000000000000        0.200000000000000        0.000000000000000       -0.000000000000000        0.000000000000000
        0.233333333333333        0.233333333333333        3.872962424288405        3.872962424288401        0.000000000000004
        0.266666666666667        0.266666666666667       14.454092543249461       14.454092543249452        0.000000000000009
        0.200000000000000        0.300000000000000       -0.000000000000003       -0.000000000000000        0.000000000000002
        0.233333333333333        0.333333333333333       12.959184846724627       12.959184846724620        0.000000000000006
        0.266666666666667        0.366666666666667       27.923162566193796       27.923162566193786        0.000000000000009
        0.200000000000000        0.400000000000000       -0.000000000000004       -0.000000000000000        0.000000000000003
        0.233333333333333        0.433333333333333       14.454092543249462       14.454092543249455        0.000000000000006
        0.266666666666667        0.466666666666667       25.035222662210522       25.035222662210517        0.000000000000005
        0.200000000000000        0.500000000000000       -0.000000000000003       -0.000000000000000        0.000000000000002
        0.233333333333333        0.533333333333333        7.481988859734585        7.481988859734584        0.000000000000001
        0.266666666666667        0.566666666666667        7.481988859734589        7.481988859734589        0.000000000000001
        0.200000000000000        0.600000000000000       -0.000000000000000       -0.000000000000000        0.000000000000000
        0.233333333333333        0.633333333333333       -3.872962424288403       -3.872962424288403        0.000000000000000
        0.266666666666667        0.666666666666667      -14.454092543249458      -14.454092543249457        0.000000000000001
        0.200000000000000        0.700000000000000        0.000000000000003        0.000000000000000        0.000000000000002
        0.233333333333333        0.733333333333333      -12.959184846724626      -12.959184846724620        0.000000000000005
        0.266666666666667        0.766666666666667      -27.923162566193795      -27.923162566193788        0.000000000000007
        0.200000000000000        0.800000000000000        0.000000000000004        0.000000000000000        0.000000000000003
        0.233333333333333        0.833333333333333      -14.454092543249462      -14.454092543249457        0.000000000000005
        0.266666666666667        0.866666666666667      -25.035222662210524      -25.035222662210515        0.000000000000009
        0.200000000000000        0.900000000000000        0.000000000000003        0.000000000000000        0.000000000000002
        0.233333333333333        0.933333333333333       -7.481988859734586       -7.481988859734579        0.000000000000007
        0.266666666666667        0.966666666666667       -7.481988859734592       -7.481988859734584        0.000000000000008
        0.200000000000000        1.000000000000000        0.000000000000000        0.000000000000000        0.000000000000000
        0.233333333333333        1.033333333333333        3.872962424288401        3.872962424288396        0.000000000000005
        0.266666666666667        1.066666666666667       14.454092543249455       14.454092543249443        0.000000000000012
        0.300000000000000        0.000000000000000      -40.882347412918427      -40.882347412918444        0.000000000000017
        0.333333333333333        0.033333333333333      -48.364336272653013      -48.364336272653032        0.000000000000018
        0.366666666666667        0.066666666666667      -48.364336272653015      -48.364336272653017        0.000000000000002
        0.300000000000000        0.100000000000000      -28.908185086498929      -28.908185086498913        0.000000000000015
        0.333333333333333        0.133333333333333      -25.035222662210524      -25.035222662210503        0.000000000000021
        0.366666666666667        0.166666666666667      -14.454092543249467      -14.454092543249451        0.000000000000016
        0.300000000000000        0.200000000000000       -0.000000000000003       -0.000000000000000        0.000000000000002
        0.333333333333333        0.233333333333333       12.959184846724627       12.959184846724620        0.000000000000006
        0.366666666666667        0.266666666666667       27.923162566193796       27.923162566193786        0.000000000000009
        0.300000000000000        0.300000000000000       28.908185086498925       28.908185086498917        0.000000000000008
        0.333333333333333        0.333333333333333       43.362277629748390       43.362277629748387        0.000000000000004
        0.366666666666667        0.366666666666667       53.943407748709451       53.943407748709449        0.000000000000002
        0.300000000000000        0.400000000000000       40.882347412918427       40.882347412918421        0.000000000000007
        0.333333333333333        0.433333333333333       48.364336272653015       48.364336272653013        0.000000000000002
        0.366666666666667        0.466666666666667       48.364336272653018       48.364336272653023        0.000000000000004
        0.300000000000000        0.500000000000000       28.908185086498932       28.908185086498935        0.000000000000003
        0.333333333333333        0.533333333333333       25.035222662210529       25.035222662210538        0.000000000000008
        0.366666666666667        0.566666666666667       14.454092543249474       14.454092543249479        0.000000000000005
        0.300000000000000        0.600000000000000        0.000000000000008        0.000000000000006        0.000000000000001
        0.333333333333333        0.633333333333333      -12.959184846724621      -12.959184846724626        0.000000000000005
        0.366666666666667        0.666666666666667      -27.923162566193790      -27.923162566193796        0.000000000000006
        0.300000000000000        0.700000000000000      -28.908185086498922      -28.908185086498920        0.000000000000001
        0.333333333333333        0.733333333333333      -43.362277629748387      -43.362277629748388        0.000000000000000
        0.366666666666667        0.766666666666667      -53.943407748709449      -53.943407748709452        0.000000000000003
        0.300000000000000        0.800000000000000      -40.882347412918427      -40.882347412918426        0.000000000000001
        0.333333333333333        0.833333333333333      -48.364336272653016      -48.364336272653019        0.000000000000003
        0.366666666666667        0.866666666666667      -48.364336272653022      -48.364336272653020        0.000000000000002
        0.300000000000000        0.900000000000000      -28.908185086498936      -28.908185086498924        0.000000000000012
        0.333333333333333        0.933333333333333      -25.035222662210535      -25.035222662210520        0.000000000000014
        0.366666666666667        0.966666666666667      -14.454092543249481      -14.454092543249470        0.000000000000011
        0.300000000000000        1.000000000000000       -0.000000000000013       -0.000000000000013        0.000000000000000
        0.333333333333333        1.033333333333333       12.959184846724615       12.959184846724604        0.000000000000010
        0.366666666666667        1.066666666666667       27.923162566193784       27.923162566193768        0.000000000000015
        0.400000000000000        0.000000000000000      -57.816370172997861      -57.816370172997892        0.000000000000031
        0.433333333333333        0.033333333333333      -53.943407748709456      -53.943407748709479        0.000000000000023
        0.466666666666667        0.066666666666667      -43.362277629748400      -43.362277629748407        0.000000000000007
        0.400000000000000        0.100000000000000      -40.882347412918432      -40.882347412918416        0.000000000000017
        0.433333333333333        0.133333333333333      -27.923162566193803      -27.923162566193781        0.000000000000022
        0.466666666666667        0.166666666666667      -12.959184846724634      -12.959184846724621        0.000000000000013
        0.400000000000000        0.200000000000000       -0.000000000000004       -0.000000000000000        0.000000000000003
        0.433333333333333        0.233333333333333       14.454092543249462       14.454092543249455        0.000000000000006
        0.466666666666667        0.266666666666667       25.035222662210522       25.035222662210517        0.000000000000005
        0.400000000000000        0.300000000000000       40.882347412918427       40.882347412918421        0.000000000000007
        0.433333333333333        0.333333333333333       48.364336272653015       48.364336272653013        0.000000000000002
        0.466666666666667        0.366666666666667       48.364336272653018       48.364336272653023        0.000000000000004
        0.400000000000000        0.400000000000000       57.816370172997861       57.816370172997858        0.000000000000003
        0.433333333333333        0.433333333333333       53.943407748709458       53.943407748709459        0.000000000000001
        0.466666666666667        0.466666666666667       43.362277629748403       43.362277629748412        0.000000000000009
        0.400000000000000        0.500000000000000       40.882347412918437       40.882347412918447        0.000000000000009
        0.433333333333333        0.533333333333333       27.923162566193809       27.923162566193820        0.000000000000011
        0.466666666666667        0.566666666666667       12.959184846724640       12.959184846724647        0.000000000000006
        0.400000000000000        0.600000000000000        0.000000000000011        0.000000000000009        0.000000000000002
        0.433333333333333        0.633333333333333      -14.454092543249455      -14.454092543249462        0.000000000000007
        0.466666666666667        0.666666666666667      -25.035222662210517      -25.035222662210525        0.000000000000009
        0.400000000000000        0.700000000000000      -40.882347412918422      -40.882347412918425        0.000000000000003
        0.433333333333333        0.733333333333333      -48.364336272653011      -48.364336272653014        0.000000000000003
        0.466666666666667        0.766666666666667      -48.364336272653017      -48.364336272653026        0.000000000000009
        0.400000000000000        0.800000000000000      -57.816370172997861      -57.816370172997866        0.000000000000005
        0.433333333333333        0.833333333333333      -53.943407748709460      -53.943407748709466        0.000000000000006
        0.466666666666667        0.866666666666667      -43.362277629748406      -43.362277629748409        0.000000000000004
        0.400000000000000        0.900000000000000      -40.882347412918442      -40.882347412918431        0.000000000000011
        0.433333333333333        0.933333333333333      -27.923162566193815      -27.923162566193801        0.000000000000015
        0.466666666666667        0.966666666666667      -12.959184846724646      -12.959184846724638        0.000000000000008
        0.400000000000000        1.000000000000000       -0.000000000000018       -0.000000000000018        0.000000000000000
        0.433333333333333        1.033333333333333       14.454092543249449       14.454092543249438        0.000000000000011
        0.466666666666667        1.066666666666667       25.035222662210512       25.035222662210501        0.000000000000011
        0.500000000000000        0.000000000000000      -40.882347412918437      -40.882347412918470        0.000000000000033
        0.533333333333333        0.033333333333333      -27.923162566193808      -27.923162566193831        0.000000000000022
        0.566666666666667        0.066666666666667      -12.959184846724639      -12.959184846724645        0.000000000000006
        0.500000000000000        0.100000000000000      -28.908185086498936      -28.908185086498932        0.000000000000004
        0.533333333333333        0.133333333333333      -14.454092543249470      -14.454092543249464        0.000000000000006
        0.566666666666667        0.166666666666667       -3.872962424288410       -3.872962424288407        0.000000000000003
        0.500000000000000        0.200000000000000       -0.000000000000003       -0.000000000000000        0.000000000000002
        0.533333333333333        0.233333333333333        7.481988859734585        7.481988859734584        0.000000000000001
        0.566666666666667        0.266666666666667        7.481988859734589        7.481988859734589        0.000000000000001
        0.500000000000000        0.300000000000000       28.908185086498932       28.908185086498935        0.000000000000003
        0.533333333333333        0.333333333333333       25.035222662210529       25.035222662210538        0.000000000000008
        0.566666666666667        0.366666666666667       14.454092543249474       14.454092543249479        0.000000000000005
        0.500000000000000        0.400000000000000       40.882347412918437       40.882347412918447        0.000000000000009
        0.533333333333333        0.433333333333333       27.923162566193809       27.923162566193820        0.000000000000011
        0.566666666666667        0.466666666666667       12.959184846724640       12.959184846724647        0.000000000000006
        0.500000000000000        0.500000000000000       28.908185086498939       28.908185086498954        0.000000000000014
        0.533333333333333        0.533333333333333       14.454092543249473       14.454092543249484        0.000000000000011
        0.566666666666667        0.566666666666667        3.872962424288412        3.872962424288415        0.000000000000003
        0.500000000000000        0.600000000000000        0.000000000000008        0.000000000000006        0.000000000000001
        0.533333333333333        0.633333333333333       -7.481988859734581       -7.481988859734588        0.000000000000006
        0.566666666666667        0.666666666666667       -7.481988859734587       -7.481988859734592        0.000000000000005
        0.500000000000000        0.700000000000000      -28.908185086498929      -28.908185086498939        0.000000000000010
        0.533333333333333        0.733333333333333      -25.035222662210527      -25.035222662210538        0.000000000000011
        0.566666666666667        0.766666666666667      -14.454092543249474      -14.454092543249480        0.000000000000007
        0.500000000000000        0.800000000000000      -40.882347412918437      -40.882347412918452        0.000000000000015
        0.533333333333333        0.833333333333333      -27.923162566193810      -27.923162566193823        0.000000000000013
        0.566666666666667        0.866666666666667      -12.959184846724641      -12.959184846724646        0.000000000000005
        0.500000000000000        0.900000000000000      -28.908185086498943      -28.908185086498943        0.000000000000000
        0.533333333333333        0.933333333333333      -14.454092543249476      -14.454092543249474        0.000000000000002
        0.566666666666667        0.966666666666667       -3.872962424288414       -3.872962424288412        0.000000000000001
        0.500000000000000        1.000000000000000       -0.000000000000013       -0.000000000000013        0.000000000000000
        0.533333333333333        1.033333333333333        7.481988859734578        7.481988859734575        0.000000000000003
        0.566666666666667        1.066666666666667        7.481988859734585        7.481988859734584        0.000000000000001
        0.600000000000000        0.000000000000000       -0.000000000000011       -0.000000000000009        0.000000000000002
        0.633333333333333        0.033333333333333       14.454092543249455       14.454092543249467        0.000000000000013
        0.666666666666667        0.066666666666667       25.035222662210515       25.035222662210523        0.000000000000007
        0.600000000000000        0.100000000000000       -0.000000000000008       -0.000000000000006        0.000000000000001
        0.633333333333333        0.133333333333333        7.481988859734580        7.481988859734577        0.000000000000003
        0.666666666666667        0.166666666666667        7.481988859734584        7.481988859734577        0.000000000000007
        0.600000000000000        0.200000000000000       -0.000000000000000       -0.000000000000000        0.000000000000000
        0.633333333333333        0.233333333333333       -3.872962424288403       -3.872962424288403        0.000000000000000
        0.666666666666667        0.266666666666667      -14.454092543249458      -14.454092543249457        0.000000000000001
        0.600000000000000        0.300000000000000        0.000000000000008        0.000000000000006        0.000000000000001
        0.633333333333333        0.333333333333333      -12.959184846724621      -12.959184846724626        0.000000000000005
        0.666666666666667        0.366666666666667      -27.923162566193790      -27.923162566193796        0.000000000000006
        0.600000000000000        0.400000000000000        0.000000000000011        0.000000000000009        0.000000000000002
        0.633333333333333        0.433333333333333      -14.454092543249455      -14.454092543249462        0.000000000000007
        0.666666666666667        0.466666666666667      -25.035222662210517      -25.035222662210525        0.000000000000009
        0.600000000000000        0.500000000000000        0.000000000000008        0.000000000000006        0.000000000000001
        0.633333333333333        0.533333333333333       -7.481988859734581       -7.481988859734588        0.000000000000006
        0.666666666666667        0.566666666666667       -7.481988859734587       -7.481988859734592        0.000000000000005
        0.600000000000000        0.600000000000000        0.000000000000000        0.000000000000000        0.000000000000000
        0.633333333333333        0.633333333333333        3.872962424288401        3.872962424288405        0.000000000000003
        0.666666666666667        0.666666666666667       14.454092543249455       14.454092543249462        0.000000000000007
        0.600000000000000        0.700000000000000       -0.000000000000008       -0.000000000000006        0.000000000000001
        0.633333333333333        0.733333333333333       12.959184846724620       12.959184846724626        0.000000000000006
        0.666666666666667        0.766666666666667       27.923162566193789       27.923162566193797        0.000000000000009
        0.600000000000000        0.800000000000000       -0.000000000000011       -0.000000000000009        0.000000000000002
        0.633333333333333        0.833333333333333       14.454092543249456       14.454092543249464        0.000000000000008
        0.666666666666667        0.866666666666667       25.035222662210519       25.035222662210524        0.000000000000005
        0.600000000000000        0.900000000000000       -0.000000000000008       -0.000000000000006        0.000000000000001
        0.633333333333333        0.933333333333333        7.481988859734583        7.481988859734582        0.000000000000001
        0.666666666666667        0.966666666666667        7.481988859734590        7.481988859734586        0.000000000000004
        0.600000000000000        1.000000000000000       -0.000000000000000       -0.000000000000000        0.000000000000000
        0.633333333333333        1.033333333333333       -3.872962424288399       -3.872962424288398        0.000000000000001
        0.666666666666667        1.066666666666667      -14.454092543249452      -14.454092543249448        0.000000000000004
        0.700000000000000        0.000000000000000       40.882347412918422       40.882347412918449        0.000000000000027
        0.733333333333333        0.033333333333333       48.364336272653010       48.364336272653033        0.000000000000023
        0.766666666666667        0.066666666666667       48.364336272653013       48.364336272653020        0.000000000000007
        0.700000000000000        0.100000000000000       28.908185086498925       28.908185086498917        0.000000000000008
        0.733333333333333        0.133333333333333       25.035222662210522       25.035222662210503        0.000000000000019
        0.766666666666667        0.166666666666667       14.454092543249467       14.454092543249452        0.000000000000015
        0.700000000000000        0.200000000000000        0.000000000000003        0.000000000000000        0.000000000000002
        0.733333333333333        0.233333333333333      -12.959184846724626      -12.959184846724620        0.000000000000005
        0.766666666666667        0.266666666666667      -27.923162566193795      -27.923162566193788        0.000000000000007
        0.700000000000000        0.300000000000000      -28.908185086498922      -28.908185086498920        0.000000000000001
        0.733333333333333        0.333333333333333      -43.362277629748387      -43.362277629748388        0.000000000000000
        0.766666666666667        0.366666666666667      -53.943407748709449      -53.943407748709452        0.000000000000003
        0.700000000000000        0.400000000000000      -40.882347412918422      -40.882347412918425        0.000000000000003
        0.733333333333333        0.433333333333333      -48.364336272653011      -48.364336272653014        0.000000000000003
        0.766666666666667        0.466666666666667      -48.364336272653017      -48.364336272653026        0.000000000000009
        0.700000000000000        0.500000000000000      -28.908185086498929      -28.908185086498939        0.000000000000010
        0.733333333333333        0.533333333333333      -25.035222662210527      -25.035222662210538        0.000000000000011
        0.766666666666667        0.566666666666667      -14.454092543249474      -14.454092543249480        0.000000000000007
        0.700000000000000        0.600000000000000       -0.000000000000008       -0.000000000000006        0.000000000000001
        0.733333333333333        0.633333333333333       12.959184846724620       12.959184846724626        0.000000000000006
        0.766666666666667        0.666666666666667       27.923162566193789       27.923162566193797        0.000000000000009
        0.700000000000000        0.700000000000000       28.908185086498918       28.908185086498924        0.000000000000006
        0.733333333333333        0.733333333333333       43.362277629748384       43.362277629748389        0.000000000000004
        0.766666666666667        0.766666666666667       53.943407748709447       53.943407748709455        0.000000000000008
        0.700000000000000        0.800000000000000       40.882347412918422       40.882347412918431        0.000000000000009
        0.733333333333333        0.833333333333333       48.364336272653013       48.364336272653020        0.000000000000007
        0.766666666666667        0.866666666666667       48.364336272653020       48.364336272653023        0.000000000000002
        0.700000000000000        0.900000000000000       28.908185086498932       28.908185086498928        0.000000000000005
        0.733333333333333        0.933333333333333       25.035222662210533       25.035222662210521        0.000000000000012
        0.766666666666667        0.966666666666667       14.454092543249480       14.454092543249470        0.000000000000010
        0.700000000000000        1.000000000000000        0.000000000000013        0.000000000000013        0.000000000000000
        0.733333333333333        1.033333333333333      -12.959184846724614      -12.959184846724605        0.000000000000009
        0.766666666666667        1.066666666666667      -27.923162566193783      -27.923162566193770        0.000000000000013
        0.800000000000000        0.000000000000000       57.816370172997861       57.816370172997900        0.000000000000039
        0.833333333333333        0.033333333333333       53.943407748709458       53.943407748709486        0.000000000000028
        0.866666666666667        0.066666666666667       43.362277629748403       43.362277629748404        0.000000000000002
        0.800000000000000        0.100000000000000       40.882347412918432       40.882347412918421        0.000000000000011
        0.833333333333333        0.133333333333333       27.923162566193804       27.923162566193785        0.000000000000020
        0.866666666666667        0.166666666666667       12.959184846724635       12.959184846724621        0.000000000000015
        0.800000000000000        0.200000000000000        0.000000000000004        0.000000000000000        0.000000000000003
        0.833333333333333        0.233333333333333      -14.454092543249462      -14.454092543249457        0.000000000000005
        0.866666666666667        0.266666666666667      -25.035222662210524      -25.035222662210515        0.000000000000009
        0.800000000000000        0.300000000000000      -40.882347412918427      -40.882347412918426        0.000000000000001
        0.833333333333333        0.333333333333333      -48.364336272653016      -48.364336272653019        0.000000000000003
        0.866666666666667        0.366666666666667      -48.364336272653022      -48.364336272653020        0.000000000000002
        0.800000000000000        0.400000000000000      -57.816370172997861      -57.816370172997866        0.000000000000005
        0.833333333333333        0.433333333333333      -53.943407748709460      -53.943407748709466        0.000000000000006
        0.866666666666667        0.466666666666667      -43.362277629748406      -43.362277629748409        0.000000000000004
        0.800000000000000        0.500000000000000      -40.882347412918437      -40.882347412918452        0.000000000000015
        0.833333333333333        0.533333333333333      -27.923162566193810      -27.923162566193823        0.000000000000013
        0.866666666666667        0.566666666666667      -12.959184846724641      -12.959184846724646        0.000000000000005
        0.800000000000000        0.600000000000000       -0.000000000000011       -0.000000000000009        0.000000000000002
        0.833333333333333        0.633333333333333       14.454092543249456       14.454092543249464        0.000000000000008
        0.866666666666667        0.666666666666667       25.035222662210519       25.035222662210524        0.000000000000005
        0.800000000000000        0.700000000000000       40.882347412918422       40.882347412918431        0.000000000000009
        0.833333333333333        0.733333333333333       48.364336272653013       48.364336272653020        0.000000000000007
        0.866666666666667        0.766666666666667       48.364336272653020       48.364336272653023        0.000000000000002
        0.800000000000000        0.800000000000000       57.816370172997861       57.816370172997874        0.000000000000014
        0.833333333333333        0.833333333333333       53.943407748709461       53.943407748709472        0.000000000000011
        0.866666666666667        0.866666666666667       43.362277629748409       43.362277629748407        0.000000000000002
        0.800000000000000        0.900000000000000       40.882347412918442       40.882347412918437        0.000000000000006
        0.833333333333333        0.933333333333333       27.923162566193816       27.923162566193804        0.000000000000012
        0.866666666666667        0.966666666666667       12.959184846724647       12.959184846724637        0.000000000000010
        0.800000000000000        1.000000000000000        0.000000000000018        0.000000000000018        0.000000000000000
        0.833333333333333        1.033333333333333      -14.454092543249449      -14.454092543249440        0.000000000000009
        0.866666666666667        1.066666666666667      -25.035222662210513      -25.035222662210499        0.000000000000014
        0.900000000000000        0.000000000000000       40.882347412918442       40.882347412918455        0.000000000000012
        0.933333333333333        0.033333333333333       27.923162566193814       27.923162566193811        0.000000000000003
        0.966666666666667        0.066666666666667       12.959184846724645       12.959184846724636        0.000000000000009
        0.900000000000000        0.100000000000000       28.908185086498939       28.908185086498921        0.000000000000019
        0.933333333333333        0.133333333333333       14.454092543249473       14.454092543249454        0.000000000000019
        0.966666666666667        0.166666666666667        3.872962424288412        3.872962424288405        0.000000000000007
        0.900000000000000        0.200000000000000        0.000000000000003        0.000000000000000        0.000000000000002
        0.933333333333333        0.233333333333333       -7.481988859734586       -7.481988859734579        0.000000000000007
        0.966666666666667        0.266666666666667       -7.481988859734592       -7.481988859734584        0.000000000000008
        0.900000000000000        0.300000000000000      -28.908185086498936      -28.908185086498924        0.000000000000012
        0.933333333333333        0.333333333333333      -25.035222662210535      -25.035222662210520        0.000000000000014
        0.966666666666667        0.366666666666667      -14.454092543249481      -14.454092543249470        0.000000000000011
        0.900000000000000        0.400000000000000      -40.882347412918442      -40.882347412918431        0.000000000000011
        0.933333333333333        0.433333333333333      -27.923162566193815      -27.923162566193801        0.000000000000015
        0.966666666666667        0.466666666666667      -12.959184846724646      -12.959184846724638        0.000000000000008
        0.900000000000000        0.500000000000000      -28.908185086498943      -28.908185086498943        0.000000000000000
        0.933333333333333        0.533333333333333      -14.454092543249476      -14.454092543249474        0.000000000000002
        0.966666666666667        0.566666666666667       -3.872962424288414       -3.872962424288412        0.000000000000001
        0.900000000000000        0.600000000000000       -0.000000000000008       -0.000000000000006        0.000000000000001
        0.933333333333333        0.633333333333333        7.481988859734583        7.481988859734582        0.000000000000001
        0.966666666666667        0.666666666666667        7.481988859734590        7.481988859734586        0.000000000000004
        0.900000000000000        0.700000000000000       28.908185086498932       28.908185086498928        0.000000000000005
        0.933333333333333        0.733333333333333       25.035222662210533       25.035222662210521        0.000000000000012
        0.966666666666667        0.766666666666667       14.454092543249480       14.454092543249470        0.000000000000010
        0.900000000000000        0.800000000000000       40.882347412918442       40.882347412918437        0.000000000000006
        0.933333333333333        0.833333333333333       27.923162566193816       27.923162566193804        0.000000000000012
        0.966666666666667        0.866666666666667       12.959184846724647       12.959184846724637        0.000000000000010
        0.900000000000000        0.900000000000000       28.908185086498946       28.908185086498931        0.000000000000015
        0.933333333333333        0.933333333333333       14.454092543249479       14.454092543249464        0.000000000000015
        0.966666666666667        0.966666666666667        3.872962424288415        3.872962424288409        0.000000000000006
        0.900000000000000        1.000000000000000        0.000000000000013        0.000000000000013        0.000000000000000
        0.933333333333333        1.033333333333333       -7.481988859734580       -7.481988859734570        0.000000000000010
        0.966666666666667        1.066666666666667       -7.481988859734589       -7.481988859734579        0.000000000000010
        1.000000000000000        0.000000000000000        0.000000000000018        0.000000000000018        0.000000000000000
        1.033333333333333        0.033333333333333      -14.454092543249448      -14.454092543249443        0.000000000000005
        1.066666666666667        0.066666666666667      -25.035222662210510      -25.035222662210498        0.000000000000012
        1.000000000000000        0.100000000000000        0.000000000000013        0.000000000000013        0.000000000000000
        1.033333333333333        0.133333333333333       -7.481988859734576       -7.481988859734565        0.000000000000012
        1.066666666666667        0.166666666666667       -7.481988859734582       -7.481988859734570        0.000000000000012
        1.000000000000000        0.200000000000000        0.000000000000000        0.000000000000000        0.000000000000000
        1.033333333333333        0.233333333333333        3.872962424288401        3.872962424288396        0.000000000000005
        1.066666666666667        0.266666666666667       14.454092543249455       14.454092543249443        0.000000000000012
        1.000000000000000        0.300000000000000       -0.000000000000013       -0.000000000000013        0.000000000000000
        1.033333333333333        0.333333333333333       12.959184846724615       12.959184846724604        0.000000000000010
        1.066666666666667        0.366666666666667       27.923162566193784       27.923162566193768        0.000000000000015
        1.000000000000000        0.400000000000000       -0.000000000000018       -0.000000000000018        0.000000000000000
        1.033333333333333        0.433333333333333       14.454092543249449       14.454092543249438        0.000000000000011
        1.066666666666667        0.466666666666667       25.035222662210512       25.035222662210501        0.000000000000011
        1.000000000000000        0.500000000000000       -0.000000000000013       -0.000000000000013        0.000000000000000
        1.033333333333333        0.533333333333333        7.481988859734578        7.481988859734575        0.000000000000003
        1.066666666666667        0.566666666666667        7.481988859734585        7.481988859734584        0.000000000000001
        1.000000000000000        0.600000000000000       -0.000000000000000       -0.000000000000000        0.000000000000000
        1.033333333333333        0.633333333333333       -3.872962424288399       -3.872962424288398        0.000000000000001
        1.066666666666667        0.666666666666667      -14.454092543249452      -14.454092543249448        0.000000000000004
        1.000000000000000        0.700000000000000        0.000000000000013        0.000000000000013        0.000000000000000
        1.033333333333333        0.733333333333333      -12.959184846724614      -12.959184846724605        0.000000000000009
        1.066666666666667        0.766666666666667      -27.923162566193783      -27.923162566193770        0.000000000000013
        1.000000000000000        0.800000000000000        0.000000000000018        0.000000000000018        0.000000000000000
        1.033333333333333        0.833333333333333      -14.454092543249449      -14.454092543249440        0.000000000000009
        1.066666666666667        0.866666666666667      -25.035222662210513      -25.035222662210499        0.000000000000014
        1.000000000000000        0.900000000000000        0.000000000000013        0.000000000000013        0.000000000000000
        1.033333333333333        0.933333333333333       -7.481988859734580       -7.481988859734570        0.000000000000010
        1.066666666666667        0.966666666666667       -7.481988859734589       -7.481988859734579        0.000000000000010
        1.000000000000000        1.000000000000000        0.000000000000000        0.000000000000000        0.000000000000000
        1.033333333333333        1.033333333333333        3.872962424288398        3.872962424288392        0.000000000000006
        1.066666666666667        1.066666666666667       14.454092543249449       14.454092543249434        0.000000000000015
