        0.000000000000000        0.000000000000000       57.283876829363606       57.283876829363670        0.000000000000064
        0.033333333333333        0.033333333333333       53.446584695425636       53.446584695425682        0.000000000000045
        0.066666666666667        0.066666666666667       42.962907622022706       42.962907622022711        0.000000000000006
        0.000000000000000        0.100000000000000       40.505817758697952       40.505817758697959        0.000000000000007
        0.033333333333333        0.133333333333333       27.665988029722129       27.665988029722119        0.000000000000010
        0.066666666666667        0.166666666666667       12.839829728975827       12.839829728975813        0.000000000000013
        0.000000000000000        0.200000000000000        0.000000000000004        0.000000000000000        0.000000000000003
        0.033333333333333        0.233333333333333      -14.320969207340898      -14.320969207340897        0.000000000000000
        0.066666666666667        0.266666666666667      -24.804646280743830      -24.804646280743824        0.000000000000006
        0.000000000000000        0.300000000000000      -40.505817758697948      -40.505817758697964        0.000000000000017
        0.033333333333333        0.333333333333333      -47.918896909071100      -47.918896909071118        0.000000000000018
        0.066666666666667        0.366666666666667      -47.918896909071102      -47.918896909071104        0.000000000000002
        0.000000000000000        0.400000000000000      -57.283876829363606      -57.283876829363637        0.000000000000031
        0.033333333333333        0.433333333333333      -53.446584695425638      -53.446584695425661        0.000000000000023
        0.066666666666667        0.466666666666667      -42.962907622022709      -42.962907622022716        0.000000000000007
        0.000000000000000        0.500000000000000      -40.505817758697957      -40.505817758697990        0.000000000000033
        0.033333333333333        0.533333333333333      -27.665988029722135      -27.665988029722157        0.000000000000022
        0.066666666666667        0.566666666666667      -12.839829728975832      -12.839829728975838        0.000000000000006
        0.000000000000000        0.600000000000000       -0.000000000000011       -0.000000000000009        0.000000000000002
        0.033333333333333        0.633333333333333       14.320969207340891       14.320969207340904        0.000000000000012
        0.066666666666667        0.666666666666667       24.804646280743825       24.804646280743832        0.000000000000007
        0.000000000000000        0.700000000000000       40.505817758697943       40.505817758697969        0.000000000000027
        0.033333333333333        0.733333333333333       47.918896909071097       47.918896909071119        0.000000000000023
        0.066666666666667        0.766666666666667       47.918896909071100       47.918896909071107        0.000000000000007
        0.000000000000000        0.800000000000000       57.283876829363606       57.283876829363645        0.000000000000039
        0.033333333333333        0.833333333333333       53.446584695425640       53.446584695425668        0.000000000000028
        0.066666666666667        0.866666666666667       42.962907622022712       42.962907622022713        0.000000000000002
        0.000000000000000        0.900000000000000       40.505817758697962       40.505817758697975        0.000000000000012
        0.033333333333333        0.933333333333333       27.665988029722141       27.665988029722138        0.000000000000003
        0.066666666666667        0.966666666666667       12.839829728975838       12.839829728975829        0.000000000000009
        0.000000000000000        1.000000000000000        0.000000000000018        0.000000000000018        0.000000000000000
        0.033333333333333        1.033333333333333      -14.320969207340885      -14.320969207340880        0.000000000000005
        0.066666666666667        1.066666666666667      -24.804646280743819      -24.804646280743808        0.000000000000012
        0.100000000000000        0.000000000000000       40.505817758697952       40.505817758697959        0.000000000000007
        0.133333333333333        0.033333333333333       27.665988029722129       27.665988029722119        0.000000000000010
        0.166666666666667        0.066666666666667       12.839829728975827       12.839829728975813        0.000000000000013
        0.100000000000000        0.100000000000000       28.641938414681805       28.641938414681782        0.000000000000022
        0.133333333333333        0.133333333333333       14.320969207340904       14.320969207340881        0.000000000000023
        0.166666666666667        0.166666666666667        3.837292133937972        3.837292133937963        0.000000000000008
        0.100000000000000        0.200000000000000        0.000000000000002        0.000000000000000        0.000000000000002
        0.133333333333333        0.233333333333333       -7.413079150373150       -7.413079150373141        0.000000000000009
        0.166666666666667        0.266666666666667       -7.413079150373152       -7.413079150373141        0.000000000000011
        0.100000000000000        0.300000000000000      -28.641938414681801      -28.641938414681786        0.000000000000015
        0.133333333333333        0.333333333333333      -24.804646280743833      -24.804646280743812        0.000000000000021
        0.166666666666667        0.366666666666667      -14.320969207340904      -14.320969207340888        0.000000000000016
        0.100000000000000        0.400000000000000      -40.505817758697952      -40.505817758697936        0.000000000000017
        0.133333333333333        0.433333333333333      -27.665988029722130      -27.665988029722108        0.000000000000022
        0.166666666666667        0.466666666666667      -12.839829728975828      -12.839829728975815        0.000000000000013
        0.100000000000000        0.500000000000000      -28.641938414681808      -28.641938414681804        0.000000000000004
        0.133333333333333        0.533333333333333      -14.320969207340907      -14.320969207340900        0.000000000000006
        0.166666666666667        0.566666666666667       -3.837292133937973       -3.837292133937971        0.000000000000003
        0.100000000000000        0.600000000000000       -0.000000000000007       -0.000000000000006        0.000000000000001
        0.133333333333333        0.633333333333333        7.413079150373147        7.413079150373144        0.000000000000003
        0.166666666666667        0.666666666666667        7.413079150373150        7.413079150373144        0.000000000000006
        0.100000000000000        0.700000000000000       28.641938414681798       28.641938414681789        0.000000000000008
        0.133333333333333        0.733333333333333       24.804646280743832       24.804646280743813        0.000000000000019
        0.166666666666667        0.766666666666667       14.320969207340903       14.320969207340889        0.000000000000015
        0.100000000000000        0.800000000000000       40.505817758697952       40.505817758697941        0.000000000000011
        0.133333333333333        0.833333333333333       27.665988029722131       27.665988029722112        0.000000000000019
        0.166666666666667        0.866666666666667       12.839829728975828       12.839829728975814        0.000000000000015
        0.100000000000000        0.900000000000000       28.641938414681812       28.641938414681793        0.000000000000019
        0.133333333333333        0.933333333333333       14.320969207340910       14.320969207340891        0.000000000000019
        0.166666666666667        0.966666666666667        3.837292133937975        3.837292133937968        0.000000000000007
        0.100000000000000        1.000000000000000        0.000000000000012        0.000000000000012        0.000000000000000
        0.133333333333333        1.033333333333333       -7.413079150373143       -7.413079150373132        0.000000000000012
        0.166666666666667        1.066666666666667       -7.413079150373149       -7.413079150373137        0.000000000000012
        0.200000000000000        0.000000000000000        0.000000000000004        0.000000000000000        0.000000000000003
        0.233333333333333        0.033333333333333      -14.320969207340898      -14.320969207340897        0.000000000000000
        0.266666666666667        0.066666666666667      -24.804646280743830      -24.804646280743824        0.000000000000006
        0.200000000000000        0.100000000000000        0.000000000000002        0.000000000000000        0.000000000000002
        0.233333333333333        0.133333333333333       -7.413079150373150       -7.413079150373141        0.000000000000009
        0.266666666666667        0.166666666666667       -7.413079150373152       -7.413079150373141        0.000000000000011
        0.200000000000000        0.200000000000000        0.000000000000000        0.000000000000000        0.000000000000000
        0.233333333333333        0.233333333333333        3.837292133937968        3.837292133937965        0.000000000000003
        0.266666666666667        0.266666666666667       14.320969207340897       14.320969207340888        0.000000000000009
        0.200000000000000        0.300000000000000       -0.000000000000002       -0.000000000000000        0.000000000000002
        0.233333333333333        0.333333333333333       12.839829728975820       12.839829728975813        0.000000000000006
        0.266666666666667        0.366666666666667       27.665988029722122       27.665988029722113        0.000000000000009
        0.200000000000000        0.400000000000000       -0.000000000000004       -0.000000000000000        0.000000000000003
        0.233333333333333        0.433333333333333       14.320969207340898       14.320969207340892        0.000000000000006
        0.266666666666667        0.466666666666667       24.804646280743832       24.804646280743826        0.000000000000005
        0.200000000000000        0.500000000000000       -0.000000000000002       -0.000000000000000        0.000000000000002
        0.233333333333333        0.533333333333333        7.413079150373152        7.413079150373151        0.000000000000001
        0.266666666666667        0.566666666666667        7.413079150373155        7.413079150373156        0.000000000000001
        0.200000000000000        0.600000000000000       -0.000000000000000       -0.000000000000000        0.000000000000000
        0.233333333333333        0.633333333333333       -3.837292133937966       -3.837292133937966        0.000000000000000
        0.266666666666667        0.666666666666667      -14.320969207340894      -14.320969207340893        0.000000000000001
        0.200000000000000        0.700000000000000        0.000000000000002        0.000000000000000        0.000000000000002
        0.233333333333333        0.733333333333333      -12.839829728975819      -12.839829728975814        0.000000000000005
        0.266666666666667        0.766666666666667      -27.665988029722122      -27.665988029722115        0.000000000000007
        0.200000000000000        0.800000000000000        0.000000000000004        0.000000000000000        0.000000000000003
        0.233333333333333        0.833333333333333      -14.320969207340899      -14.320969207340894        0.000000000000005
        0.266666666666667        0.866666666666667      -24.804646280743833      -24.804646280743825        0.000000000000008
        0.200000000000000        0.900000000000000        0.000000000000002        0.000000000000000        0.000000000000002
        0.233333333333333        0.933333333333333       -7.413079150373153       -7.413079150373146        0.000000000000007
        0.266666666666667        0.966666666666667       -7.413079150373159       -7.413079150373151        0.000000000000008
        0.200000000000000        1.000000000000000        0.000000000000000        0.000000000000000        0.000000000000000
        0.233333333333333        1.033333333333333        3.837292133937964        3.837292133937960        0.000000000000005
        0.266666666666667        1.066666666666667       14.320969207340891       14.320969207340879        0.000000000000012
        0.300000000000000        0.000000000000000      -40.505817758697948      -40.505817758697964        0.000000000000017
        0.333333333333333        0.033333333333333      -47.918896909071100      -47.918896909071118        0.000000000000018
        0.366666666666667        0.066666666666667      -47.918896909071102      -47.918896909071104        0.000000000000002
        0.300000000000000        0.100000000000000      -28.641938414681801      -28.641938414681786        0.000000000000015
        0.333333333333333        0.133333333333333      -24.804646280743833      -24.804646280743812        0.000000000000021
        0.366666666666667        0.166666666666667      -14.320969207340904      -14.320969207340888        0.000000000000016
        0.300000000000000        0.200000000000000       -0.000000000000002       -0.000000000000000        0.000000000000002
        0.333333333333333        0.233333333333333       12.839829728975820       12.839829728975813        0.000000000000006
        0.366666666666667        0.266666666666667       27.665988029722122       27.665988029722113        0.000000000000009
        0.300000000000000        0.300000000000000       28.641938414681798       28.641938414681790        0.000000000000008
        0.333333333333333        0.333333333333333       42.962907622022700       42.962907622022696        0.000000000000004
        0.366666666666667        0.366666666666667       53.446584695425633       53.446584695425631        0.000000000000002
        0.300000000000000        0.400000000000000       40.505817758697948       40.505817758697941        0.000000000000007
        0.333333333333333        0.433333333333333       47.918896909071102       47.918896909071100        0.000000000000002
        0.366666666666667        0.466666666666667       47.918896909071105       47.918896909071110        0.000000000000004
        0.300000000000000        0.500000000000000       28.641938414681805       28.641938414681808        0.000000000000003
        0.333333333333333        0.533333333333333       24.804646280743839       24.804646280743847        0.000000000000008
        0.366666666666667        0.566666666666667       14.320969207340910       14.320969207340916        0.000000000000005
        0.300000000000000        0.600000000000000        0.000000000000007        0.000000000000006        0.000000000000001
        0.333333333333333        0.633333333333333      -12.839829728975814      -12.839829728975819        0.000000000000005
        0.366666666666667        0.666666666666667      -27.665988029722117      -27.665988029722123        0.000000000000006
        0.300000000000000        0.700000000000000      -28.641938414681794      -28.641938414681793        0.000000000000001
        0.333333333333333        0.733333333333333      -42.962907622022697      -42.962907622022697        0.000000000000000
        0.366666666666667        0.766666666666667      -53.446584695425631      -53.446584695425634        0.000000000000003
        0.300000000000000        0.800000000000000      -40.505817758697948      -40.505817758697946        0.000000000000001
        0.333333333333333        0.833333333333333      -47.918896909071103      -47.918896909071106        0.000000000000003
        0.366666666666667        0.866666666666667      -47.918896909071109      -47.918896909071107        0.000000000000002
        0.300000000000000        0.900000000000000      -28.641938414681808      -28.641938414681797        0.000000000000011
        0.333333333333333        0.933333333333333      -24.804646280743844      -24.804646280743830        0.000000000000014
        0.366666666666667        0.966666666666667      -14.320969207340917      -14.320969207340906        0.000000000000011
        0.300000000000000        1.000000000000000       -0.000000000000012       -0.000000000000012        0.000000000000000
        0.333333333333333        1.033333333333333       12.839829728975808       12.839829728975798        0.000000000000010
        0.366666666666667        1.066666666666667       27.665988029722111       27.665988029722096        0.000000000000015
        0.400000000000000        0.000000000000000      -57.283876829363606      -57.283876829363637        0.000000000000031
        0.433333333333333        0.033333333333333      -53.446584695425638      -53.446584695425661        0.000000000000023
        0.466666666666667        0.066666666666667      -42.962907622022709      -42.962907622022716        0.000000000000007
        0.400000000000000        0.100000000000000      -40.505817758697952      -40.505817758697936        0.000000000000017
        0.433333333333333        0.133333333333333      -27.665988029722130      -27.665988029722108        0.000000000000022
        0.466666666666667        0.166666666666667      -12.839829728975828      -12.839829728975815        0.000000000000013
        0.400000000000000        0.200000000000000       -0.000000000000004       -0.000000000000000        0.000000000000003
        0.433333333333333        0.233333333333333       14.320969207340898       14.320969207340892        0.000000000000006
        0.466666666666667        0.266666666666667       24.804646280743832       24.804646280743826        0.000000000000005
        0.400000000000000        0.300000000000000       40.505817758697948       40.505817758697941        0.000000000000007
        0.433333333333333        0.333333333333333       47.918896909071102       47.918896909071100        0.000000000000002
        0.466666666666667        0.366666666666667       47.918896909071105       47.918896909071109        0.000000000000004
        0.400000000000000        0.400000000000000       57.283876829363606       57.283876829363604        0.000000000000003
        0.433333333333333        0.433333333333333       53.446584695425640       53.446584695425641        0.000000000000001
        0.466666666666667        0.466666666666667       42.962907622022712       42.962907622022721        0.000000000000009
        0.400000000000000        0.500000000000000       40.505817758697957       40.505817758697967        0.000000000000009
        0.433333333333333        0.533333333333333       27.665988029722136       27.665988029722147        0.000000000000011
        0.466666666666667        0.566666666666667       12.839829728975833       12.839829728975840        0.000000000000006
        0.400000000000000        0.600000000000000        0.000000000000011        0.000000000000009        0.000000000000002
        0.433333333333333        0.633333333333333      -14.320969207340892      -14.320969207340898        0.000000000000006
        0.466666666666667        0.666666666666667      -24.804646280743826      -24.804646280743835        0.000000000000008
        0.400000000000000        0.700000000000000      -40.505817758697943      -40.505817758697946        0.000000000000003
        0.433333333333333        0.733333333333333      -47.918896909071098      -47.918896909071101        0.000000000000003
        0.466666666666667        0.766666666666667      -47.918896909071104      -47.918896909071112        0.000000000000009
        0.400000000000000        0.800000000000000      -57.283876829363606      -57.283876829363612        0.000000000000005
        0.433333333333333        0.833333333333333      -53.446584695425642      -53.446584695425648        0.000000000000006
        0.466666666666667        0.866666666666667      -42.962907622022715      -42.962907622022718        0.000000000000004
        0.400000000000000        0.900000000000000      -40.505817758697962      -40.505817758697951        0.000000000000011
        0.433333333333333        0.933333333333333      -27.665988029722142      -27.665988029722127        0.000000000000014
        0.466666666666667        0.966666666666667      -12.839829728975839      -12.839829728975831        0.000000000000008
        0.400000000000000        1.000000000000000       -0.000000000000018       -0.000000000000018        0.000000000000000
        0.433333333333333        1.033333333333333       14.320969207340885       14.320969207340874        0.000000000000011
        0.466666666666667        1.066666666666667       24.804646280743821       24.804646280743811        0.000000000000011
        0.500000000000000        0.000000000000000      -40.505817758697957      -40.505817758697990        0.000000000000033
        0.533333333333333        0.033333333333333      -27.665988029722135      -27.665988029722157        0.000000000000022
        0.566666666666667        0.066666666666667      -12.839829728975832      -12.839829728975838        0.000000000000006
        0.500000000000000        0.100000000000000      -28.641938414681808      -28.641938414681804        0.000000000000004
        0.533333333333333        0.133333333333333      -14.320969207340907      -14.320969207340900        0.000000000000006
        0.566666666666667        0.166666666666667       -3.837292133937973       -3.837292133937971        0.000000000000003
        0.500000000000000        0.200000000000000       -0.000000000000002       -0.000000000000000        0.000000000000002
        0.533333333333333        0.233333333333333        7.413079150373152        7.413079150373151        0.000000000000001
        0.566666666666667        0.266666666666667        7.413079150373155        7.413079150373156        0.000000000000001
        0.500000000000000        0.300000000000000       28.641938414681805       28.641938414681808        0.000000000000003
        0.533333333333333        0.333333333333333       24.804646280743839       24.804646280743847        0.000000000000008
        0.566666666666667        0.366666666666667       14.320969207340910       14.320969207340916        0.000000000000005
        0.500000000000000        0.400000000000000       40.505817758697957       40.505817758697967        0.000000000000009
        0.533333333333333        0.433333333333333       27.665988029722136       27.665988029722147        0.000000000000011
        0.566666666666667        0.466666666666667       12.839829728975833       12.839829728975840        0.000000000000006
        0.500000000000000        0.500000000000000       28.641938414681812       28.641938414681826        0.000000000000014
        0.533333333333333        0.533333333333333       14.320969207340910       14.320969207340920        0.000000000000011
        0.566666666666667        0.566666666666667        3.837292133937975        3.837292133937978        0.000000000000003
        0.500000000000000        0.600000000000000        0.000000000000007        0.000000000000006        0.000000000000001
        0.533333333333333        0.633333333333333       -7.413079150373148       -7.413079150373154        0.000000000000006
        0.566666666666667        0.666666666666667       -7.413079150373154       -7.413079150373158        0.000000000000005
        0.500000000000000        0.700000000000000      -28.641938414681801      -28.641938414681811        0.000000000000010
        0.533333333333333        0.733333333333333      -24.804646280743837      -24.804646280743847        0.000000000000010
        0.566666666666667        0.766666666666667      -14.320969207340910      -14.320969207340917        0.000000000000007
        0.500000000000000        0.800000000000000      -40.505817758697957      -40.505817758697972        0.000000000000015
        0.533333333333333        0.833333333333333      -27.665988029722137      -27.665988029722150        0.000000000000013
        0.566666666666667        0.866666666666667      -12.839829728975834      -12.839829728975839        0.000000000000005
        0.500000000000000        0.900000000000000      -28.641938414681815      -28.641938414681815        0.000000000000000
        0.533333333333333        0.933333333333333      -14.320969207340913      -14.320969207340910        0.000000000000002
        0.566666666666667        0.966666666666667       -3.837292133937977       -3.837292133937975        0.000000000000001
        0.500000000000000        1.000000000000000       -0.000000000000012       -0.000000000000012        0.000000000000000
        0.533333333333333        1.033333333333333        7.413079150373145        7.413079150373142        0.000000000000003
        0.566666666666667        1.066666666666667        7.413079150373152        7.413079150373151        0.000000000000001
        0.600000000000000        0.000000000000000       -0.000000000000011       -0.000000000000009        0.000000000000002
        0.633333333333333        0.033333333333333       14.320969207340891       14.320969207340904        0.000000000000012
        0.666666666666667        0.066666666666667       24.804646280743825       24.804646280743832        0.000000000000007
        0.600000000000000        0.100000000000000       -0.000000000000007       -0.000000000000006        0.000000000000001
        0.633333333333333        0.133333333333333        7.413079150373147        7.413079150373144        0.000000000000003
        0.666666666666667        0.166666666666667        7.413079150373150        7.413079150373144        0.000000000000006
        0.600000000000000        0.200000000000000       -0.000000000000000       -0.000000000000000        0.000000000000000
        0.633333333333333        0.233333333333333       -3.837292133937966       -3.837292133937966        0.000000000000000
        0.666666666666667        0.266666666666667      -14.320969207340894      -14.320969207340893        0.000000000000001
        0.600000000000000        0.300000000000000        0.000000000000007        0.000000000000006        0.000000000000001
        0.633333333333333        0.333333333333333      -12.839829728975814      -12.839829728975819        0.000000000000005
        0.666666666666667        0.366666666666667      -27.665988029722117      -27.665988029722123        0.000000000000006
        0.600000000000000        0.400000000000000        0.000000000000011        0.000000000000009        0.000000000000002
        0.633333333333333        0.433333333333333      -14.320969207340892      -14.320969207340898        0.000000000000006
        0.666666666666667        0.466666666666667      -24.804646280743826      -24.804646280743835        0.000000000000008
        0.600000000000000        0.500000000000000        0.000000000000007        0.000000000000006        0.000000000000001
        0.633333333333333        0.533333333333333       -7.413079150373148       -7.413079150373154        0.000000000000006
        0.666666666666667        0.566666666666667       -7.413079150373154       -7.413079150373158        0.000000000000005
        0.600000000000000        0.600000000000000        0.000000000000000        0.000000000000000        0.000000000000000
        0.633333333333333        0.633333333333333        3.837292133937965        3.837292133937968        0.000000000000003
        0.666666666666667        0.666666666666667       14.320969207340891       14.320969207340898        0.000000000000007
        0.600000000000000        0.700000000000000       -0.000000000000007       -0.000000000000006        0.000000000000001
        0.633333333333333        0.733333333333333       12.839829728975813       12.839829728975819        0.000000000000006
        0.666666666666667        0.766666666666667       27.665988029722116       27.665988029722124        0.000000000000009
        0.600000000000000        0.800000000000000       -0.000000000000011       -0.000000000000009        0.000000000000002
        0.633333333333333        0.833333333333333       14.320969207340892       14.320969207340900        0.000000000000008
        0.666666666666667        0.866666666666667       24.804646280743828       24.804646280743833        0.000000000000005
        0.600000000000000        0.900000000000000       -0.000000000000007       -0.000000000000006        0.000000000000001
        0.633333333333333        0.933333333333333        7.413079150373150        7.413079150373149        0.000000000000001
        0.666666666666667        0.966666666666667        7.413079150373157        7.413079150373153        0.000000000000004
        0.600000000000000        1.000000000000000       -0.000000000000000       -0.000000000000000        0.000000000000000
        0.633333333333333        1.033333333333333       -3.837292133937963       -3.837292133937962        0.000000000000001
        0.666666666666667        1.066666666666667      -14.320969207340888      -14.320969207340884        0.000000000000004
        0.700000000000000        0.000000000000000       40.505817758697943       40.505817758697969        0.000000000000027
        0.733333333333333        0.033333333333333       47.918896909071097       47.918896909071119        0.000000000000023
        0.766666666666667        0.066666666666667       47.918896909071100       47.918896909071107        0.000000000000007
        0.700000000000000        0.100000000000000       28.641938414681798       28.641938414681789        0.000000000000008
        0.733333333333333        0.133333333333333       24.804646280743832       24.804646280743813        0.000000000000019
        0.766666666666667        0.166666666666667       14.320969207340903       14.320969207340889        0.000000000000015
        0.700000000000000        0.200000000000000        0.000000000000002        0.000000000000000        0.000000000000002
        0.733333333333333        0.233333333333333      -12.839829728975819      -12.839829728975814        0.000000000000005
        0.766666666666667        0.266666666666667      -27.665988029722122      -27.665988029722115        0.000000000000007
        0.700000000000000        0.300000000000000      -28.641938414681794      -28.641938414681793        0.000000000000001
        0.733333333333333        0.333333333333333      -42.962907622022697      -42.962907622022697        0.000000000000000
        0.766666666666667        0.366666666666667      -53.446584695425631      -53.446584695425634        0.000000000000003
        0.700000000000000        0.400000000000000      -40.505817758697943      -40.505817758697946        0.000000000000003
        0.733333333333333        0.433333333333333      -47.918896909071098      -47.918896909071101        0.000000000000003
        0.766666666666667        0.466666666666667      -47.918896909071104      -47.918896909071112        0.000000000000009
        0.700000000000000        0.500000000000000      -28.641938414681801      -28.641938414681811        0.000000000000010
        0.733333333333333        0.533333333333333      -24.804646280743837      -24.804646280743847        0.000000000000010
        0.766666666666667        0.566666666666667      -14.320969207340910      -14.320969207340917        0.000000000000007
        0.700000000000000        0.600000000000000       -0.000000000000007       -0.000000000000006        0.000000000000001
        0.733333333333333        0.633333333333333       12.839829728975813       12.839829728975819        0.000000000000006
        0.766666666666667        0.666666666666667       27.665988029722116       27.665988029722124        0.000000000000009
        0.700000000000000        0.700000000000000       28.641938414681791       28.641938414681796        0.000000000000006
        0.733333333333333        0.733333333333333       42.962907622022693       42.962907622022698        0.000000000000004
        0.766666666666667        0.766666666666667       53.446584695425629       53.446584695425637        0.000000000000008
        0.700000000000000        0.800000000000000       40.505817758697943       40.505817758697951        0.000000000000009
        0.733333333333333        0.833333333333333       47.918896909071100       47.918896909071107        0.000000000000007
        0.766666666666667        0.866666666666667       47.918896909071107       47.918896909071110        0.000000000000002
        0.700000000000000        0.900000000000000       28.641938414681805       28.641938414681800        0.000000000000005
        0.733333333333333        0.933333333333333       24.804646280743842       24.804646280743830        0.000000000000012
        0.766666666666667        0.966666666666667       14.320969207340916       14.320969207340907        0.000000000000010
        0.700000000000000        1.000000000000000        0.000000000000012        0.000000000000012        0.000000000000000
        0.733333333333333        1.033333333333333      -12.839829728975807      -12.839829728975798        0.000000000000009
        0.766666666666667        1.066666666666667      -27.665988029722110      -27.665988029722097        0.000000000000013
        0.800000000000000        0.000000000000000       57.283876829363606       57.283876829363645        0.000000000000039
        0.833333333333333        0.033333333333333       53.446584695425640       53.446584695425668        0.000000000000028
        0.866666666666667        0.066666666666667       42.962907622022712       42.962907622022713        0.000000000000002
        0.800000000000000        0.100000000000000       40.505817758697952       40.505817758697941        0.000000000000011
        0.833333333333333        0.133333333333333       27.665988029722131       27.665988029722112        0.000000000000019
        0.866666666666667        0.166666666666667       12.839829728975828       12.839829728975814        0.000000000000015
        0.800000000000000        0.200000000000000        0.000000000000004        0.000000000000000        0.000000000000003
        0.833333333333333        0.233333333333333      -14.320969207340899      -14.320969207340894        0.000000000000005
        0.866666666666667        0.266666666666667      -24.804646280743833      -24.804646280743825        0.000000000000008
        0.800000000000000        0.300000000000000      -40.505817758697948      -40.505817758697946        0.000000000000001
        0.833333333333333        0.333333333333333      -47.918896909071103      -47.918896909071106        0.000000000000003
        0.866666666666667        0.366666666666667      -47.918896909071109      -47.918896909071107        0.000000000000002
        0.800000000000000        0.400000000000000      -57.283876829363606      -57.283876829363612        0.000000000000005
        0.833333333333333        0.433333333333333      -53.446584695425642      -53.446584695425648        0.000000000000006
        0.866666666666667        0.466666666666667      -42.962907622022715      -42.962907622022718        0.000000000000004
        0.800000000000000        0.500000000000000      -40.505817758697957      -40.505817758697972        0.000000000000015
        0.833333333333333        0.533333333333333      -27.665988029722137      -27.665988029722150        0.000000000000013
        0.866666666666667        0.566666666666667      -12.839829728975834      -12.839829728975839        0.000000000000005
        0.800000000000000        0.600000000000000       -0.000000000000011       -0.000000000000009        0.000000000000002
        0.833333333333333        0.633333333333333       14.320969207340892       14.320969207340900        0.000000000000008
        0.866666666666667        0.666666666666667       24.804646280743828       24.804646280743833        0.000000000000005
        0.800000000000000        0.700000000000000       40.505817758697943       40.505817758697951        0.000000000000009
        0.833333333333333        0.733333333333333       47.918896909071100       47.918896909071107        0.000000000000007
        0.866666666666667        0.766666666666667       47.918896909071107       47.918896909071110        0.000000000000002
        0.800000000000000        0.800000000000000       57.283876829363606       57.283876829363620        0.000000000000014
        0.833333333333333        0.833333333333333       53.446584695425643       53.446584695425654        0.000000000000011
        0.866666666666667        0.866666666666667       42.962907622022718       42.962907622022716        0.000000000000002
        0.800000000000000        0.900000000000000       40.505817758697962       40.505817758697957        0.000000000000006
        0.833333333333333        0.933333333333333       27.665988029722143       27.665988029722131        0.000000000000012
        0.866666666666667        0.966666666666667       12.839829728975840       12.839829728975830        0.000000000000010
        0.800000000000000        1.000000000000000        0.000000000000018        0.000000000000018        0.000000000000000
        0.833333333333333        1.033333333333333      -14.320969207340886      -14.320969207340876        0.000000000000009
        0.866666666666667        1.066666666666667      -24.804646280743823      -24.804646280743809        0.000000000000014
        0.900000000000000        0.000000000000000       40.505817758697962       40.505817758697975        0.000000000000012
        0.933333333333333        0.033333333333333       27.665988029722141       27.665988029722138        0.000000000000003
        0.966666666666667        0.066666666666667       12.839829728975838       12.839829728975829        0.000000000000009
        0.900000000000000        0.100000000000000       28.641938414681812       28.641938414681793        0.000000000000019
        0.933333333333333        0.133333333333333       14.320969207340910       14.320969207340891        0.000000000000019
        0.966666666666667        0.166666666666667        3.837292133937975        3.837292133937968        0.000000000000007
        0.900000000000000        0.200000000000000        0.000000000000002        0.000000000000000        0.000000000000002
        0.933333333333333        0.233333333333333       -7.413079150373153       -7.413079150373146        0.000000000000007
        0.966666666666667        0.266666666666667       -7.413079150373159       -7.413079150373151        0.000000000000008
        0.900000000000000        0.300000000000000      -28.641938414681808      -28.641938414681797        0.000000000000011
        0.933333333333333        0.333333333333333      -24.804646280743844      -24.804646280743830        0.000000000000014
        0.966666666666667        0.366666666666667      -14.320969207340917      -14.320969207340906        0.000000000000011
        0.900000000000000        0.400000000000000      -40.505817758697962      -40.505817758697951        0.000000000000011
        0.933333333333333        0.433333333333333      -27.665988029722142      -27.665988029722127        0.000000000000014
        0.966666666666667        0.466666666666667      -12.839829728975839      -12.839829728975831        0.000000000000008
        0.900000000000000        0.500000000000000      -28.641938414681815      -28.641938414681815        0.000000000000000
        0.933333333333333        0.533333333333333      -14.320969207340913      -14.320969207340910        0.000000000000002
        0.966666666666667        0.566666666666667       -3.837292133937977       -3.837292133937975        0.000000000000001
        0.900000000000000        0.600000000000000       -0.000000000000007       -0.000000000000006        0.000000000000001
        0.933333333333333        0.633333333333333        7.413079150373150        7.413079150373149        0.000000000000001
        0.966666666666667        0.666666666666667        7.413079150373157        7.413079150373153        0.000000000000004
        0.900000000000000        0.700000000000000       28.641938414681805       28.641938414681800        0.000000000000005
        0.933333333333333        0.733333333333333       24.804646280743842       24.804646280743830        0.000000000000012
        0.966666666666667        0.766666666666667       14.320969207340916       14.320969207340907        0.000000000000010
        0.900000000000000        0.800000000000000       40.505817758697962       40.505817758697957        0.000000000000006
        0.933333333333333        0.833333333333333       27.665988029722143       27.665988029722131        0.000000000000012
        0.966666666666667        0.866666666666667       12.839829728975840       12.839829728975830        0.000000000000010
        0.900000000000000        0.900000000000000       28.641938414681819       28.641938414681804        0.000000000000015
        0.933333333333333        0.933333333333333       14.320969207340916       14.320969207340900        0.000000000000015
        0.966666666666667        0.966666666666667        3.837292133937979        3.837292133937973        0.000000000000006
        0.900000000000000        1.000000000000000        0.000000000000012        0.000000000000012        0.000000000000000
        0.933333333333333        1.033333333333333       -7.413079150373147       -7.413079150373137        0.000000000000010
        0.966666666666667        1.066666666666667       -7.413079150373156       -7.413079150373146        0.000000000000010
        1.000000000000000        0.000000000000000        0.000000000000018        0.000000000000018        0.000000000000000
        1.033333333333333        0.033333333333333      -14.320969207340885      -14.320969207340880        0.000000000000005
        1.066666666666667        0.066666666666667      -24.804646280743819      -24.804646280743808        0.000000000000012
        1.000000000000000        0.100000000000000        0.000000000000012        0.000000000000012        0.000000000000000
        1.033333333333333        0.133333333333333       -7.413079150373143       -7.413079150373132        0.000000000000012
        1.066666666666667        0.166666666666667       -7.413079150373149       -7.413079150373137        0.000000000000012
        1.000000000000000        0.200000000000000        0.000000000000000        0.000000000000000        0.000000000000000
        1.033333333333333        0.233333333333333        3.837292133937964        3.837292133937960        0.000000000000005
        1.066666666666667        0.266666666666667       14.320969207340891       14.320969207340879        0.000000000000012
        1.000000000000000        0.300000000000000       -0.000000000000012       -0.000000000000012        0.000000000000000
        1.033333333333333        0.333333333333333       12.839829728975808       12.839829728975798        0.000000000000010
        1.066666666666667        0.366666666666667       27.665988029722111       27.665988029722096        0.000000000000015
        1.000000000000000        0.400000000000000       -0.000000000000018       -0.000000000000018        0.000000000000000
        1.033333333333333        0.433333333333333       14.320969207340885       14.320969207340874        0.000000000000011
        1.066666666666667        0.466666666666667       24.804646280743821       24.804646280743811        0.000000000000011
        1.000000000000000        0.500000000000000       -0.000000000000012       -0.000000000000012        0.000000000000000
        1.033333333333333        0.533333333333333        7.413079150373145        7.413079150373142        0.000000000000003
        1.066666666666667        0.566666666666667        7.413079150373152        7.413079150373151        0.000000000000001
        1.000000000000000        0.600000000000000       -0.000000000000000       -0.000000000000000        0.000000000000000
        1.033333333333333        0.633333333333333       -3.837292133937963       -3.837292133937962        0.000000000000001
        1.066666666666667        0.666666666666667      -14.320969207340888      -14.320969207340884        0.000000000000004
        1.000000000000000        0.700000000000000        0.000000000000012        0.000000000000012        0.000000000000000
        1.033333333333333        0.733333333333333      -12.839829728975807      -12.839829728975798        0.000000000000009
        1.066666666666667        0.766666666666667      -27.665988029722110      -27.665988029722097        0.000000000000013
        1.000000000000000        0.800000000000000        0.000000000000018        0.000000000000018        0.000000000000000
        1.033333333333333        0.833333333333333      -14.320969207340886      -14.320969207340876        0.000000000000009
        1.066666666666667        0.866666666666667      -24.804646280743823      -24.804646280743809        0.000000000000014
        1.000000000000000        0.900000000000000        0.000000000000012        0.000000000000012        0.000000000000000
        1.033333333333333        0.933333333333333       -7.413079150373147       -7.413079150373137        0.000000000000010
        1.066666666666667        0.966666666666667       -7.413079150373156       -7.413079150373146        0.000000000000010
        1.000000000000000        1.000000000000000        0.000000000000000        0.000000000000000        0.000000000000000
        1.033333333333333        1.033333333333333        3.837292133937961        3.837292133937955        0.000000000000006
        1.066666666666667        1.066666666666667       14.320969207340885       14.320969207340870        0.000000000000015
