        0.000000000000000        0.000000000000000       56.721288455602989       56.721288455603052        0.000000000000063
        0.033333333333333        0.033333333333333       52.921682596770093       52.921682596770138        0.000000000000045
        0.066666666666667        0.066666666666667       42.540966341702243       42.540966341702248        0.000000000000006
        0.000000000000000        0.100000000000000       40.108007704595108       40.108007704595115        0.000000000000007
        0.033333333333333        0.133333333333333       27.394278709829456       27.394278709829445        0.000000000000010
        0.066666666666667        0.166666666666667       12.713728994765656       12.713728994765643        0.000000000000013
        0.000000000000000        0.200000000000000        0.000000000000003        0.000000000000000        0.000000000000003
        0.033333333333333        0.233333333333333      -14.180322113900743      -14.180322113900743        0.000000000000000
        0.066666666666667        0.266666666666667      -24.561038368968595      -24.561038368968589        0.000000000000006
        0.000000000000000        0.300000000000000      -40.108007704595103      -40.108007704595120        0.000000000000017
        0.033333333333333        0.333333333333333      -47.448282562127004      -47.448282562127022        0.000000000000018
        0.066666666666667        0.366666666666667      -47.448282562127006      -47.448282562127008        0.000000000000002
        0.000000000000000        0.400000000000000      -56.721288455602989      -56.721288455603019        0.000000000000030
        0.033333333333333        0.433333333333333      -52.921682596770095      -52.921682596770118        0.000000000000023
        0.066666666666667        0.466666666666667      -42.540966341702246      -42.540966341702253        0.000000000000007
        0.000000000000000        0.500000000000000      -40.108007704595113      -40.108007704595145        0.000000000000032
        0.033333333333333        0.533333333333333      -27.394278709829461      -27.394278709829483        0.000000000000022
        0.066666666666667        0.566666666666667      -12.713728994765662      -12.713728994765667        0.000000000000006
        0.000000000000000        0.600000000000000       -0.000000000000010       -0.000000000000009        0.000000000000002
        0.033333333333333        0.633333333333333       14.180322113900737       14.180322113900749        0.000000000000012
        0.066666666666667        0.666666666666667       24.561038368968590       24.561038368968597        0.000000000000007
        0.000000000000000        0.700000000000000       40.108007704595098       40.108007704595125        0.000000000000026
        0.033333333333333        0.733333333333333       47.448282562127001       47.448282562127023        0.000000000000022
        0.066666666666667        0.766666666666667       47.448282562127004       47.448282562127011        0.000000000000007
        0.000000000000000        0.800000000000000       56.721288455602989       56.721288455603027        0.000000000000038
        0.033333333333333        0.833333333333333       52.921682596770097       52.921682596770124        0.000000000000028
        0.066666666666667        0.866666666666667       42.540966341702249       42.540966341702250        0.000000000000002
        0.000000000000000        0.900000000000000       40.108007704595118       40.108007704595130        0.000000000000012
        0.033333333333333        0.933333333333333       27.394278709829467       27.394278709829464        0.000000000000003
        0.066666666666667        0.966666666666667       12.713728994765667       12.713728994765659        0.000000000000009
        0.000000000000000        1.000000000000000        0.000000000000017        0.000000000000017        0.000000000000000
        0.033333333333333        1.033333333333333      -14.180322113900730      -14.180322113900726        0.000000000000005
        0.066666666666667        1.066666666666667      -24.561038368968585      -24.561038368968573        0.000000000000011
        0.100000000000000        0.000000000000000       40.108007704595108       40.108007704595115        0.000000000000007
        0.133333333333333        0.033333333333333       27.394278709829456       27.394278709829445        0.000000000000010
        0.166666666666667        0.066666666666667       12.713728994765656       12.713728994765643        0.000000000000013
        0.100000000000000        0.100000000000000       28.360644227801496       28.360644227801474        0.000000000000022
        0.133333333333333        0.133333333333333       14.180322113900749       14.180322113900727        0.000000000000023
        0.166666666666667        0.166666666666667        3.799605858832897        3.799605858832889        0.000000000000008
        0.100000000000000        0.200000000000000        0.000000000000002        0.000000000000000        0.000000000000002
        0.133333333333333        0.233333333333333       -7.340274857531899       -7.340274857531889        0.000000000000009
        0.166666666666667        0.266666666666667       -7.340274857531900       -7.340274857531890        0.000000000000010
        0.100000000000000        0.300000000000000      -28.360644227801493      -28.360644227801478        0.000000000000015
        0.133333333333333        0.333333333333333      -24.561038368968599      -24.561038368968578        0.000000000000021
        0.166666666666667        0.366666666666667      -14.180322113900749      -14.180322113900734        0.000000000000016
        0.100000000000000        0.400000000000000      -40.108007704595108      -40.108007704595091        0.000000000000017
        0.133333333333333        0.433333333333333      -27.394278709829456      -27.394278709829435        0.000000000000022
        0.166666666666667        0.466666666666667      -12.713728994765657      -12.713728994765644        0.000000000000013
        0.100000000000000        0.500000000000000      -28.360644227801500      -28.360644227801496        0.000000000000004
        0.133333333333333        0.533333333333333      -14.180322113900752      -14.180322113900746        0.000000000000006
        0.166666666666667        0.566666666666667       -3.799605858832899       -3.799605858832896        0.000000000000003
        0.100000000000000        0.600000000000000       -0.000000000000007       -0.000000000000006        0.000000000000001
        0.133333333333333        0.633333333333333        7.340274857531895        7.340274857531893        0.000000000000003
        0.166666666666667        0.666666666666667        7.340274857531899        7.340274857531893        0.000000000000006
        0.100000000000000        0.700000000000000       28.360644227801489       28.360644227801481        0.000000000000008
        0.133333333333333        0.733333333333333       24.561038368968597       24.561038368968578        0.000000000000018
        0.166666666666667        0.766666666666667       14.180322113900749       14.180322113900734        0.000000000000015
        0.100000000000000        0.800000000000000       40.108007704595108       40.108007704595097        0.000000000000011
        0.133333333333333        0.833333333333333       27.394278709829457       27.394278709829438        0.000000000000019
        0.166666666666667        0.866666666666667       12.713728994765658       12.713728994765643        0.000000000000014
        0.100000000000000        0.900000000000000       28.360644227801503       28.360644227801485        0.000000000000018
        0.133333333333333        0.933333333333333       14.180322113900755       14.180322113900736        0.000000000000019
        0.166666666666667        0.966666666666667        3.799605858832901        3.799605858832894        0.000000000000007
        0.100000000000000        1.000000000000000        0.000000000000012        0.000000000000012        0.000000000000000
        0.133333333333333        1.033333333333333       -7.340274857531892       -7.340274857531881        0.000000000000011
        0.166666666666667        1.066666666666667       -7.340274857531897       -7.340274857531885        0.000000000000012
        0.200000000000000        0.000000000000000        0.000000000000003        0.000000000000000        0.000000000000003
        0.233333333333333        0.033333333333333      -14.180322113900743      -14.180322113900743        0.000000000000000
        0.266666666666667        0.066666666666667      -24.561038368968595      -24.561038368968589        0.000000000000006
        0.200000000000000        0.100000000000000        0.000000000000002        0.000000000000000        0.000000000000002
        0.233333333333333        0.133333333333333       -7.340274857531899       -7.340274857531889        0.000000000000009
        0.266666666666667        0.166666666666667       -7.340274857531900       -7.340274857531890        0.000000000000010
        0.200000000000000        0.200000000000000        0.000000000000000       -0.000000000000000        0.000000000000000
        0.233333333333333        0.233333333333333        3.799605858832894        3.799605858832891        0.000000000000003
        0.266666666666667        0.266666666666667       14.180322113900743       14.180322113900734        0.000000000000009
        0.200000000000000        0.300000000000000       -0.000000000000002       -0.000000000000000        0.000000000000002
        0.233333333333333        0.333333333333333       12.713728994765649       12.713728994765643        0.000000000000006
        0.266666666666667        0.366666666666667       27.394278709829449       27.394278709829440        0.000000000000009
        0.200000000000000        0.400000000000000       -0.000000000000003       -0.000000000000000        0.000000000000003
        0.233333333333333        0.433333333333333       14.180322113900744       14.180322113900738        0.000000000000006
        0.266666666666667        0.466666666666667       24.561038368968597       24.561038368968592        0.000000000000005
        0.200000000000000        0.500000000000000       -0.000000000000002       -0.000000000000000        0.000000000000002
        0.233333333333333        0.533333333333333        7.340274857531900        7.340274857531900        0.000000000000001
        0.266666666666667        0.566666666666667        7.340274857531904        7.340274857531904        0.000000000000001
        0.200000000000000        0.600000000000000       -0.000000000000000       -0.000000000000000        0.000000000000000
        0.233333333333333        0.633333333333333       -3.799605858832892       -3.799605858832892        0.000000000000000
        0.266666666666667        0.666666666666667      -14.180322113900740      -14.180322113900739        0.000000000000001
        0.200000000000000        0.700000000000000        0.000000000000002        0.000000000000000        0.000000000000002
        0.233333333333333        0.733333333333333      -12.713728994765648      -12.713728994765643        0.000000000000005
        0.266666666666667        0.766666666666667      -27.394278709829448      -27.394278709829441        0.000000000000007
        0.200000000000000        0.800000000000000        0.000000000000003        0.000000000000000        0.000000000000003
        0.233333333333333        0.833333333333333      -14.180322113900744      -14.180322113900739        0.000000000000005
        0.266666666666667        0.866666666666667      -24.561038368968599      -24.561038368968590        0.000000000000008
        0.200000000000000        0.900000000000000        0.000000000000002        0.000000000000000        0.000000000000002
        0.233333333333333        0.933333333333333       -7.340274857531902       -7.340274857531895        0.000000000000007
        0.266666666666667        0.966666666666667       -7.340274857531907       -7.340274857531899        0.000000000000008
        0.200000000000000        1.000000000000000        0.000000000000000        0.000000000000000        0.000000000000000
        0.233333333333333        1.033333333333333        3.799605858832891        3.799605858832886        0.000000000000005
        0.266666666666667        1.066666666666667       14.180322113900737       14.180322113900725        0.000000000000012
        0.300000000000000        0.000000000000000      -40.108007704595103      -40.108007704595120        0.000000000000017
        0.333333333333333        0.033333333333333      -47.448282562127004      -47.448282562127022        0.000000000000018
        0.366666666666667        0.066666666666667      -47.448282562127006      -47.448282562127008        0.000000000000002
        0.300000000000000        0.100000000000000      -28.360644227801493      -28.360644227801478        0.000000000000015
        0.333333333333333        0.133333333333333      -24.561038368968599      -24.561038368968578        0.000000000000021
        0.366666666666667        0.166666666666667      -14.180322113900749      -14.180322113900734        0.000000000000016
        0.300000000000000        0.200000000000000       -0.000000000000002       -0.000000000000000        0.000000000000002
        0.333333333333333        0.233333333333333       12.713728994765649       12.713728994765643        0.000000000000006
        0.366666666666667        0.266666666666667       27.394278709829449       27.394278709829440        0.000000000000009
        0.300000000000000        0.300000000000000       28.360644227801489       28.360644227801481        0.000000000000008
        0.333333333333333        0.333333333333333       42.540966341702237       42.540966341702233        0.000000000000004
        0.366666666666667        0.366666666666667       52.921682596770090       52.921682596770088        0.000000000000002
        0.300000000000000        0.400000000000000       40.108007704595103       40.108007704595096        0.000000000000007
        0.333333333333333        0.433333333333333       47.448282562127006       47.448282562127004        0.000000000000002
        0.366666666666667        0.466666666666667       47.448282562127009       47.448282562127013        0.000000000000004
        0.300000000000000        0.500000000000000       28.360644227801496       28.360644227801499        0.000000000000003
        0.333333333333333        0.533333333333333       24.561038368968604       24.561038368968612        0.000000000000008
        0.366666666666667        0.566666666666667       14.180322113900756       14.180322113900761        0.000000000000005
        0.300000000000000        0.600000000000000        0.000000000000007        0.000000000000006        0.000000000000001
        0.333333333333333        0.633333333333333      -12.713728994765643      -12.713728994765648        0.000000000000005
        0.366666666666667        0.666666666666667      -27.394278709829443      -27.394278709829449        0.000000000000006
        0.300000000000000        0.700000000000000      -28.360644227801486      -28.360644227801484        0.000000000000001
        0.333333333333333        0.733333333333333      -42.540966341702234      -42.540966341702234        0.000000000000000
        0.366666666666667        0.766666666666667      -52.921682596770088      -52.921682596770091        0.000000000000003
        0.300000000000000        0.800000000000000      -40.108007704595103      -40.108007704595102        0.000000000000001
        0.333333333333333        0.833333333333333      -47.448282562127007      -47.448282562127010        0.000000000000003
        0.366666666666667        0.866666666666667      -47.448282562127013      -47.448282562127011        0.000000000000002
        0.300000000000000        0.900000000000000      -28.360644227801500      -28.360644227801488        0.000000000000011
        0.333333333333333        0.933333333333333      -24.561038368968609      -24.561038368968595        0.000000000000014
        0.366666666666667        0.966666666666667      -14.180322113900762      -14.180322113900751        0.000000000000011
        0.300000000000000        1.000000000000000       -0.000000000000012       -0.000000000000012        0.000000000000000
        0.333333333333333        1.033333333333333       12.713728994765638       12.713728994765627        0.000000000000010
        0.366666666666667        1.066666666666667       27.394278709829437       27.394278709829422        0.000000000000015
        0.400000000000000        0.000000000000000      -56.721288455602989      -56.721288455603019        0.000000000000030
        0.433333333333333        0.033333333333333      -52.921682596770095      -52.921682596770118        0.000000000000023
        0.466666666666667        0.066666666666667      -42.540966341702246      -42.540966341702253        0.000000000000007
        0.400000000000000        0.100000000000000      -40.108007704595108      -40.108007704595091        0.000000000000017
        0.433333333333333        0.133333333333333      -27.394278709829456      -27.394278709829435        0.000000000000022
        0.466666666666667        0.166666666666667      -12.713728994765657      -12.713728994765644        0.000000000000013
        0.400000000000000        0.200000000000000       -0.000000000000003       -0.000000000000000        0.000000000000003
        0.433333333333333        0.233333333333333       14.180322113900744       14.180322113900738        0.000000000000006
        0.466666666666667        0.266666666666667       24.561038368968597       24.561038368968592        0.000000000000005
        0.400000000000000        0.300000000000000       40.108007704595103       40.108007704595096        0.000000000000007
        0.433333333333333        0.333333333333333       47.448282562127006       47.448282562127004        0.000000000000002
        0.466666666666667        0.366666666666667       47.448282562127009       47.448282562127013        0.000000000000004
        0.400000000000000        0.400000000000000       56.721288455602989       56.721288455602986        0.000000000000003
        0.433333333333333        0.433333333333333       52.921682596770097       52.921682596770098        0.000000000000001
        0.466666666666667        0.466666666666667       42.540966341702249       42.540966341702258        0.000000000000009
        0.400000000000000        0.500000000000000       40.108007704595113       40.108007704595122        0.000000000000009
        0.433333333333333        0.533333333333333       27.394278709829462       27.394278709829473        0.000000000000010
        0.466666666666667        0.566666666666667       12.713728994765663       12.713728994765669        0.000000000000006
        0.400000000000000        0.600000000000000        0.000000000000010        0.000000000000009        0.000000000000002
        0.433333333333333        0.633333333333333      -14.180322113900737      -14.180322113900744        0.000000000000006
        0.466666666666667        0.666666666666667      -24.561038368968592      -24.561038368968600        0.000000000000008
        0.400000000000000        0.700000000000000      -40.108007704595098      -40.108007704595101        0.000000000000003
        0.433333333333333        0.733333333333333      -47.448282562127002      -47.448282562127005        0.000000000000003
        0.466666666666667        0.766666666666667      -47.448282562127008      -47.448282562127016        0.000000000000009
        0.400000000000000        0.800000000000000      -56.721288455602989      -56.721288455602994        0.000000000000005
        0.433333333333333        0.833333333333333      -52.921682596770098      -52.921682596770104        0.000000000000006
        0.466666666666667        0.866666666666667      -42.540966341702252      -42.540966341702255        0.000000000000003
        0.400000000000000        0.900000000000000      -40.108007704595118      -40.108007704595107        0.000000000000011
        0.433333333333333        0.933333333333333      -27.394278709829468      -27.394278709829454        0.000000000000014
        0.466666666666667        0.966666666666667      -12.713728994765668      -12.713728994765660        0.000000000000008
        0.400000000000000        1.000000000000000       -0.000000000000017       -0.000000000000017        0.000000000000000
        0.433333333333333        1.033333333333333       14.180322113900731       14.180322113900720        0.000000000000011
        0.466666666666667        1.066666666666667       24.561038368968587       24.561038368968576        0.000000000000010
        0.500000000000000        0.000000000000000      -40.108007704595113      -40.108007704595145        0.000000000000032
        0.533333333333333        0.033333333333333      -27.394278709829461      -27.394278709829483        0.000000000000022
        0.566666666666667        0.066666666666667      -12.713728994765662      -12.713728994765667        0.000000000000006
        0.500000000000000        0.100000000000000      -28.360644227801500      -28.360644227801496        0.000000000000004
        0.533333333333333        0.133333333333333      -14.180322113900752      -14.180322113900746        0.000000000000006
        0.566666666666667        0.166666666666667       -3.799605858832899       -3.799605858832897        0.000000000000003
        0.500000000000000        0.200000000000000       -0.000000000000002       -0.000000000000000        0.000000000000002
        0.533333333333333        0.233333333333333        7.340274857531900        7.340274857531900        0.000000000000001
        0.566666666666667        0.266666666666667        7.340274857531904        7.340274857531904        0.000000000000001
        0.500000000000000        0.300000000000000       28.360644227801496       28.360644227801499        0.000000000000003
        0.533333333333333        0.333333333333333       24.561038368968604       24.561038368968612        0.000000000000008
        0.566666666666667        0.366666666666667       14.180322113900756       14.180322113900761        0.000000000000005
        0.500000000000000        0.400000000000000       40.108007704595113       40.108007704595122        0.000000000000009
        0.533333333333333        0.433333333333333       27.394278709829462       27.394278709829473        0.000000000000010
        0.566666666666667        0.466666666666667       12.713728994765663       12.713728994765669        0.000000000000006
        0.500000000000000        0.500000000000000       28.360644227801503       28.360644227801517        0.000000000000014
        0.533333333333333        0.533333333333333       14.180322113900755       14.180322113900766        0.000000000000011
        0.566666666666667        0.566666666666667        3.799605858832901        3.799605858832904        0.000000000000003
        0.500000000000000        0.600000000000000        0.000000000000007        0.000000000000006        0.000000000000001
        0.533333333333333        0.633333333333333       -7.340274857531897       -7.340274857531903        0.000000000000006
        0.566666666666667        0.666666666666667       -7.340274857531902       -7.340274857531907        0.000000000000005
        0.500000000000000        0.700000000000000      -28.360644227801493      -28.360644227801502        0.000000000000010
        0.533333333333333        0.733333333333333      -24.561038368968602      -24.561038368968613        0.000000000000010
        0.566666666666667        0.766666666666667      -14.180322113900756      -14.180322113900762        0.000000000000007
        0.500000000000000        0.800000000000000      -40.108007704595113      -40.108007704595128        0.000000000000015
        0.533333333333333        0.833333333333333      -27.394278709829463      -27.394278709829476        0.000000000000013
        0.566666666666667        0.866666666666667      -12.713728994765663      -12.713728994765668        0.000000000000005
        0.500000000000000        0.900000000000000      -28.360644227801507      -28.360644227801506        0.000000000000000
        0.533333333333333        0.933333333333333      -14.180322113900758      -14.180322113900756        0.000000000000002
        0.566666666666667        0.966666666666667       -3.799605858832903       -3.799605858832901        0.000000000000001
        0.500000000000000        1.000000000000000       -0.000000000000012       -0.000000000000012        0.000000000000000
        0.533333333333333        1.033333333333333        7.340274857531894        7.340274857531891        0.000000000000003
        0.566666666666667        1.066666666666667        7.340274857531901        7.340274857531900        0.000000000000001
        0.600000000000000        0.000000000000000       -0.000000000000010       -0.000000000000009        0.000000000000002
        0.633333333333333        0.033333333333333       14.180322113900737       14.180322113900749        0.000000000000012
        0.666666666666667        0.066666666666667       24.561038368968590       24.561038368968597        0.000000000000007
        0.600000000000000        0.100000000000000       -0.000000000000007       -0.000000000000006        0.000000000000001
        0.633333333333333        0.133333333333333        7.340274857531895        7.340274857531893        0.000000000000003
        0.666666666666667        0.166666666666667        7.340274857531899        7.340274857531893        0.000000000000006
        0.600000000000000        0.200000000000000       -0.000000000000000       -0.000000000000000        0.000000000000000
        0.633333333333333        0.233333333333333       -3.799605858832892       -3.799605858832892        0.000000000000000
        0.666666666666667        0.266666666666667      -14.180322113900740      -14.180322113900739        0.000000000000001
        0.600000000000000        0.300000000000000        0.000000000000007        0.000000000000006        0.000000000000001
        0.633333333333333        0.333333333333333      -12.713728994765643      -12.713728994765648        0.000000000000005
        0.666666666666667        0.366666666666667      -27.394278709829443      -27.394278709829449        0.000000000000006
        0.600000000000000        0.400000000000000        0.000000000000010        0.000000000000009        0.000000000000002
        0.633333333333333        0.433333333333333      -14.180322113900737      -14.180322113900744        0.000000000000006
        0.666666666666667        0.466666666666667      -24.561038368968592      -24.561038368968600        0.000000000000008
        0.600000000000000        0.500000000000000        0.000000000000007        0.000000000000006        0.000000000000001
        0.633333333333333        0.533333333333333       -7.340274857531897       -7.340274857531903        0.000000000000006
        0.666666666666667        0.566666666666667       -7.340274857531902       -7.340274857531907        0.000000000000005
        0.600000000000000        0.600000000000000        0.000000000000000        0.000000000000000        0.000000000000000
        0.633333333333333        0.633333333333333        3.799605858832891        3.799605858832894        0.000000000000003
        0.666666666666667        0.666666666666667       14.180322113900737       14.180322113900744        0.000000000000007
        0.600000000000000        0.700000000000000       -0.000000000000007       -0.000000000000006        0.000000000000001
        0.633333333333333        0.733333333333333       12.713728994765642       12.713728994765649        0.000000000000006
        0.666666666666667        0.766666666666667       27.394278709829442       27.394278709829451        0.000000000000008
        0.600000000000000        0.800000000000000       -0.000000000000010       -0.000000000000009        0.000000000000002
        0.633333333333333        0.833333333333333       14.180322113900738       14.180322113900746        0.000000000000008
        0.666666666666667        0.866666666666667       24.561038368968593       24.561038368968599        0.000000000000005
        0.600000000000000        0.900000000000000       -0.000000000000007       -0.000000000000006        0.000000000000001
        0.633333333333333        0.933333333333333        7.340274857531898        7.340274857531898        0.000000000000001
        0.666666666666667        0.966666666666667        7.340274857531906        7.340274857531902        0.000000000000004
        0.600000000000000        1.000000000000000       -0.000000000000000       -0.000000000000000        0.000000000000000
        0.633333333333333        1.033333333333333       -3.799605858832889       -3.799605858832888        0.000000000000001
        0.666666666666667        1.066666666666667      -14.180322113900734      -14.180322113900730        0.000000000000004
        0.700000000000000        0.000000000000000       40.108007704595098       40.108007704595125        0.000000000000026
        0.733333333333333        0.033333333333333       47.448282562127001       47.448282562127023        0.000000000000022
        0.766666666666667        0.066666666666667       47.448282562127004       47.448282562127011        0.000000000000007
        0.700000000000000        0.100000000000000       28.360644227801489       28.360644227801481        0.000000000000008
        0.733333333333333        0.133333333333333       24.561038368968597       24.561038368968578        0.000000000000018
        0.766666666666667        0.166666666666667       14.180322113900749       14.180322113900734        0.000000000000015
        0.700000000000000        0.200000000000000        0.000000000000002        0.000000000000000        0.000000000000002
        0.733333333333333        0.233333333333333      -12.713728994765648      -12.713728994765643        0.000000000000005
        0.766666666666667        0.266666666666667      -27.394278709829448      -27.394278709829441        0.000000000000007
        0.700000000000000        0.300000000000000      -28.360644227801486      -28.360644227801484        0.000000000000001
        0.733333333333333        0.333333333333333      -42.540966341702234      -42.540966341702234        0.000000000000000
        0.766666666666667        0.366666666666667      -52.921682596770088      -52.921682596770091        0.000000000000003
        0.700000000000000        0.400000000000000      -40.108007704595098      -40.108007704595101        0.000000000000003
        0.733333333333333        0.433333333333333      -47.448282562127002      -47.448282562127005        0.000000000000003
        0.766666666666667        0.466666666666667      -47.448282562127008      -47.448282562127016        0.000000000000009
        0.700000000000000        0.500000000000000      -28.360644227801493      -28.360644227801502        0.000000000000010
        0.733333333333333        0.533333333333333      -24.561038368968602      -24.561038368968613        0.000000000000010
        0.766666666666667        0.566666666666667      -14.180322113900756      -14.180322113900762        0.000000000000007
        0.700000000000000        0.600000000000000       -0.000000000000007       -0.000000000000006        0.000000000000001
        0.733333333333333        0.633333333333333       12.713728994765642       12.713728994765649        0.000000000000006
        0.766666666666667        0.666666666666667       27.394278709829442       27.394278709829451        0.000000000000008
        0.700000000000000        0.700000000000000       28.360644227801482       28.360644227801488        0.000000000000006
        0.733333333333333        0.733333333333333       42.540966341702231       42.540966341702235        0.000000000000004
        0.766666666666667        0.766666666666667       52.921682596770086       52.921682596770094        0.000000000000008
        0.700000000000000        0.800000000000000       40.108007704595098       40.108007704595107        0.000000000000009
        0.733333333333333        0.833333333333333       47.448282562127004       47.448282562127011        0.000000000000007
        0.766666666666667        0.866666666666667       47.448282562127011       47.448282562127014        0.000000000000002
        0.700000000000000        0.900000000000000       28.360644227801496       28.360644227801492        0.000000000000005
        0.733333333333333        0.933333333333333       24.561038368968607       24.561038368968595        0.000000000000012
        0.766666666666667        0.966666666666667       14.180322113900762       14.180322113900752        0.000000000000010
        0.700000000000000        1.000000000000000        0.000000000000012        0.000000000000012        0.000000000000000
        0.733333333333333        1.033333333333333      -12.713728994765637      -12.713728994765628        0.000000000000009
        0.766666666666667        1.066666666666667      -27.394278709829436      -27.394278709829424        0.000000000000012
        0.800000000000000        0.000000000000000       56.721288455602989       56.721288455603027        0.000000000000038
        0.833333333333333        0.033333333333333       52.921682596770097       52.921682596770124        0.000000000000028
        0.866666666666667        0.066666666666667       42.540966341702249       42.540966341702250        0.000000000000002
        0.800000000000000        0.100000000000000       40.108007704595108       40.108007704595097        0.000000000000011
        0.833333333333333        0.133333333333333       27.394278709829457       27.394278709829438        0.000000000000019
        0.866666666666667        0.166666666666667       12.713728994765658       12.713728994765643        0.000000000000014
        0.800000000000000        0.200000000000000        0.000000000000003        0.000000000000000        0.000000000000003
        0.833333333333333        0.233333333333333      -14.180322113900744      -14.180322113900739        0.000000000000005
        0.866666666666667        0.266666666666667      -24.561038368968599      -24.561038368968590        0.000000000000008
        0.800000000000000        0.300000000000000      -40.108007704595103      -40.108007704595102        0.000000000000001
        0.833333333333333        0.333333333333333      -47.448282562127007      -47.448282562127010        0.000000000000003
        0.866666666666667        0.366666666666667      -47.448282562127013      -47.448282562127011        0.000000000000002
        0.800000000000000        0.400000000000000      -56.721288455602989      -56.721288455602994        0.000000000000005
        0.833333333333333        0.433333333333333      -52.921682596770098      -52.921682596770104        0.000000000000006
        0.866666666666667        0.466666666666667      -42.540966341702252      -42.540966341702255        0.000000000000003
        0.800000000000000        0.500000000000000      -40.108007704595113      -40.108007704595128        0.000000000000015
        0.833333333333333        0.533333333333333      -27.394278709829463      -27.394278709829476        0.000000000000013
        0.866666666666667        0.566666666666667      -12.713728994765663      -12.713728994765668        0.000000000000005
        0.800000000000000        0.600000000000000       -0.000000000000010       -0.000000000000009        0.000000000000002
        0.833333333333333        0.633333333333333       14.180322113900738       14.180322113900746        0.000000000000008
        0.866666666666667        0.666666666666667       24.561038368968593       24.561038368968599        0.000000000000005
        0.800000000000000        0.700000000000000       40.108007704595098       40.108007704595107        0.000000000000009
        0.833333333333333        0.733333333333333       47.448282562127004       47.448282562127011        0.000000000000007
        0.866666666666667        0.766666666666667       47.448282562127011       47.448282562127014        0.000000000000002
        0.800000000000000        0.800000000000000       56.721288455602989       56.721288455603002        0.000000000000013
        0.833333333333333        0.833333333333333       52.921682596770100       52.921682596770111        0.000000000000011
        0.866666666666667        0.866666666666667       42.540966341702255       42.540966341702253        0.000000000000002
        0.800000000000000        0.900000000000000       40.108007704595118       40.108007704595112        0.000000000000006
        0.833333333333333        0.933333333333333       27.394278709829469       27.394278709829457        0.000000000000012
        0.866666666666667        0.966666666666667       12.713728994765669       12.713728994765659        0.000000000000010
        0.800000000000000        1.000000000000000        0.000000000000017        0.000000000000017        0.000000000000000
        0.833333333333333        1.033333333333333      -14.180322113900731      -14.180322113900722        0.000000000000009
        0.866666666666667        1.066666666666667      -24.561038368968588      -24.561038368968575        0.000000000000014
        0.900000000000000        0.000000000000000       40.108007704595118       40.108007704595130        0.000000000000012
        0.933333333333333        0.033333333333333       27.394278709829467       27.394278709829464        0.000000000000003
        0.966666666666667        0.066666666666667       12.713728994765667       12.713728994765659        0.000000000000009
        0.900000000000000        0.100000000000000       28.360644227801503       28.360644227801485        0.000000000000018
        0.933333333333333        0.133333333333333       14.180322113900755       14.180322113900736        0.000000000000019
        0.966666666666667        0.166666666666667        3.799605858832901        3.799605858832894        0.000000000000007
        0.900000000000000        0.200000000000000        0.000000000000002        0.000000000000000        0.000000000000002
        0.933333333333333        0.233333333333333       -7.340274857531902       -7.340274857531895        0.000000000000007
        0.966666666666667        0.266666666666667       -7.340274857531907       -7.340274857531899        0.000000000000008
        0.900000000000000        0.300000000000000      -28.360644227801500      -28.360644227801488        0.000000000000011
        0.933333333333333        0.333333333333333      -24.561038368968609      -24.561038368968595        0.000000000000014
        0.966666666666667        0.366666666666667      -14.180322113900762      -14.180322113900751        0.000000000000011
        0.900000000000000        0.400000000000000      -40.108007704595118      -40.108007704595107        0.000000000000011
        0.933333333333333        0.433333333333333      -27.394278709829468      -27.394278709829454        0.000000000000014
        0.966666666666667        0.466666666666667      -12.713728994765668      -12.713728994765660        0.000000000000008
        0.900000000000000        0.500000000000000      -28.360644227801507      -28.360644227801506        0.000000000000000
        0.933333333333333        0.533333333333333      -14.180322113900758      -14.180322113900756        0.000000000000002
        0.966666666666667        0.566666666666667       -3.799605858832903       -3.799605858832901        0.000000000000001
        0.900000000000000        0.600000000000000       -0.000000000000007       -0.000000000000006        0.000000000000001
        0.933333333333333        0.633333333333333        7.340274857531898        7.340274857531898        0.000000000000001
        0.966666666666667        0.666666666666667        7.340274857531906        7.340274857531902        0.000000000000004
        0.900000000000000        0.700000000000000       28.360644227801496       28.360644227801492        0.000000000000005
        0.933333333333333        0.733333333333333       24.561038368968607       24.561038368968595        0.000000000000012
        0.966666666666667        0.766666666666667       14.180322113900762       14.180322113900752        0.000000000000010
        0.900000000000000        0.800000000000000       40.108007704595118       40.108007704595112        0.000000000000006
        0.933333333333333        0.833333333333333       27.394278709829469       27.394278709829457        0.000000000000012
        0.966666666666667        0.866666666666667       12.713728994765669       12.713728994765659        0.000000000000010
        0.900000000000000        0.900000000000000       28.360644227801510       28.360644227801495        0.000000000000015
        0.933333333333333        0.933333333333333       14.180322113900761       14.180322113900746        0.000000000000015
        0.966666666666667        0.966666666666667        3.799605858832904        3.799605858832899        0.000000000000006
        0.900000000000000        1.000000000000000        0.000000000000012        0.000000000000012        0.000000000000000
        0.933333333333333        1.033333333333333       -7.340274857531895       -7.340274857531886        0.000000000000009
        0.966666666666667        1.066666666666667       -7.340274857531904       -7.340274857531895        0.000000000000009
        1.000000000000000        0.000000000000000        0.000000000000017        0.000000000000017        0.000000000000000
        1.033333333333333        0.033333333333333      -14.180322113900730      -14.180322113900726        0.000000000000005
        1.066666666666667        0.066666666666667      -24.561038368968585      -24.561038368968573        0.000000000000011
        1.000000000000000        0.100000000000000        0.000000000000012        0.000000000000012        0.000000000000000
        1.033333333333333        0.133333333333333       -7.340274857531892       -7.340274857531881        0.000000000000011
        1.066666666666667        0.166666666666667       -7.340274857531897       -7.340274857531885        0.000000000000012
        1.000000000000000        0.200000000000000        0.000000000000000        0.000000000000000        0.000000000000000
        1.033333333333333        0.233333333333333        3.799605858832891        3.799605858832886        0.000000000000005
        1.066666666666667        0.266666666666667       14.180322113900737       14.180322113900725        0.000000000000012
        1.000000000000000        0.300000000000000       -0.000000000000012       -0.000000000000012        0.000000000000000
        1.033333333333333        0.333333333333333       12.713728994765638       12.713728994765627        0.000000000000010
        1.066666666666667        0.366666666666667       27.394278709829437       27.394278709829422        0.000000000000015
        1.000000000000000        0.400000000000000       -0.000000000000017       -0.000000000000017        0.000000000000000
        1.033333333333333        0.433333333333333       14.180322113900731       14.180322113900720        0.000000000000011
        1.066666666666667        0.466666666666667       24.561038368968587       24.561038368968576        0.000000000000010
        1.000000000000000        0.500000000000000       -0.000000000000012       -0.000000000000012        0.000000000000000
        1.033333333333333        0.533333333333333        7.340274857531894        7.340274857531891        0.000000000000003
        1.066666666666667        0.566666666666667        7.340274857531901        7.340274857531900        0.000000000000001
        1.000000000000000        0.600000000000000       -0.000000000000000       -0.000000000000000        0.000000000000000
        1.033333333333333        0.633333333333333       -3.799605858832889       -3.799605858832888        0.000000000000001
        1.066666666666667        0.666666666666667      -14.180322113900734      -14.180322113900730        0.000000000000004
        1.000000000000000        0.700000000000000        0.000000000000012        0.000000000000012        0.000000000000000
        1.033333333333333        0.733333333333333      -12.713728994765637      -12.713728994765628        0.000000000000009
        1.066666666666667        0.766666666666667      -27.394278709829436      -27.394278709829424        0.000000000000012
        1.000000000000000        0.800000000000000        0.000000000000017        0.000000000000017        0.000000000000000
        1.033333333333333        0.833333333333333      -14.180322113900731      -14.180322113900722        0.000000000000009
        1.066666666666667        0.866666666666667      -24.561038368968588      -24.561038368968575        0.000000000000014
        1.000000000000000        0.900000000000000        0.000000000000012        0.000000000000012        0.000000000000000
        1.033333333333333        0.933333333333333       -7.340274857531895       -7.340274857531886        0.000000000000009
        1.066666666666667        0.966666666666667       -7.340274857531904       -7.340274857531895        0.000000000000009
        1.000000000000000        1.000000000000000        0.000000000000000        0.000000000000000        0.000000000000000
        1.033333333333333        1.033333333333333        3.799605858832887        3.799605858832881        0.000000000000006
        1.066666666666667        1.066666666666667       14.180322113900731       14.180322113900716        0.000000000000015
