        0.000000000000000        0.000000000000000       56.129591061187463       56.129591061187526        0.000000000000063
        0.033333333333333        0.033333333333333       52.369621412103877       52.369621412103922        0.000000000000044
        0.066666666666667        0.066666666666667       42.097193295890598       42.097193295890604        0.000000000000005
        0.000000000000000        0.100000000000000       39.689614464593479       39.689614464593485        0.000000000000007
        0.033333333333333        0.133333333333333       27.108510812522503       27.108510812522493        0.000000000000010
        0.066666666666667        0.166666666666667       12.581103652070979       12.581103652070966        0.000000000000013
        0.000000000000000        0.200000000000000        0.000000000000003        0.000000000000000        0.000000000000003
        0.033333333333333        0.233333333333333      -14.032397765296862      -14.032397765296862        0.000000000000000
        0.066666666666667        0.266666666666667      -24.304825881510142      -24.304825881510136        0.000000000000006
        0.000000000000000        0.300000000000000      -39.689614464593474      -39.689614464593490        0.000000000000016
        0.033333333333333        0.333333333333333      -46.953318044819237      -46.953318044819255        0.000000000000018
        0.066666666666667        0.366666666666667      -46.953318044819239      -46.953318044819241        0.000000000000002
        0.000000000000000        0.400000000000000      -56.129591061187463      -56.129591061187493        0.000000000000030
        0.033333333333333        0.433333333333333      -52.369621412103879      -52.369621412103902        0.000000000000023
        0.066666666666667        0.466666666666667      -42.097193295890601      -42.097193295890609        0.000000000000007
        0.000000000000000        0.500000000000000      -39.689614464593484      -39.689614464593516        0.000000000000032
        0.033333333333333        0.533333333333333      -27.108510812522509      -27.108510812522530        0.000000000000022
        0.066666666666667        0.566666666666667      -12.581103652070985      -12.581103652070991        0.000000000000006
        0.000000000000000        0.600000000000000       -0.000000000000010       -0.000000000000009        0.000000000000002
        0.033333333333333        0.633333333333333       14.032397765296856       14.032397765296868        0.000000000000012
        0.066666666666667        0.666666666666667       24.304825881510137       24.304825881510144        0.000000000000007
        0.000000000000000        0.700000000000000       39.689614464593469       39.689614464593495        0.000000000000026
        0.033333333333333        0.733333333333333       46.953318044819234       46.953318044819256        0.000000000000022
        0.066666666666667        0.766666666666667       46.953318044819237       46.953318044819244        0.000000000000007
        0.000000000000000        0.800000000000000       56.129591061187463       56.129591061187501        0.000000000000038
        0.033333333333333        0.833333333333333       52.369621412103881       52.369621412103908        0.000000000000028
        0.066666666666667        0.866666666666667       42.097193295890604       42.097193295890606        0.000000000000002
        0.000000000000000        0.900000000000000       39.689614464593488       39.689614464593500        0.000000000000012
        0.033333333333333        0.933333333333333       27.108510812522514       27.108510812522511        0.000000000000003
        0.066666666666667        0.966666666666667       12.581103652070991       12.581103652070982        0.000000000000009
        0.000000000000000        1.000000000000000        0.000000000000017        0.000000000000017        0.000000000000000
        0.033333333333333        1.033333333333333      -14.032397765296849      -14.032397765296845        0.000000000000005
        0.066666666666667        1.066666666666667      -24.304825881510132      -24.304825881510121        0.000000000000011
        0.100000000000000        0.000000000000000       39.689614464593479       39.689614464593485        0.000000000000007
        0.133333333333333        0.033333333333333       27.108510812522503       27.108510812522493        0.000000000000010
        0.166666666666667        0.066666666666667       12.581103652070979       12.581103652070966        0.000000000000013
        0.100000000000000        0.100000000000000       28.064795530593733       28.064795530593711        0.000000000000022
        0.133333333333333        0.133333333333333       14.032397765296868       14.032397765296845        0.000000000000022
        0.166666666666667        0.166666666666667        3.759969649083588        3.759969649083579        0.000000000000008
        0.100000000000000        0.200000000000000        0.000000000000002        0.000000000000000        0.000000000000002
        0.133333333333333        0.233333333333333       -7.263703580225761       -7.263703580225752        0.000000000000009
        0.166666666666667        0.266666666666667       -7.263703580225762       -7.263703580225752        0.000000000000010
        0.100000000000000        0.300000000000000      -28.064795530593730      -28.064795530593715        0.000000000000015
        0.133333333333333        0.333333333333333      -24.304825881510146      -24.304825881510125        0.000000000000021
        0.166666666666667        0.366666666666667      -14.032397765296868      -14.032397765296852        0.000000000000016
        0.100000000000000        0.400000000000000      -39.689614464593479      -39.689614464593462        0.000000000000016
        0.133333333333333        0.433333333333333      -27.108510812522504      -27.108510812522482        0.000000000000021
        0.166666666666667        0.466666666666667      -12.581103652070980      -12.581103652070967        0.000000000000013
        0.100000000000000        0.500000000000000      -28.064795530593737      -28.064795530593733        0.000000000000004
        0.133333333333333        0.533333333333333      -14.032397765296871      -14.032397765296865        0.000000000000006
        0.166666666666667        0.566666666666667       -3.759969649083589       -3.759969649083587        0.000000000000003
        0.100000000000000        0.600000000000000       -0.000000000000007       -0.000000000000006        0.000000000000001
        0.133333333333333        0.633333333333333        7.263703580225757        7.263703580225755        0.000000000000003
        0.166666666666667        0.666666666666667        7.263703580225761        7.263703580225755        0.000000000000006
        0.100000000000000        0.700000000000000       28.064795530593726       28.064795530593718        0.000000000000008
        0.133333333333333        0.733333333333333       24.304825881510144       24.304825881510126        0.000000000000018
        0.166666666666667        0.766666666666667       14.032397765296868       14.032397765296853        0.000000000000014
        0.100000000000000        0.800000000000000       39.689614464593479       39.689614464593468        0.000000000000011
        0.133333333333333        0.833333333333333       27.108510812522505       27.108510812522486        0.000000000000019
        0.166666666666667        0.866666666666667       12.581103652070981       12.581103652070967        0.000000000000014
        0.100000000000000        0.900000000000000       28.064795530593740       28.064795530593722        0.000000000000018
        0.133333333333333        0.933333333333333       14.032397765296874       14.032397765296855        0.000000000000019
        0.166666666666667        0.966666666666667        3.759969649083591        3.759969649083584        0.000000000000007
        0.100000000000000        1.000000000000000        0.000000000000012        0.000000000000012        0.000000000000000
        0.133333333333333        1.033333333333333       -7.263703580225754       -7.263703580225743        0.000000000000011
        0.166666666666667        1.066666666666667       -7.263703580225759       -7.263703580225748        0.000000000000012
        0.200000000000000        0.000000000000000        0.000000000000003        0.000000000000000        0.000000000000003
        0.233333333333333        0.033333333333333      -14.032397765296862      -14.032397765296862        0.000000000000000
        0.266666666666667        0.066666666666667      -24.304825881510142      -24.304825881510136        0.000000000000006
        0.200000000000000        0.100000000000000        0.000000000000002        0.000000000000000        0.000000000000002
        0.233333333333333        0.133333333333333       -7.263703580225761       -7.263703580225752        0.000000000000009
        0.266666666666667        0.166666666666667       -7.263703580225762       -7.263703580225752        0.000000000000010
        0.200000000000000        0.200000000000000        0.000000000000000        0.000000000000000        0.000000000000000
        0.233333333333333        0.233333333333333        3.759969649083584        3.759969649083581        0.000000000000003
        0.266666666666667        0.266666666666667       14.032397765296862       14.032397765296853        0.000000000000009
        0.200000000000000        0.300000000000000       -0.000000000000002       -0.000000000000000        0.000000000000002
        0.233333333333333        0.333333333333333       12.581103652070972       12.581103652070966        0.000000000000006
        0.266666666666667        0.366666666666667       27.108510812522496       27.108510812522487        0.000000000000009
        0.200000000000000        0.400000000000000       -0.000000000000003       -0.000000000000000        0.000000000000003
        0.233333333333333        0.433333333333333       14.032397765296863       14.032397765296856        0.000000000000006
        0.266666666666667        0.466666666666667       24.304825881510144       24.304825881510139        0.000000000000005
        0.200000000000000        0.500000000000000       -0.000000000000002       -0.000000000000000        0.000000000000002
        0.233333333333333        0.533333333333333        7.263703580225762        7.263703580225762        0.000000000000001
        0.266666666666667        0.566666666666667        7.263703580225766        7.263703580225766        0.000000000000001
        0.200000000000000        0.600000000000000       -0.000000000000000       -0.000000000000000        0.000000000000000
        0.233333333333333        0.633333333333333       -3.759969649083582       -3.759969649083582        0.000000000000000
        0.266666666666667        0.666666666666667      -14.032397765296859      -14.032397765296858        0.000000000000001
        0.200000000000000        0.700000000000000        0.000000000000002        0.000000000000000        0.000000000000002
        0.233333333333333        0.733333333333333      -12.581103652070972      -12.581103652070967        0.000000000000005
        0.266666666666667        0.766666666666667      -27.108510812522495      -27.108510812522489        0.000000000000007
        0.200000000000000        0.800000000000000        0.000000000000003        0.000000000000000        0.000000000000003
        0.233333333333333        0.833333333333333      -14.032397765296863      -14.032397765296858        0.000000000000005
        0.266666666666667        0.866666666666667      -24.304825881510146      -24.304825881510137        0.000000000000008
        0.200000000000000        0.900000000000000        0.000000000000002        0.000000000000000        0.000000000000002
        0.233333333333333        0.933333333333333       -7.263703580225764       -7.263703580225757        0.000000000000007
        0.266666666666667        0.966666666666667       -7.263703580225769       -7.263703580225761        0.000000000000008
        0.200000000000000        1.000000000000000        0.000000000000000        0.000000000000000        0.000000000000000
        0.233333333333333        1.033333333333333        3.759969649083581        3.759969649083576        0.000000000000005
        0.266666666666667        1.066666666666667       14.032397765296856       14.032397765296844        0.000000000000012
        0.300000000000000        0.000000000000000      -39.689614464593474      -39.689614464593490        0.000000000000016
        0.333333333333333        0.033333333333333      -46.953318044819237      -46.953318044819255        0.000000000000018
        0.366666666666667        0.066666666666667      -46.953318044819239      -46.953318044819241        0.000000000000002
        0.300000000000000        0.100000000000000      -28.064795530593730      -28.064795530593715        0.000000000000015
        0.333333333333333        0.133333333333333      -24.304825881510146      -24.304825881510125        0.000000000000021
        0.366666666666667        0.166666666666667      -14.032397765296868      -14.032397765296852        0.000000000000016
        0.300000000000000        0.200000000000000       -0.000000000000002       -0.000000000000000        0.000000000000002
        0.333333333333333        0.233333333333333       12.581103652070972       12.581103652070966        0.000000000000006
        0.366666666666667        0.266666666666667       27.108510812522496       27.108510812522487        0.000000000000009
        0.300000000000000        0.300000000000000       28.064795530593726       28.064795530593718        0.000000000000008
        0.333333333333333        0.333333333333333       42.097193295890593       42.097193295890589        0.000000000000004
        0.366666666666667        0.366666666666667       52.369621412103874       52.369621412103872        0.000000000000002
        0.300000000000000        0.400000000000000       39.689614464593474       39.689614464593467        0.000000000000007
        0.333333333333333        0.433333333333333       46.953318044819239       46.953318044819237        0.000000000000002
        0.366666666666667        0.466666666666667       46.953318044819242       46.953318044819246        0.000000000000004
        0.300000000000000        0.500000000000000       28.064795530593733       28.064795530593736        0.000000000000003
        0.333333333333333        0.533333333333333       24.304825881510151       24.304825881510159        0.000000000000008
        0.366666666666667        0.566666666666667       14.032397765296874       14.032397765296880        0.000000000000005
        0.300000000000000        0.600000000000000        0.000000000000007        0.000000000000006        0.000000000000001
        0.333333333333333        0.633333333333333      -12.581103652070967      -12.581103652070972        0.000000000000005
        0.366666666666667        0.666666666666667      -27.108510812522490      -27.108510812522496        0.000000000000006
        0.300000000000000        0.700000000000000      -28.064795530593723      -28.064795530593722        0.000000000000001
        0.333333333333333        0.733333333333333      -42.097193295890590      -42.097193295890590        0.000000000000000
        0.366666666666667        0.766666666666667      -52.369621412103872      -52.369621412103875        0.000000000000003
        0.300000000000000        0.800000000000000      -39.689614464593474      -39.689614464593473        0.000000000000001
        0.333333333333333        0.833333333333333      -46.953318044819240      -46.953318044819243        0.000000000000003
        0.366666666666667        0.866666666666667      -46.953318044819245      -46.953318044819243        0.000000000000002
        0.300000000000000        0.900000000000000      -28.064795530593737      -28.064795530593726        0.000000000000011
        0.333333333333333        0.933333333333333      -24.304825881510156      -24.304825881510142        0.000000000000014
        0.366666666666667        0.966666666666667      -14.032397765296881      -14.032397765296870        0.000000000000011
        0.300000000000000        1.000000000000000       -0.000000000000012       -0.000000000000012        0.000000000000000
        0.333333333333333        1.033333333333333       12.581103652070961       12.581103652070951        0.000000000000010
        0.366666666666667        1.066666666666667       27.108510812522485       27.108510812522470        0.000000000000015
        0.400000000000000        0.000000000000000      -56.129591061187463      -56.129591061187493        0.000000000000030
        0.433333333333333        0.033333333333333      -52.369621412103879      -52.369621412103902        0.000000000000023
        0.466666666666667        0.066666666666667      -42.097193295890601      -42.097193295890609        0.000000000000007
        0.400000000000000        0.100000000000000      -39.689614464593479      -39.689614464593462        0.000000000000016
        0.433333333333333        0.133333333333333      -27.108510812522504      -27.108510812522482        0.000000000000021
        0.466666666666667        0.166666666666667      -12.581103652070980      -12.581103652070967        0.000000000000013
        0.400000000000000        0.200000000000000       -0.000000000000003       -0.000000000000000        0.000000000000003
        0.433333333333333        0.233333333333333       14.032397765296863       14.032397765296856        0.000000000000006
        0.466666666666667        0.266666666666667       24.304825881510144       24.304825881510139        0.000000000000005
        0.400000000000000        0.300000000000000       39.689614464593474       39.689614464593467        0.000000000000007
        0.433333333333333        0.333333333333333       46.953318044819239       46.953318044819237        0.000000000000002
        0.466666666666667        0.366666666666667       46.953318044819242       46.953318044819246        0.000000000000004
        0.400000000000000        0.400000000000000       56.129591061187463       56.129591061187461        0.000000000000003
        0.433333333333333        0.433333333333333       52.369621412103881       52.369621412103882        0.000000000000001
        0.466666666666667        0.466666666666667       42.097193295890604       42.097193295890613        0.000000000000009
        0.400000000000000        0.500000000000000       39.689614464593484       39.689614464593492        0.000000000000009
        0.433333333333333        0.533333333333333       27.108510812522509       27.108510812522520        0.000000000000010
        0.466666666666667        0.566666666666667       12.581103652070986       12.581103652070992        0.000000000000006
        0.400000000000000        0.600000000000000        0.000000000000010        0.000000000000009        0.000000000000002
        0.433333333333333        0.633333333333333      -14.032397765296856      -14.032397765296863        0.000000000000006
        0.466666666666667        0.666666666666667      -24.304825881510139      -24.304825881510147        0.000000000000008
        0.400000000000000        0.700000000000000      -39.689614464593469      -39.689614464593472        0.000000000000003
        0.433333333333333        0.733333333333333      -46.953318044819235      -46.953318044819238        0.000000000000003
        0.466666666666667        0.766666666666667      -46.953318044819241      -46.953318044819249        0.000000000000009
        0.400000000000000        0.800000000000000      -56.129591061187463      -56.129591061187469        0.000000000000005
        0.433333333333333        0.833333333333333      -52.369621412103883      -52.369621412103888        0.000000000000006
        0.466666666666667        0.866666666666667      -42.097193295890607      -42.097193295890611        0.000000000000003
        0.400000000000000        0.900000000000000      -39.689614464593488      -39.689614464593477        0.000000000000011
        0.433333333333333        0.933333333333333      -27.108510812522515      -27.108510812522501        0.000000000000014
        0.466666666666667        0.966666666666667      -12.581103652070992      -12.581103652070983        0.000000000000008
        0.400000000000000        1.000000000000000       -0.000000000000017       -0.000000000000017        0.000000000000000
        0.433333333333333        1.033333333333333       14.032397765296850       14.032397765296839        0.000000000000010
        0.466666666666667        1.066666666666667       24.304825881510134       24.304825881510123        0.000000000000010
        0.500000000000000        0.000000000000000      -39.689614464593484      -39.689614464593516        0.000000000000032
        0.533333333333333        0.033333333333333      -27.108510812522509      -27.108510812522530        0.000000000000022
        0.566666666666667        0.066666666666667      -12.581103652070985      -12.581103652070991        0.000000000000006
        0.500000000000000        0.100000000000000      -28.064795530593737      -28.064795530593733        0.000000000000004
        0.533333333333333        0.133333333333333      -14.032397765296871      -14.032397765296865        0.000000000000006
        0.566666666666667        0.166666666666667       -3.759969649083589       -3.759969649083587        0.000000000000003
        0.500000000000000        0.200000000000000       -0.000000000000002       -0.000000000000000        0.000000000000002
        0.533333333333333        0.233333333333333        7.263703580225762        7.263703580225762        0.000000000000001
        0.566666666666667        0.266666666666667        7.263703580225766        7.263703580225766        0.000000000000001
        0.500000000000000        0.300000000000000       28.064795530593733       28.064795530593736        0.000000000000003
        0.533333333333333        0.333333333333333       24.304825881510151       24.304825881510159        0.000000000000008
        0.566666666666667        0.366666666666667       14.032397765296874       14.032397765296880        0.000000000000005
        0.500000000000000        0.400000000000000       39.689614464593484       39.689614464593492        0.000000000000009
        0.533333333333333        0.433333333333333       27.108510812522509       27.108510812522520        0.000000000000010
        0.566666666666667        0.466666666666667       12.581103652070986       12.581103652070992        0.000000000000006
        0.500000000000000        0.500000000000000       28.064795530593740       28.064795530593754        0.000000000000014
        0.533333333333333        0.533333333333333       14.032397765296874       14.032397765296884        0.000000000000010
        0.566666666666667        0.566666666666667        3.759969649083591        3.759969649083594        0.000000000000003
        0.500000000000000        0.600000000000000        0.000000000000007        0.000000000000006        0.000000000000001
        0.533333333333333        0.633333333333333       -7.263703580225759       -7.263703580225765        0.000000000000006
        0.566666666666667        0.666666666666667       -7.263703580225764       -7.263703580225769        0.000000000000005
        0.500000000000000        0.700000000000000      -28.064795530593730      -28.064795530593740        0.000000000000010
        0.533333333333333        0.733333333333333      -24.304825881510149      -24.304825881510160        0.000000000000010
        0.566666666666667        0.766666666666667      -14.032397765296874      -14.032397765296881        0.000000000000007
        0.500000000000000        0.800000000000000      -39.689614464593484      -39.689614464593498        0.000000000000015
        0.533333333333333        0.833333333333333      -27.108510812522510      -27.108510812522523        0.000000000000013
        0.566666666666667        0.866666666666667      -12.581103652070987      -12.581103652070991        0.000000000000005
        0.500000000000000        0.900000000000000      -28.064795530593744      -28.064795530593743        0.000000000000000
        0.533333333333333        0.933333333333333      -14.032397765296877      -14.032397765296875        0.000000000000002
        0.566666666666667        0.966666666666667       -3.759969649083593       -3.759969649083591        0.000000000000001
        0.500000000000000        1.000000000000000       -0.000000000000012       -0.000000000000012        0.000000000000000
        0.533333333333333        1.033333333333333        7.263703580225756        7.263703580225753        0.000000000000003
        0.566666666666667        1.066666666666667        7.263703580225763        7.263703580225762        0.000000000000001
        0.600000000000000        0.000000000000000       -0.000000000000010       -0.000000000000009        0.000000000000002
        0.633333333333333        0.033333333333333       14.032397765296856       14.032397765296868        0.000000000000012
        0.666666666666667        0.066666666666667       24.304825881510137       24.304825881510144        0.000000000000007
        0.600000000000000        0.100000000000000       -0.000000000000007       -0.000000000000006        0.000000000000001
        0.633333333333333        0.133333333333333        7.263703580225757        7.263703580225755        0.000000000000003
        0.666666666666667        0.166666666666667        7.263703580225761        7.263703580225755        0.000000000000006
        0.600000000000000        0.200000000000000       -0.000000000000000       -0.000000000000000        0.000000000000000
        0.633333333333333        0.233333333333333       -3.759969649083582       -3.759969649083582        0.000000000000000
        0.666666666666667        0.266666666666667      -14.032397765296859      -14.032397765296858        0.000000000000001
        0.600000000000000        0.300000000000000        0.000000000000007        0.000000000000006        0.000000000000001
        0.633333333333333        0.333333333333333      -12.581103652070967      -12.581103652070972        0.000000000000005
        0.666666666666667        0.366666666666667      -27.108510812522490      -27.108510812522496        0.000000000000006
        0.600000000000000        0.400000000000000        0.000000000000010        0.000000000000009        0.000000000000002
        0.633333333333333        0.433333333333333      -14.032397765296856      -14.032397765296863        0.000000000000006
        0.666666666666667        0.466666666666667      -24.304825881510139      -24.304825881510147        0.000000000000008
        0.600000000000000        0.500000000000000        0.000000000000007        0.000000000000006        0.000000000000001
        0.633333333333333        0.533333333333333       -7.263703580225759       -7.263703580225765        0.000000000000006
        0.666666666666667        0.566666666666667       -7.263703580225764       -7.263703580225769        0.000000000000005
        0.600000000000000        0.600000000000000        0.000000000000000        0.000000000000000        0.000000000000000
        0.633333333333333        0.633333333333333        3.759969649083581        3.759969649083584        0.000000000000003
        0.666666666666667        0.666666666666667       14.032397765296856       14.032397765296862        0.000000000000007
        0.600000000000000        0.700000000000000       -0.000000000000007       -0.000000000000006        0.000000000000001
        0.633333333333333        0.733333333333333       12.581103652070966       12.581103652070972        0.000000000000006
        0.666666666666667        0.766666666666667       27.108510812522490       27.108510812522498        0.000000000000008
        0.600000000000000        0.800000000000000       -0.000000000000010       -0.000000000000009        0.000000000000002
        0.633333333333333        0.833333333333333       14.032397765296857       14.032397765296864        0.000000000000008
        0.666666666666667        0.866666666666667       24.304825881510141       24.304825881510146        0.000000000000005
        0.600000000000000        0.900000000000000       -0.000000000000007       -0.000000000000006        0.000000000000001
        0.633333333333333        0.933333333333333        7.263703580225760        7.263703580225760        0.000000000000001
        0.666666666666667        0.966666666666667        7.263703580225768        7.263703580225764        0.000000000000004
        0.600000000000000        1.000000000000000       -0.000000000000000       -0.000000000000000        0.000000000000000
        0.633333333333333        1.033333333333333       -3.759969649083579       -3.759969649083578        0.000000000000001
        0.666666666666667        1.066666666666667      -14.032397765296853      -14.032397765296849        0.000000000000004
        0.700000000000000        0.000000000000000       39.689614464593469       39.689614464593495        0.000000000000026
        0.733333333333333        0.033333333333333       46.953318044819234       46.953318044819256        0.000000000000022
        0.766666666666667        0.066666666666667       46.953318044819237       46.953318044819244        0.000000000000007
        0.700000000000000        0.100000000000000       28.064795530593726       28.064795530593718        0.000000000000008
        0.733333333333333        0.133333333333333       24.304825881510144       24.304825881510126        0.000000000000018
        0.766666666666667        0.166666666666667       14.032397765296868       14.032397765296853        0.000000000000014
        0.700000000000000        0.200000000000000        0.000000000000002        0.000000000000000        0.000000000000002
        0.733333333333333        0.233333333333333      -12.581103652070972      -12.581103652070967        0.000000000000005
        0.766666666666667        0.266666666666667      -27.108510812522495      -27.108510812522489        0.000000000000007
        0.700000000000000        0.300000000000000      -28.064795530593723      -28.064795530593722        0.000000000000001
        0.733333333333333        0.333333333333333      -42.097193295890590      -42.097193295890590        0.000000000000000
        0.766666666666667        0.366666666666667      -52.369621412103872      -52.369621412103875        0.000000000000003
        0.700000000000000        0.400000000000000      -39.689614464593469      -39.689614464593472        0.000000000000003
        0.733333333333333        0.433333333333333      -46.953318044819235      -46.953318044819238        0.000000000000003
        0.766666666666667        0.466666666666667      -46.953318044819241      -46.953318044819249        0.000000000000009
        0.700000000000000        0.500000000000000      -28.064795530593730      -28.064795530593740        0.000000000000010
        0.733333333333333        0.533333333333333      -24.304825881510149      -24.304825881510160        0.000000000000010
        0.766666666666667        0.566666666666667      -14.032397765296874      -14.032397765296881        0.000000000000007
        0.700000000000000        0.600000000000000       -0.000000000000007       -0.000000000000006        0.000000000000001
        0.733333333333333        0.633333333333333       12.581103652070966       12.581103652070972        0.000000000000006
        0.766666666666667        0.666666666666667       27.108510812522490       27.108510812522498        0.000000000000008
        0.700000000000000        0.700000000000000       28.064795530593720       28.064795530593725        0.000000000000005
        0.733333333333333        0.733333333333333       42.097193295890587       42.097193295890591        0.000000000000004
        0.766666666666667        0.766666666666667       52.369621412103871       52.369621412103878        0.000000000000008
        0.700000000000000        0.800000000000000       39.689614464593469       39.689614464593477        0.000000000000009
        0.733333333333333        0.833333333333333       46.953318044819237       46.953318044819244        0.000000000000007
        0.766666666666667        0.866666666666667       46.953318044819244       46.953318044819246        0.000000000000002
        0.700000000000000        0.900000000000000       28.064795530593733       28.064795530593729        0.000000000000004
        0.733333333333333        0.933333333333333       24.304825881510154       24.304825881510143        0.000000000000012
        0.766666666666667        0.966666666666667       14.032397765296880       14.032397765296871        0.000000000000010
        0.700000000000000        1.000000000000000        0.000000000000012        0.000000000000012        0.000000000000000
        0.733333333333333        1.033333333333333      -12.581103652070960      -12.581103652070951        0.000000000000009
        0.766666666666667        1.066666666666667      -27.108510812522484      -27.108510812522471        0.000000000000012
        0.800000000000000        0.000000000000000       56.129591061187463       56.129591061187501        0.000000000000038
        0.833333333333333        0.033333333333333       52.369621412103881       52.369621412103908        0.000000000000028
        0.866666666666667        0.066666666666667       42.097193295890604       42.097193295890606        0.000000000000002
        0.800000000000000        0.100000000000000       39.689614464593479       39.689614464593468        0.000000000000011
        0.833333333333333        0.133333333333333       27.108510812522505       27.108510812522486        0.000000000000019
        0.866666666666667        0.166666666666667       12.581103652070981       12.581103652070967        0.000000000000014
        0.800000000000000        0.200000000000000        0.000000000000003        0.000000000000000        0.000000000000003
        0.833333333333333        0.233333333333333      -14.032397765296863      -14.032397765296858        0.000000000000005
        0.866666666666667        0.266666666666667      -24.304825881510146      -24.304825881510137        0.000000000000008
        0.800000000000000        0.300000000000000      -39.689614464593474      -39.689614464593473        0.000000000000001
        0.833333333333333        0.333333333333333      -46.953318044819240      -46.953318044819243        0.000000000000003
        0.866666666666667        0.366666666666667      -46.953318044819245      -46.953318044819243        0.000000000000002
        0.800000000000000        0.400000000000000      -56.129591061187463      -56.129591061187469        0.000000000000005
        0.833333333333333        0.433333333333333      -52.369621412103883      -52.369621412103888        0.000000000000006
        0.866666666666667        0.466666666666667      -42.097193295890607      -42.097193295890611        0.000000000000003
        0.800000000000000        0.500000000000000      -39.689614464593484      -39.689614464593498        0.000000000000015
        0.833333333333333        0.533333333333333      -27.108510812522510      -27.108510812522523        0.000000000000013
        0.866666666666667        0.566666666666667      -12.581103652070987      -12.581103652070991        0.000000000000005
        0.800000000000000        0.600000000000000       -0.000000000000010       -0.000000000000009        0.000000000000002
        0.833333333333333        0.633333333333333       14.032397765296857       14.032397765296864        0.000000000000008
        0.866666666666667        0.666666666666667       24.304825881510141       24.304825881510146        0.000000000000005
        0.800000000000000        0.700000000000000       39.689614464593469       39.689614464593477        0.000000000000009
        0.833333333333333        0.733333333333333       46.953318044819237       46.953318044819244        0.000000000000007
        0.866666666666667        0.766666666666667       46.953318044819244       46.953318044819246        0.000000000000002
        0.800000000000000        0.800000000000000       56.129591061187463       56.129591061187477        0.000000000000013
        0.833333333333333        0.833333333333333       52.369621412103884       52.369621412103895        0.000000000000011
        0.866666666666667        0.866666666666667       42.097193295890610       42.097193295890608        0.000000000000002
        0.800000000000000        0.900000000000000       39.689614464593488       39.689614464593483        0.000000000000005
        0.833333333333333        0.933333333333333       27.108510812522516       27.108510812522504        0.000000000000012
        0.866666666666667        0.966666666666667       12.581103652070992       12.581103652070983        0.000000000000010
        0.800000000000000        1.000000000000000        0.000000000000017        0.000000000000017        0.000000000000000
        0.833333333333333        1.033333333333333      -14.032397765296850      -14.032397765296841        0.000000000000009
        0.866666666666667        1.066666666666667      -24.304825881510135      -24.304825881510122        0.000000000000013
        0.900000000000000        0.000000000000000       39.689614464593488       39.689614464593500        0.000000000000012
        0.933333333333333        0.033333333333333       27.108510812522514       27.108510812522511        0.000000000000003
        0.966666666666667        0.066666666666667       12.581103652070991       12.581103652070982        0.000000000000009
        0.900000000000000        0.100000000000000       28.064795530593740       28.064795530593722        0.000000000000018
        0.933333333333333        0.133333333333333       14.032397765296874       14.032397765296855        0.000000000000019
        0.966666666666667        0.166666666666667        3.759969649083591        3.759969649083584        0.000000000000007
        0.900000000000000        0.200000000000000        0.000000000000002        0.000000000000000        0.000000000000002
        0.933333333333333        0.233333333333333       -7.263703580225764       -7.263703580225757        0.000000000000007
        0.966666666666667        0.266666666666667       -7.263703580225769       -7.263703580225761        0.000000000000008
        0.900000000000000        0.300000000000000      -28.064795530593737      -28.064795530593726        0.000000000000011
        0.933333333333333        0.333333333333333      -24.304825881510156      -24.304825881510142        0.000000000000014
        0.966666666666667        0.366666666666667      -14.032397765296881      -14.032397765296870        0.000000000000011
        0.900000000000000        0.400000000000000      -39.689614464593488      -39.689614464593477        0.000000000000011
        0.933333333333333        0.433333333333333      -27.108510812522515      -27.108510812522501        0.000000000000014
        0.966666666666667        0.466666666666667      -12.581103652070992      -12.581103652070983        0.000000000000008
        0.900000000000000        0.500000000000000      -28.064795530593744      -28.064795530593743        0.000000000000000
        0.933333333333333        0.533333333333333      -14.032397765296877      -14.032397765296875        0.000000000000002
        0.966666666666667        0.566666666666667       -3.759969649083593       -3.759969649083591        0.000000000000001
        0.900000000000000        0.600000000000000       -0.000000000000007       -0.000000000000006        0.000000000000001
        0.933333333333333        0.633333333333333        7.263703580225760        7.263703580225760        0.000000000000001
        0.966666666666667        0.666666666666667        7.263703580225768        7.263703580225764        0.000000000000004
        0.900000000000000        0.700000000000000       28.064795530593733       28.064795530593729        0.000000000000004
        0.933333333333333        0.733333333333333       24.304825881510154       24.304825881510143        0.000000000000012
        0.966666666666667        0.766666666666667       14.032397765296880       14.032397765296871        0.000000000000010
        0.900000000000000        0.800000000000000       39.689614464593488       39.689614464593483        0.000000000000005
        0.933333333333333        0.833333333333333       27.108510812522516       27.108510812522504        0.000000000000012
        0.966666666666667        0.866666666666667       12.581103652070992       12.581103652070983        0.000000000000010
        0.900000000000000        0.900000000000000       28.064795530593747       28.064795530593733        0.000000000000014
        0.933333333333333        0.933333333333333       14.032397765296880       14.032397765296865        0.000000000000015
        0.966666666666667        0.966666666666667        3.759969649083594        3.759969649083589        0.000000000000006
        0.900000000000000        1.000000000000000        0.000000000000012        0.000000000000012        0.000000000000000
        0.933333333333333        1.033333333333333       -7.263703580225757       -7.263703580225748        0.000000000000009
        0.966666666666667        1.066666666666667       -7.263703580225766       -7.263703580225757        0.000000000000009
        1.000000000000000        0.000000000000000        0.000000000000017        0.000000000000017        0.000000000000000
        1.033333333333333        0.033333333333333      -14.032397765296849      -14.032397765296845        0.000000000000005
        1.066666666666667        0.066666666666667      -24.304825881510132      -24.304825881510121        0.000000000000011
        1.000000000000000        0.100000000000000        0.000000000000012        0.000000000000012        0.000000000000000
        1.033333333333333        0.133333333333333       -7.263703580225754       -7.263703580225743        0.000000000000011
        1.066666666666667        0.166666666666667       -7.263703580225759       -7.263703580225748        0.000000000000012
        1.000000000000000        0.200000000000000        0.000000000000000        0.000000000000000        0.000000000000000
        1.033333333333333        0.233333333333333        3.759969649083581        3.759969649083576        0.000000000000005
        1.066666666666667        0.266666666666667       14.032397765296856       14.032397765296844        0.000000000000012
        1.000000000000000        0.300000000000000       -0.000000000000012       -0.000000000000012        0.000000000000000
        1.033333333333333        0.333333333333333       12.581103652070961       12.581103652070951        0.000000000000010
        1.066666666666667        0.366666666666667       27.108510812522485       27.108510812522470        0.000000000000015
        1.000000000000000        0.400000000000000       -0.000000000000017       -0.000000000000017        0.000000000000000
        1.033333333333333        0.433333333333333       14.032397765296850       14.032397765296839        0.000000000000010
        1.066666666666667        0.466666666666667       24.304825881510134       24.304825881510123        0.000000000000010
        1.000000000000000        0.500000000000000       -0.000000000000012       -0.000000000000012        0.000000000000000
        1.033333333333333        0.533333333333333        7.263703580225756        7.263703580225753        0.000000000000003
        1.066666666666667        0.566666666666667        7.263703580225763        7.263703580225762        0.000000000000001
        1.000000000000000        0.600000000000000       -0.000000000000000       -0.000000000000000        0.000000000000000
        1.033333333333333        0.633333333333333       -3.759969649083579       -3.759969649083578        0.000000000000001
        1.066666666666667        0.666666666666667      -14.032397765296853      -14.032397765296849        0.000000000000004
        1.000000000000000        0.700000000000000        0.000000000000012        0.000000000000012        0.000000000000000
        1.033333333333333        0.733333333333333      -12.581103652070960      -12.581103652070951        0.000000000000009
        1.066666666666667        0.766666666666667      -27.108510812522484      -27.108510812522471        0.000000000000012
        1.000000000000000        0.800000000000000        0.000000000000017        0.000000000000017        0.000000000000000
        1.033333333333333        0.833333333333333      -14.032397765296850      -14.032397765296841        0.000000000000009
        1.066666666666667        0.866666666666667      -24.304825881510135      -24.304825881510122        0.000000000000013
        1.000000000000000        0.900000000000000        0.000000000000012        0.000000000000012        0.000000000000000
        1.033333333333333        0.933333333333333       -7.263703580225757       -7.263703580225748        0.000000000000009
        1.066666666666667        0.966666666666667       -7.263703580225766       -7.263703580225757        0.000000000000009
        1.000000000000000        1.000000000000000        0.000000000000000        0.000000000000000        0.000000000000000
        1.033333333333333        1.033333333333333        3.759969649083577        3.759969649083572        0.000000000000006
        1.066666666666667        1.066666666666667       14.032397765296850       14.032397765296835        0.000000000000015
