        0.000000000000000        0.000000000000000       55.509814247663970       55.509814247664032        0.000000000000062
        0.033333333333333        0.033333333333333       51.791361772748173       51.791361772748217        0.000000000000044
        0.066666666666667        0.066666666666667       41.632360685747978       41.632360685747984        0.000000000000005
        0.000000000000000        0.100000000000000       39.251366076928826       39.251366076928833        0.000000000000007
        0.033333333333333        0.133333333333333       26.809181597163760       26.809181597163750        0.000000000000010
        0.066666666666667        0.166666666666667       12.442184479765070       12.442184479765057        0.000000000000013
        0.000000000000000        0.200000000000000        0.000000000000003        0.000000000000000        0.000000000000003
        0.033333333333333        0.233333333333333      -13.877453561915989      -13.877453561915988        0.000000000000000
        0.066666666666667        0.266666666666667      -24.036454648916184      -24.036454648916178        0.000000000000006
        0.000000000000000        0.300000000000000      -39.251366076928821      -39.251366076928838        0.000000000000016
        0.033333333333333        0.333333333333333      -46.434864635628168      -46.434864635628185        0.000000000000018
        0.066666666666667        0.366666666666667      -46.434864635628169      -46.434864635628172        0.000000000000002
        0.000000000000000        0.400000000000000      -55.509814247663970      -55.509814247664000        0.000000000000030
        0.033333333333333        0.433333333333333      -51.791361772748174      -51.791361772748197        0.000000000000022
        0.066666666666667        0.466666666666667      -41.632360685747981      -41.632360685747989        0.000000000000007
        0.000000000000000        0.500000000000000      -39.251366076928831      -39.251366076928863        0.000000000000032
        0.033333333333333        0.533333333333333      -26.809181597163765      -26.809181597163787        0.000000000000021
        0.066666666666667        0.566666666666667      -12.442184479765075      -12.442184479765081        0.000000000000006
        0.000000000000000        0.600000000000000       -0.000000000000010       -0.000000000000009        0.000000000000002
        0.033333333333333        0.633333333333333       13.877453561915983       13.877453561915995        0.000000000000012
        0.066666666666667        0.666666666666667       24.036454648916179       24.036454648916186        0.000000000000007
        0.000000000000000        0.700000000000000       39.251366076928817       39.251366076928842        0.000000000000026
        0.033333333333333        0.733333333333333       46.434864635628164       46.434864635628186        0.000000000000022
        0.066666666666667        0.766666666666667       46.434864635628168       46.434864635628174        0.000000000000007
        0.000000000000000        0.800000000000000       55.509814247663970       55.509814247664008        0.000000000000038
        0.033333333333333        0.833333333333333       51.791361772748176       51.791361772748203        0.000000000000027
        0.066666666666667        0.866666666666667       41.632360685747984       41.632360685747986        0.000000000000002
        0.000000000000000        0.900000000000000       39.251366076928836       39.251366076928848        0.000000000000012
        0.033333333333333        0.933333333333333       26.809181597163771       26.809181597163768        0.000000000000003
        0.066666666666667        0.966666666666667       12.442184479765081       12.442184479765072        0.000000000000009
        0.000000000000000        1.000000000000000        0.000000000000017        0.000000000000017        0.000000000000000
        0.033333333333333        1.033333333333333      -13.877453561915976      -13.877453561915972        0.000000000000005
        0.066666666666667        1.066666666666667      -24.036454648916174      -24.036454648916163        0.000000000000011
        0.100000000000000        0.000000000000000       39.251366076928826       39.251366076928833        0.000000000000007
        0.133333333333333        0.033333333333333       26.809181597163760       26.809181597163750        0.000000000000010
        0.166666666666667        0.066666666666667       12.442184479765070       12.442184479765057        0.000000000000013
        0.100000000000000        0.100000000000000       27.754907123831987       27.754907123831965        0.000000000000022
        0.133333333333333        0.133333333333333       13.877453561915994       13.877453561915972        0.000000000000022
        0.166666666666667        0.166666666666667        3.718452474915799        3.718452474915791        0.000000000000008
        0.100000000000000        0.200000000000000        0.000000000000002        0.000000000000000        0.000000000000002
        0.133333333333333        0.233333333333333       -7.183498558699344       -7.183498558699335        0.000000000000009
        0.166666666666667        0.266666666666667       -7.183498558699346       -7.183498558699335        0.000000000000010
        0.100000000000000        0.300000000000000      -27.754907123831983      -27.754907123831968        0.000000000000015
        0.133333333333333        0.333333333333333      -24.036454648916188      -24.036454648916167        0.000000000000020
        0.166666666666667        0.366666666666667      -13.877453561915995      -13.877453561915979        0.000000000000016
        0.100000000000000        0.400000000000000      -39.251366076928826      -39.251366076928810        0.000000000000016
        0.133333333333333        0.433333333333333      -26.809181597163761      -26.809181597163739        0.000000000000021
        0.166666666666667        0.466666666666667      -12.442184479765071      -12.442184479765058        0.000000000000012
        0.100000000000000        0.500000000000000      -27.754907123831990      -27.754907123831986        0.000000000000004
        0.133333333333333        0.533333333333333      -13.877453561915997      -13.877453561915991        0.000000000000006
        0.166666666666667        0.566666666666667       -3.718452474915801       -3.718452474915798        0.000000000000003
        0.100000000000000        0.600000000000000       -0.000000000000007       -0.000000000000006        0.000000000000001
        0.133333333333333        0.633333333333333        7.183498558699341        7.183498558699338        0.000000000000003
        0.166666666666667        0.666666666666667        7.183498558699344        7.183498558699338        0.000000000000006
        0.100000000000000        0.700000000000000       27.754907123831980       27.754907123831972        0.000000000000008
        0.133333333333333        0.733333333333333       24.036454648916186       24.036454648916168        0.000000000000018
        0.166666666666667        0.766666666666667       13.877453561915994       13.877453561915980        0.000000000000014
        0.100000000000000        0.800000000000000       39.251366076928826       39.251366076928816        0.000000000000011
        0.133333333333333        0.833333333333333       26.809181597163762       26.809181597163743        0.000000000000019
        0.166666666666667        0.866666666666667       12.442184479765071       12.442184479765057        0.000000000000014
        0.100000000000000        0.900000000000000       27.754907123831993       27.754907123831976        0.000000000000018
        0.133333333333333        0.933333333333333       13.877453561916000       13.877453561915982        0.000000000000018
        0.166666666666667        0.966666666666667        3.718452474915802        3.718452474915795        0.000000000000007
        0.100000000000000        1.000000000000000        0.000000000000012        0.000000000000012        0.000000000000000
        0.133333333333333        1.033333333333333       -7.183498558699337       -7.183498558699326        0.000000000000011
        0.166666666666667        1.066666666666667       -7.183498558699343       -7.183498558699331        0.000000000000012
        0.200000000000000        0.000000000000000        0.000000000000003        0.000000000000000        0.000000000000003
        0.233333333333333        0.033333333333333      -13.877453561915989      -13.877453561915988        0.000000000000000
        0.266666666666667        0.066666666666667      -24.036454648916184      -24.036454648916178        0.000000000000006
        0.200000000000000        0.100000000000000        0.000000000000002        0.000000000000000        0.000000000000002
        0.233333333333333        0.133333333333333       -7.183498558699344       -7.183498558699335        0.000000000000009
        0.266666666666667        0.166666666666667       -7.183498558699346       -7.183498558699335        0.000000000000010
        0.200000000000000        0.200000000000000        0.000000000000000       -0.000000000000000        0.000000000000000
        0.233333333333333        0.233333333333333        3.718452474915796        3.718452474915792        0.000000000000003
        0.266666666666667        0.266666666666667       13.877453561915989       13.877453561915980        0.000000000000009
        0.200000000000000        0.300000000000000       -0.000000000000002       -0.000000000000000        0.000000000000002
        0.233333333333333        0.333333333333333       12.442184479765063       12.442184479765057        0.000000000000006
        0.266666666666667        0.366666666666667       26.809181597163753       26.809181597163744        0.000000000000009
        0.200000000000000        0.400000000000000       -0.000000000000003       -0.000000000000000        0.000000000000003
        0.233333333333333        0.433333333333333       13.877453561915989       13.877453561915983        0.000000000000006
        0.266666666666667        0.466666666666667       24.036454648916186       24.036454648916181        0.000000000000005
        0.200000000000000        0.500000000000000       -0.000000000000002       -0.000000000000000        0.000000000000002
        0.233333333333333        0.533333333333333        7.183498558699345        7.183498558699345        0.000000000000001
        0.266666666666667        0.566666666666667        7.183498558699349        7.183498558699350        0.000000000000001
        0.200000000000000        0.600000000000000       -0.000000000000000       -0.000000000000000        0.000000000000000
        0.233333333333333        0.633333333333333       -3.718452474915794       -3.718452474915794        0.000000000000000
        0.266666666666667        0.666666666666667      -13.877453561915986      -13.877453561915984        0.000000000000001
        0.200000000000000        0.700000000000000        0.000000000000002        0.000000000000000        0.000000000000002
        0.233333333333333        0.733333333333333      -12.442184479765062      -12.442184479765057        0.000000000000005
        0.266666666666667        0.766666666666667      -26.809181597163752      -26.809181597163746        0.000000000000006
        0.200000000000000        0.800000000000000        0.000000000000003        0.000000000000000        0.000000000000003
        0.233333333333333        0.833333333333333      -13.877453561915990      -13.877453561915985        0.000000000000005
        0.266666666666667        0.866666666666667      -24.036454648916188      -24.036454648916180        0.000000000000008
        0.200000000000000        0.900000000000000        0.000000000000002        0.000000000000000        0.000000000000002
        0.233333333333333        0.933333333333333       -7.183498558699347       -7.183498558699340        0.000000000000007
        0.266666666666667        0.966666666666667       -7.183498558699352       -7.183498558699345        0.000000000000008
        0.200000000000000        1.000000000000000        0.000000000000000        0.000000000000000        0.000000000000000
        0.233333333333333        1.033333333333333        3.718452474915792        3.718452474915788        0.000000000000004
        0.266666666666667        1.066666666666667       13.877453561915983       13.877453561915971        0.000000000000012
        0.300000000000000        0.000000000000000      -39.251366076928821      -39.251366076928838        0.000000000000016
        0.333333333333333        0.033333333333333      -46.434864635628168      -46.434864635628185        0.000000000000018
        0.366666666666667        0.066666666666667      -46.434864635628169      -46.434864635628172        0.000000000000002
        0.300000000000000        0.100000000000000      -27.754907123831983      -27.754907123831968        0.000000000000015
        0.333333333333333        0.133333333333333      -24.036454648916188      -24.036454648916167        0.000000000000020
        0.366666666666667        0.166666666666667      -13.877453561915995      -13.877453561915979        0.000000000000016
        0.300000000000000        0.200000000000000       -0.000000000000002       -0.000000000000000        0.000000000000002
        0.333333333333333        0.233333333333333       12.442184479765063       12.442184479765057        0.000000000000006
        0.366666666666667        0.266666666666667       26.809181597163753       26.809181597163744        0.000000000000009
        0.300000000000000        0.300000000000000       27.754907123831980       27.754907123831972        0.000000000000008
        0.333333333333333        0.333333333333333       41.632360685747973       41.632360685747969        0.000000000000004
        0.366666666666667        0.366666666666667       51.791361772748169       51.791361772748167        0.000000000000002
        0.300000000000000        0.400000000000000       39.251366076928821       39.251366076928815        0.000000000000007
        0.333333333333333        0.433333333333333       46.434864635628169       46.434864635628168        0.000000000000002
        0.366666666666667        0.466666666666667       46.434864635628173       46.434864635628177        0.000000000000004
        0.300000000000000        0.500000000000000       27.754907123831987       27.754907123831990        0.000000000000003
        0.333333333333333        0.533333333333333       24.036454648916193       24.036454648916201        0.000000000000008
        0.366666666666667        0.566666666666667       13.877453561916001       13.877453561916006        0.000000000000005
        0.300000000000000        0.600000000000000        0.000000000000007        0.000000000000006        0.000000000000001
        0.333333333333333        0.633333333333333      -12.442184479765057      -12.442184479765062        0.000000000000005
        0.366666666666667        0.666666666666667      -26.809181597163748      -26.809181597163753        0.000000000000006
        0.300000000000000        0.700000000000000      -27.754907123831976      -27.754907123831975        0.000000000000001
        0.333333333333333        0.733333333333333      -41.632360685747970      -41.632360685747970        0.000000000000000
        0.366666666666667        0.766666666666667      -51.791361772748168      -51.791361772748171        0.000000000000003
        0.300000000000000        0.800000000000000      -39.251366076928821      -39.251366076928820        0.000000000000001
        0.333333333333333        0.833333333333333      -46.434864635628171      -46.434864635628173        0.000000000000003
        0.366666666666667        0.866666666666667      -46.434864635628176      -46.434864635628174        0.000000000000002
        0.300000000000000        0.900000000000000      -27.754907123831990      -27.754907123831979        0.000000000000011
        0.333333333333333        0.933333333333333      -24.036454648916198      -24.036454648916184        0.000000000000014
        0.366666666666667        0.966666666666667      -13.877453561916007      -13.877453561915997        0.000000000000011
        0.300000000000000        1.000000000000000       -0.000000000000012       -0.000000000000012        0.000000000000000
        0.333333333333333        1.033333333333333       12.442184479765052       12.442184479765042        0.000000000000010
        0.366666666666667        1.066666666666667       26.809181597163742       26.809181597163727        0.000000000000015
        0.400000000000000        0.000000000000000      -55.509814247663970      -55.509814247664000        0.000000000000030
        0.433333333333333        0.033333333333333      -51.791361772748174      -51.791361772748197        0.000000000000022
        0.466666666666667        0.066666666666667      -41.632360685747981      -41.632360685747989        0.000000000000007
        0.400000000000000        0.100000000000000      -39.251366076928826      -39.251366076928810        0.000000000000016
        0.433333333333333        0.133333333333333      -26.809181597163761      -26.809181597163739        0.000000000000021
        0.466666666666667        0.166666666666667      -12.442184479765071      -12.442184479765058        0.000000000000012
        0.400000000000000        0.200000000000000       -0.000000000000003       -0.000000000000000        0.000000000000003
        0.433333333333333        0.233333333333333       13.877453561915989       13.877453561915983        0.000000000000006
        0.466666666666667        0.266666666666667       24.036454648916186       24.036454648916181        0.000000000000005
        0.400000000000000        0.300000000000000       39.251366076928821       39.251366076928815        0.000000000000007
        0.433333333333333        0.333333333333333       46.434864635628169       46.434864635628168        0.000000000000002
        0.466666666666667        0.366666666666667       46.434864635628173       46.434864635628177        0.000000000000004
        0.400000000000000        0.400000000000000       55.509814247663970       55.509814247663967        0.000000000000003
        0.433333333333333        0.433333333333333       51.791361772748176       51.791361772748177        0.000000000000001
        0.466666666666667        0.466666666666667       41.632360685747984       41.632360685747993        0.000000000000009
        0.400000000000000        0.500000000000000       39.251366076928831       39.251366076928840        0.000000000000009
        0.433333333333333        0.533333333333333       26.809181597163766       26.809181597163777        0.000000000000010
        0.466666666666667        0.566666666666667       12.442184479765076       12.442184479765082        0.000000000000006
        0.400000000000000        0.600000000000000        0.000000000000010        0.000000000000009        0.000000000000002
        0.433333333333333        0.633333333333333      -13.877453561915983      -13.877453561915989        0.000000000000006
        0.466666666666667        0.666666666666667      -24.036454648916181      -24.036454648916189        0.000000000000008
        0.400000000000000        0.700000000000000      -39.251366076928817      -39.251366076928820        0.000000000000003
        0.433333333333333        0.733333333333333      -46.434864635628166      -46.434864635628169        0.000000000000003
        0.466666666666667        0.766666666666667      -46.434864635628171      -46.434864635628180        0.000000000000008
        0.400000000000000        0.800000000000000      -55.509814247663970      -55.509814247663975        0.000000000000005
        0.433333333333333        0.833333333333333      -51.791361772748178      -51.791361772748184        0.000000000000006
        0.466666666666667        0.866666666666667      -41.632360685747987      -41.632360685747991        0.000000000000003
        0.400000000000000        0.900000000000000      -39.251366076928836      -39.251366076928825        0.000000000000011
        0.433333333333333        0.933333333333333      -26.809181597163772      -26.809181597163758        0.000000000000014
        0.466666666666667        0.966666666666667      -12.442184479765082      -12.442184479765074        0.000000000000008
        0.400000000000000        1.000000000000000       -0.000000000000017       -0.000000000000017        0.000000000000000
        0.433333333333333        1.033333333333333       13.877453561915977       13.877453561915966        0.000000000000010
        0.466666666666667        1.066666666666667       24.036454648916176       24.036454648916166        0.000000000000010
        0.500000000000000        0.000000000000000      -39.251366076928831      -39.251366076928863        0.000000000000032
        0.533333333333333        0.033333333333333      -26.809181597163765      -26.809181597163787        0.000000000000021
        0.566666666666667        0.066666666666667      -12.442184479765075      -12.442184479765081        0.000000000000006
        0.500000000000000        0.100000000000000      -27.754907123831990      -27.754907123831986        0.000000000000004
        0.533333333333333        0.133333333333333      -13.877453561915997      -13.877453561915991        0.000000000000006
        0.566666666666667        0.166666666666667       -3.718452474915801       -3.718452474915798        0.000000000000003
        0.500000000000000        0.200000000000000       -0.000000000000002       -0.000000000000000        0.000000000000002
        0.533333333333333        0.233333333333333        7.183498558699345        7.183498558699345        0.000000000000001
        0.566666666666667        0.266666666666667        7.183498558699349        7.183498558699350        0.000000000000001
        0.500000000000000        0.300000000000000       27.754907123831987       27.754907123831990        0.000000000000003
        0.533333333333333        0.333333333333333       24.036454648916193       24.036454648916201        0.000000000000008
        0.566666666666667        0.366666666666667       13.877453561916001       13.877453561916006        0.000000000000005
        0.500000000000000        0.400000000000000       39.251366076928831       39.251366076928840        0.000000000000009
        0.533333333333333        0.433333333333333       26.809181597163766       26.809181597163777        0.000000000000010
        0.566666666666667        0.466666666666667       12.442184479765076       12.442184479765082        0.000000000000006
        0.500000000000000        0.500000000000000       27.754907123831993       27.754907123832007        0.000000000000014
        0.533333333333333        0.533333333333333       13.877453561916000       13.877453561916011        0.000000000000010
        0.566666666666667        0.566666666666667        3.718452474915802        3.718452474915805        0.000000000000003
        0.500000000000000        0.600000000000000        0.000000000000007        0.000000000000006        0.000000000000001
        0.533333333333333        0.633333333333333       -7.183498558699342       -7.183498558699348        0.000000000000006
        0.566666666666667        0.666666666666667       -7.183498558699347       -7.183498558699352        0.000000000000004
        0.500000000000000        0.700000000000000      -27.754907123831983      -27.754907123831993        0.000000000000010
        0.533333333333333        0.733333333333333      -24.036454648916191      -24.036454648916201        0.000000000000010
        0.566666666666667        0.766666666666667      -13.877453561916001      -13.877453561916007        0.000000000000006
        0.500000000000000        0.800000000000000      -39.251366076928831      -39.251366076928845        0.000000000000014
        0.533333333333333        0.833333333333333      -26.809181597163767      -26.809181597163780        0.000000000000013
        0.566666666666667        0.866666666666667      -12.442184479765077      -12.442184479765082        0.000000000000005
        0.500000000000000        0.900000000000000      -27.754907123831997      -27.754907123831997        0.000000000000000
        0.533333333333333        0.933333333333333      -13.877453561916003      -13.877453561916001        0.000000000000002
        0.566666666666667        0.966666666666667       -3.718452474915804       -3.718452474915803        0.000000000000001
        0.500000000000000        1.000000000000000       -0.000000000000012       -0.000000000000012        0.000000000000000
        0.533333333333333        1.033333333333333        7.183498558699339        7.183498558699336        0.000000000000003
        0.566666666666667        1.066666666666667        7.183498558699346        7.183498558699345        0.000000000000001
        0.600000000000000        0.000000000000000       -0.000000000000010       -0.000000000000009        0.000000000000002
        0.633333333333333        0.033333333333333       13.877453561915983       13.877453561915995        0.000000000000012
        0.666666666666667        0.066666666666667       24.036454648916179       24.036454648916186        0.000000000000007
        0.600000000000000        0.100000000000000       -0.000000000000007       -0.000000000000006        0.000000000000001
        0.633333333333333        0.133333333333333        7.183498558699341        7.183498558699338        0.000000000000003
        0.666666666666667        0.166666666666667        7.183498558699344        7.183498558699338        0.000000000000006
        0.600000000000000        0.200000000000000       -0.000000000000000       -0.000000000000000        0.000000000000000
        0.633333333333333        0.233333333333333       -3.718452474915794       -3.718452474915794        0.000000000000000
        0.666666666666667        0.266666666666667      -13.877453561915986      -13.877453561915984        0.000000000000001
        0.600000000000000        0.300000000000000        0.000000000000007        0.000000000000006        0.000000000000001
        0.633333333333333        0.333333333333333      -12.442184479765057      -12.442184479765062        0.000000000000005
        0.666666666666667        0.366666666666667      -26.809181597163748      -26.809181597163753        0.000000000000006
        0.600000000000000        0.400000000000000        0.000000000000010        0.000000000000009        0.000000000000002
        0.633333333333333        0.433333333333333      -13.877453561915983      -13.877453561915989        0.000000000000006
        0.666666666666667        0.466666666666667      -24.036454648916181      -24.036454648916189        0.000000000000008
        0.600000000000000        0.500000000000000        0.000000000000007        0.000000000000006        0.000000000000001
        0.633333333333333        0.533333333333333       -7.183498558699342       -7.183498558699348        0.000000000000006
        0.666666666666667        0.566666666666667       -7.183498558699347       -7.183498558699352        0.000000000000004
        0.600000000000000        0.600000000000000        0.000000000000000        0.000000000000000        0.000000000000000
        0.633333333333333        0.633333333333333        3.718452474915792        3.718452474915795        0.000000000000003
        0.666666666666667        0.666666666666667       13.877453561915983       13.877453561915989        0.000000000000006
        0.600000000000000        0.700000000000000       -0.000000000000007       -0.000000000000006        0.000000000000001
        0.633333333333333        0.733333333333333       12.442184479765057       12.442184479765063        0.000000000000006
        0.666666666666667        0.766666666666667       26.809181597163747       26.809181597163755        0.000000000000008
        0.600000000000000        0.800000000000000       -0.000000000000010       -0.000000000000009        0.000000000000002
        0.633333333333333        0.833333333333333       13.877453561915983       13.877453561915991        0.000000000000008
        0.666666666666667        0.866666666666667       24.036454648916183       24.036454648916188        0.000000000000005
        0.600000000000000        0.900000000000000       -0.000000000000007       -0.000000000000006        0.000000000000001
        0.633333333333333        0.933333333333333        7.183498558699344        7.183498558699343        0.000000000000001
        0.666666666666667        0.966666666666667        7.183498558699351        7.183498558699347        0.000000000000004
        0.600000000000000        1.000000000000000       -0.000000000000000       -0.000000000000000        0.000000000000000
        0.633333333333333        1.033333333333333       -3.718452474915790       -3.718452474915789        0.000000000000001
        0.666666666666667        1.066666666666667      -13.877453561915980      -13.877453561915976        0.000000000000004
        0.700000000000000        0.000000000000000       39.251366076928817       39.251366076928842        0.000000000000026
        0.733333333333333        0.033333333333333       46.434864635628164       46.434864635628186        0.000000000000022
        0.766666666666667        0.066666666666667       46.434864635628168       46.434864635628174        0.000000000000007
        0.700000000000000        0.100000000000000       27.754907123831980       27.754907123831972        0.000000000000008
        0.733333333333333        0.133333333333333       24.036454648916186       24.036454648916168        0.000000000000018
        0.766666666666667        0.166666666666667       13.877453561915994       13.877453561915980        0.000000000000014
        0.700000000000000        0.200000000000000        0.000000000000002        0.000000000000000        0.000000000000002
        0.733333333333333        0.233333333333333      -12.442184479765062      -12.442184479765057        0.000000000000005
        0.766666666666667        0.266666666666667      -26.809181597163752      -26.809181597163746        0.000000000000006
        0.700000000000000        0.300000000000000      -27.754907123831976      -27.754907123831975        0.000000000000001
        0.733333333333333        0.333333333333333      -41.632360685747970      -41.632360685747970        0.000000000000000
        0.766666666666667        0.366666666666667      -51.791361772748168      -51.791361772748171        0.000000000000003
        0.700000000000000        0.400000000000000      -39.251366076928817      -39.251366076928820        0.000000000000003
        0.733333333333333        0.433333333333333      -46.434864635628166      -46.434864635628169        0.000000000000003
        0.766666666666667        0.466666666666667      -46.434864635628171      -46.434864635628180        0.000000000000008
        0.700000000000000        0.500000000000000      -27.754907123831983      -27.754907123831993        0.000000000000010
        0.733333333333333        0.533333333333333      -24.036454648916191      -24.036454648916201        0.000000000000010
        0.766666666666667        0.566666666666667      -13.877453561916001      -13.877453561916007        0.000000000000006
        0.700000000000000        0.600000000000000       -0.000000000000007       -0.000000000000006        0.000000000000001
        0.733333333333333        0.633333333333333       12.442184479765057       12.442184479765063        0.000000000000006
        0.766666666666667        0.666666666666667       26.809181597163747       26.809181597163755        0.000000000000008
        0.700000000000000        0.700000000000000       27.754907123831973       27.754907123831978        0.000000000000005
        0.733333333333333        0.733333333333333       41.632360685747967       41.632360685747971        0.000000000000004
        0.766666666666667        0.766666666666667       51.791361772748166       51.791361772748174        0.000000000000008
        0.700000000000000        0.800000000000000       39.251366076928817       39.251366076928825        0.000000000000008
        0.733333333333333        0.833333333333333       46.434864635628167       46.434864635628174        0.000000000000007
        0.766666666666667        0.866666666666667       46.434864635628175       46.434864635628177        0.000000000000002
        0.700000000000000        0.900000000000000       27.754907123831987       27.754907123831982        0.000000000000004
        0.733333333333333        0.933333333333333       24.036454648916196       24.036454648916185        0.000000000000012
        0.766666666666667        0.966666666666667       13.877453561916007       13.877453561915998        0.000000000000009
        0.700000000000000        1.000000000000000        0.000000000000012        0.000000000000012        0.000000000000000
        0.733333333333333        1.033333333333333      -12.442184479765051      -12.442184479765042        0.000000000000009
        0.766666666666667        1.066666666666667      -26.809181597163741      -26.809181597163729        0.000000000000012
        0.800000000000000        0.000000000000000       55.509814247663970       55.509814247664008        0.000000000000038
        0.833333333333333        0.033333333333333       51.791361772748176       51.791361772748203        0.000000000000027
        0.866666666666667        0.066666666666667       41.632360685747984       41.632360685747986        0.000000000000002
        0.800000000000000        0.100000000000000       39.251366076928826       39.251366076928816        0.000000000000011
        0.833333333333333        0.133333333333333       26.809181597163762       26.809181597163743        0.000000000000019
        0.866666666666667        0.166666666666667       12.442184479765071       12.442184479765057        0.000000000000014
        0.800000000000000        0.200000000000000        0.000000000000003        0.000000000000000        0.000000000000003
        0.833333333333333        0.233333333333333      -13.877453561915990      -13.877453561915985        0.000000000000005
        0.866666666666667        0.266666666666667      -24.036454648916188      -24.036454648916180        0.000000000000008
        0.800000000000000        0.300000000000000      -39.251366076928821      -39.251366076928820        0.000000000000001
        0.833333333333333        0.333333333333333      -46.434864635628171      -46.434864635628173        0.000000000000003
        0.866666666666667        0.366666666666667      -46.434864635628176      -46.434864635628174        0.000000000000002
        0.800000000000000        0.400000000000000      -55.509814247663970      -55.509814247663975        0.000000000000005
        0.833333333333333        0.433333333333333      -51.791361772748178      -51.791361772748184        0.000000000000006
        0.866666666666667        0.466666666666667      -41.632360685747987      -41.632360685747991        0.000000000000003
        0.800000000000000        0.500000000000000      -39.251366076928831      -39.251366076928845        0.000000000000014
        0.833333333333333        0.533333333333333      -26.809181597163767      -26.809181597163780        0.000000000000013
        0.866666666666667        0.566666666666667      -12.442184479765077      -12.442184479765082        0.000000000000005
        0.800000000000000        0.600000000000000       -0.000000000000010       -0.000000000000009        0.000000000000002
        0.833333333333333        0.633333333333333       13.877453561915983       13.877453561915991        0.000000000000008
        0.866666666666667        0.666666666666667       24.036454648916183       24.036454648916188        0.000000000000005
        0.800000000000000        0.700000000000000       39.251366076928817       39.251366076928825        0.000000000000008
        0.833333333333333        0.733333333333333       46.434864635628167       46.434864635628174        0.000000000000007
        0.866666666666667        0.766666666666667       46.434864635628175       46.434864635628177        0.000000000000002
        0.800000000000000        0.800000000000000       55.509814247663970       55.509814247663983        0.000000000000013
        0.833333333333333        0.833333333333333       51.791361772748180       51.791361772748190        0.000000000000011
        0.866666666666667        0.866666666666667       41.632360685747990       41.632360685747988        0.000000000000002
        0.800000000000000        0.900000000000000       39.251366076928836       39.251366076928830        0.000000000000005
        0.833333333333333        0.933333333333333       26.809181597163773       26.809181597163761        0.000000000000012
        0.866666666666667        0.966666666666667       12.442184479765083       12.442184479765073        0.000000000000010
        0.800000000000000        1.000000000000000        0.000000000000017        0.000000000000017        0.000000000000000
        0.833333333333333        1.033333333333333      -13.877453561915977      -13.877453561915968        0.000000000000009
        0.866666666666667        1.066666666666667      -24.036454648916178      -24.036454648916164        0.000000000000013
        0.900000000000000        0.000000000000000       39.251366076928836       39.251366076928848        0.000000000000012
        0.933333333333333        0.033333333333333       26.809181597163771       26.809181597163768        0.000000000000003
        0.966666666666667        0.066666666666667       12.442184479765081       12.442184479765072        0.000000000000009
        0.900000000000000        0.100000000000000       27.754907123831993       27.754907123831976        0.000000000000018
        0.933333333333333        0.133333333333333       13.877453561916000       13.877453561915982        0.000000000000018
        0.966666666666667        0.166666666666667        3.718452474915802        3.718452474915795        0.000000000000007
        0.900000000000000        0.200000000000000        0.000000000000002        0.000000000000000        0.000000000000002
        0.933333333333333        0.233333333333333       -7.183498558699347       -7.183498558699340        0.000000000000007
        0.966666666666667        0.266666666666667       -7.183498558699352       -7.183498558699345        0.000000000000008
        0.900000000000000        0.300000000000000      -27.754907123831990      -27.754907123831979        0.000000000000011
        0.933333333333333        0.333333333333333      -24.036454648916198      -24.036454648916184        0.000000000000014
        0.966666666666667        0.366666666666667      -13.877453561916007      -13.877453561915997        0.000000000000011
        0.900000000000000        0.400000000000000      -39.251366076928836      -39.251366076928825        0.000000000000011
        0.933333333333333        0.433333333333333      -26.809181597163772      -26.809181597163758        0.000000000000014
        0.966666666666667        0.466666666666667      -12.442184479765082      -12.442184479765074        0.000000000000008
        0.900000000000000        0.500000000000000      -27.754907123831997      -27.754907123831997        0.000000000000000
        0.933333333333333        0.533333333333333      -13.877453561916003      -13.877453561916001        0.000000000000002
        0.966666666666667        0.566666666666667       -3.718452474915804       -3.718452474915803        0.000000000000001
        0.900000000000000        0.600000000000000       -0.000000000000007       -0.000000000000006        0.000000000000001
        0.933333333333333        0.633333333333333        7.183498558699344        7.183498558699343        0.000000000000001
        0.966666666666667        0.666666666666667        7.183498558699351        7.183498558699347        0.000000000000004
        0.900000000000000        0.700000000000000       27.754907123831987       27.754907123831982        0.000000000000004
        0.933333333333333        0.733333333333333       24.036454648916196       24.036454648916185        0.000000000000012
        0.966666666666667        0.766666666666667       13.877453561916007       13.877453561915998        0.000000000000009
        0.900000000000000        0.800000000000000       39.251366076928836       39.251366076928830        0.000000000000005
        0.933333333333333        0.833333333333333       26.809181597163773       26.809181597163761        0.000000000000012
        0.966666666666667        0.866666666666667       12.442184479765083       12.442184479765073        0.000000000000010
        0.900000000000000        0.900000000000000       27.754907123832000       27.754907123831986        0.000000000000014
        0.933333333333333        0.933333333333333       13.877453561916006       13.877453561915991        0.000000000000015
        0.966666666666667        0.966666666666667        3.718452474915806        3.718452474915800        0.000000000000006
        0.900000000000000        1.000000000000000        0.000000000000012        0.000000000000012        0.000000000000000
        0.933333333333333        1.033333333333333       -7.183498558699340       -7.183498558699331        0.000000000000009
        0.966666666666667        1.066666666666667       -7.183498558699349       -7.183498558699340        0.000000000000009
        1.000000000000000        0.000000000000000        0.000000000000017        0.000000000000017        0.000000000000000
        1.033333333333333        0.033333333333333      -13.877453561915976      -13.877453561915972        0.000000000000005
        1.066666666666667        0.066666666666667      -24.036454648916174      -24.036454648916163        0.000000000000011
        1.000000000000000        0.100000000000000        0.000000000000012        0.000000000000012        0.000000000000000
        1.033333333333333        0.133333333333333       -7.183498558699337       -7.183498558699326        0.000000000000011
        1.066666666666667        0.166666666666667       -7.183498558699343       -7.183498558699331        0.000000000000012
        1.000000000000000        0.200000000000000        0.000000000000000        0.000000000000000        0.000000000000000
        1.033333333333333        0.233333333333333        3.718452474915792        3.718452474915788        0.000000000000004
        1.066666666666667        0.266666666666667       13.877453561915983       13.877453561915971        0.000000000000012
        1.000000000000000        0.300000000000000       -0.000000000000012       -0.000000000000012        0.000000000000000
        1.033333333333333        0.333333333333333       12.442184479765052       12.442184479765042        0.000000000000010
        1.066666666666667        0.366666666666667       26.809181597163742       26.809181597163727        0.000000000000015
        1.000000000000000        0.400000000000000       -0.000000000000017       -0.000000000000017        0.000000000000000
        1.033333333333333        0.433333333333333       13.877453561915977       13.877453561915966        0.000000000000010
        1.066666666666667        0.466666666666667       24.036454648916176       24.036454648916166        0.000000000000010
        1.000000000000000        0.500000000000000       -0.000000000000012       -0.000000000000012        0.000000000000000
        1.033333333333333        0.533333333333333        7.183498558699339        7.183498558699336        0.000000000000003
        1.066666666666667        0.566666666666667        7.183498558699346        7.183498558699345        0.000000000000001
        1.000000000000000        0.600000000000000       -0.000000000000000       -0.000000000000000        0.000000000000000
        1.033333333333333        0.633333333333333       -3.718452474915790       -3.718452474915789        0.000000000000001
        1.066666666666667        0.666666666666667      -13.877453561915980      -13.877453561915976        0.000000000000004
        1.000000000000000        0.700000000000000        0.000000000000012        0.000000000000012        0.000000000000000
        1.033333333333333        0.733333333333333      -12.442184479765051      -12.442184479765042        0.000000000000009
        1.066666666666667        0.766666666666667      -26.809181597163741      -26.809181597163729        0.000000000000012
        1.000000000000000        0.800000000000000        0.000000000000017        0.000000000000017        0.000000000000000
        1.033333333333333        0.833333333333333      -13.877453561915977      -13.877453561915968        0.000000000000009
        1.066666666666667        0.866666666666667      -24.036454648916178      -24.036454648916164        0.000000000000013
        1.000000000000000        0.900000000000000        0.000000000000012        0.000000000000012        0.000000000000000
        1.033333333333333        0.933333333333333       -7.183498558699340       -7.183498558699331        0.000000000000009
        1.066666666666667        0.966666666666667       -7.183498558699349       -7.183498558699340        0.000000000000009
        1.000000000000000        1.000000000000000        0.000000000000000        0.000000000000000        0.000000000000000
        1.033333333333333        1.033333333333333        3.718452474915789        3.718452474915783        0.000000000000006
        1.066666666666667        1.066666666666667       13.877453561915977       13.877453561915962        0.000000000000015
