        0.000000000000000        0.000000000000000       54.863028228009792       54.863028228009853        0.000000000000061
        0.033333333333333        0.033333333333333       51.187902201004514       51.187902201004557        0.000000000000043
        0.066666666666667        0.066666666666667       41.147271171007345       41.147271171007350        0.000000000000005
        0.000000000000000        0.100000000000000       38.794019296454701       38.794019296454708        0.000000000000007
        0.033333333333333        0.133333333333333       26.496807936930420       26.496807936930410        0.000000000000010
        0.066666666666667        0.166666666666667       12.297211359524284       12.297211359524272        0.000000000000013
        0.000000000000000        0.200000000000000        0.000000000000003        0.000000000000000        0.000000000000003
        0.033333333333333        0.233333333333333      -13.715757057002444      -13.715757057002444        0.000000000000000
        0.066666666666667        0.266666666666667      -23.756388086999615      -23.756388086999609        0.000000000000006
        0.000000000000000        0.300000000000000      -38.794019296454696      -38.794019296454712        0.000000000000016
        0.033333333333333        0.333333333333333      -45.893817585157765      -45.893817585157783        0.000000000000017
        0.066666666666667        0.366666666666667      -45.893817585157767      -45.893817585157769        0.000000000000002
        0.000000000000000        0.400000000000000      -54.863028228009792      -54.863028228009821        0.000000000000029
        0.033333333333333        0.433333333333333      -51.187902201004515      -51.187902201004538        0.000000000000022
        0.066666666666667        0.466666666666667      -41.147271171007348      -41.147271171007355        0.000000000000007
        0.000000000000000        0.500000000000000      -38.794019296454706      -38.794019296454737        0.000000000000031
        0.033333333333333        0.533333333333333      -26.496807936930426      -26.496807936930447        0.000000000000021
        0.066666666666667        0.566666666666667      -12.297211359524290      -12.297211359524296        0.000000000000006
        0.000000000000000        0.600000000000000       -0.000000000000010       -0.000000000000009        0.000000000000002
        0.033333333333333        0.633333333333333       13.715757057002438       13.715757057002450        0.000000000000012
        0.066666666666667        0.666666666666667       23.756388086999610       23.756388086999617        0.000000000000007
        0.000000000000000        0.700000000000000       38.794019296454692       38.794019296454717        0.000000000000025
        0.033333333333333        0.733333333333333       45.893817585157762       45.893817585157784        0.000000000000022
        0.066666666666667        0.766666666666667       45.893817585157766       45.893817585157772        0.000000000000006
        0.000000000000000        0.800000000000000       54.863028228009792       54.863028228009829        0.000000000000037
        0.033333333333333        0.833333333333333       51.187902201004517       51.187902201004544        0.000000000000027
        0.066666666666667        0.866666666666667       41.147271171007351       41.147271171007352        0.000000000000002
        0.000000000000000        0.900000000000000       38.794019296454711       38.794019296454722        0.000000000000012
        0.033333333333333        0.933333333333333       26.496807936930431       26.496807936930428        0.000000000000003
        0.066666666666667        0.966666666666667       12.297211359524296       12.297211359524287        0.000000000000008
        0.000000000000000        1.000000000000000        0.000000000000017        0.000000000000017        0.000000000000000
        0.033333333333333        1.033333333333333      -13.715757057002432      -13.715757057002427        0.000000000000005
        0.066666666666667        1.066666666666667      -23.756388086999605      -23.756388086999593        0.000000000000011
        0.100000000000000        0.000000000000000       38.794019296454701       38.794019296454708        0.000000000000007
        0.133333333333333        0.033333333333333       26.496807936930420       26.496807936930410        0.000000000000010
        0.166666666666667        0.066666666666667       12.297211359524284       12.297211359524272        0.000000000000013
        0.100000000000000        0.100000000000000       27.431514114004897       27.431514114004876        0.000000000000021
        0.133333333333333        0.133333333333333       13.715757057002450       13.715757057002428        0.000000000000022
        0.166666666666667        0.166666666666667        3.675126027005280        3.675126027005271        0.000000000000008
        0.100000000000000        0.200000000000000        0.000000000000002        0.000000000000000        0.000000000000002
        0.133333333333333        0.233333333333333       -7.099798288703067       -7.099798288703058        0.000000000000009
        0.166666666666667        0.266666666666667       -7.099798288703068       -7.099798288703058        0.000000000000010
        0.100000000000000        0.300000000000000      -27.431514114004894      -27.431514114004879        0.000000000000015
        0.133333333333333        0.333333333333333      -23.756388086999618      -23.756388086999598        0.000000000000020
        0.166666666666667        0.366666666666667      -13.715757057002450      -13.715757057002435        0.000000000000015
        0.100000000000000        0.400000000000000      -38.794019296454701      -38.794019296454685        0.000000000000016
        0.133333333333333        0.433333333333333      -26.496807936930421      -26.496807936930400        0.000000000000021
        0.166666666666667        0.466666666666667      -12.297211359524285      -12.297211359524273        0.000000000000012
        0.100000000000000        0.500000000000000      -27.431514114004901      -27.431514114004897        0.000000000000004
        0.133333333333333        0.533333333333333      -13.715757057002453      -13.715757057002447        0.000000000000006
        0.166666666666667        0.566666666666667       -3.675126027005281       -3.675126027005279        0.000000000000003
        0.100000000000000        0.600000000000000       -0.000000000000007       -0.000000000000006        0.000000000000001
        0.133333333333333        0.633333333333333        7.099798288703063        7.099798288703061        0.000000000000003
        0.166666666666667        0.666666666666667        7.099798288703067        7.099798288703061        0.000000000000006
        0.100000000000000        0.700000000000000       27.431514114004891       27.431514114004883        0.000000000000008
        0.133333333333333        0.733333333333333       23.756388086999616       23.756388086999598        0.000000000000018
        0.166666666666667        0.766666666666667       13.715757057002450       13.715757057002436        0.000000000000014
        0.100000000000000        0.800000000000000       38.794019296454701       38.794019296454691        0.000000000000011
        0.133333333333333        0.833333333333333       26.496807936930422       26.496807936930403        0.000000000000019
        0.166666666666667        0.866666666666667       12.297211359524286       12.297211359524272        0.000000000000014
        0.100000000000000        0.900000000000000       27.431514114004904       27.431514114004886        0.000000000000018
        0.133333333333333        0.933333333333333       13.715757057002456       13.715757057002437        0.000000000000018
        0.166666666666667        0.966666666666667        3.675126027005283        3.675126027005276        0.000000000000007
        0.100000000000000        1.000000000000000        0.000000000000012        0.000000000000012        0.000000000000000
        0.133333333333333        1.033333333333333       -7.099798288703060       -7.099798288703049        0.000000000000011
        0.166666666666667        1.066666666666667       -7.099798288703065       -7.099798288703054        0.000000000000012
        0.200000000000000        0.000000000000000        0.000000000000003        0.000000000000000        0.000000000000003
        0.233333333333333        0.033333333333333      -13.715757057002444      -13.715757057002444        0.000000000000000
        0.266666666666667        0.066666666666667      -23.756388086999615      -23.756388086999609        0.000000000000006
        0.200000000000000        0.100000000000000        0.000000000000002        0.000000000000000        0.000000000000002
        0.233333333333333        0.133333333333333       -7.099798288703067       -7.099798288703058        0.000000000000009
        0.266666666666667        0.166666666666667       -7.099798288703068       -7.099798288703058        0.000000000000010
        0.200000000000000        0.200000000000000        0.000000000000000        0.000000000000000        0.000000000000000
        0.233333333333333        0.233333333333333        3.675126027005276        3.675126027005273        0.000000000000003
        0.266666666666667        0.266666666666667       13.715757057002444       13.715757057002435        0.000000000000009
        0.200000000000000        0.300000000000000       -0.000000000000002       -0.000000000000000        0.000000000000002
        0.233333333333333        0.333333333333333       12.297211359524278       12.297211359524272        0.000000000000006
        0.266666666666667        0.366666666666667       26.496807936930413       26.496807936930404        0.000000000000009
        0.200000000000000        0.400000000000000       -0.000000000000003       -0.000000000000000        0.000000000000003
        0.233333333333333        0.433333333333333       13.715757057002445       13.715757057002439        0.000000000000006
        0.266666666666667        0.466666666666667       23.756388086999616       23.756388086999611        0.000000000000005
        0.200000000000000        0.500000000000000       -0.000000000000002       -0.000000000000000        0.000000000000002
        0.233333333333333        0.533333333333333        7.099798288703068        7.099798288703068        0.000000000000001
        0.266666666666667        0.566666666666667        7.099798288703072        7.099798288703072        0.000000000000001
        0.200000000000000        0.600000000000000       -0.000000000000000       -0.000000000000000        0.000000000000000
        0.233333333333333        0.633333333333333       -3.675126027005275       -3.675126027005274        0.000000000000000
        0.266666666666667        0.666666666666667      -13.715757057002441      -13.715757057002440        0.000000000000001
        0.200000000000000        0.700000000000000        0.000000000000002        0.000000000000000        0.000000000000002
        0.233333333333333        0.733333333333333      -12.297211359524277      -12.297211359524272        0.000000000000005
        0.266666666666667        0.766666666666667      -26.496807936930413      -26.496807936930406        0.000000000000006
        0.200000000000000        0.800000000000000        0.000000000000003        0.000000000000000        0.000000000000003
        0.233333333333333        0.833333333333333      -13.715757057002445      -13.715757057002440        0.000000000000005
        0.266666666666667        0.866666666666667      -23.756388086999618      -23.756388086999610        0.000000000000008
        0.200000000000000        0.900000000000000        0.000000000000002        0.000000000000000        0.000000000000002
        0.233333333333333        0.933333333333333       -7.099798288703070       -7.099798288703063        0.000000000000007
        0.266666666666667        0.966666666666667       -7.099798288703075       -7.099798288703067        0.000000000000008
        0.200000000000000        1.000000000000000        0.000000000000000        0.000000000000000        0.000000000000000
        0.233333333333333        1.033333333333333        3.675126027005273        3.675126027005268        0.000000000000004
        0.266666666666667        1.066666666666667       13.715757057002438       13.715757057002427        0.000000000000012
        0.300000000000000        0.000000000000000      -38.794019296454696      -38.794019296454712        0.000000000000016
        0.333333333333333        0.033333333333333      -45.893817585157765      -45.893817585157783        0.000000000000017
        0.366666666666667        0.066666666666667      -45.893817585157767      -45.893817585157769        0.000000000000002
        0.300000000000000        0.100000000000000      -27.431514114004894      -27.431514114004879        0.000000000000015
        0.333333333333333        0.133333333333333      -23.756388086999618      -23.756388086999598        0.000000000000020
        0.366666666666667        0.166666666666667      -13.715757057002450      -13.715757057002435        0.000000000000015
        0.300000000000000        0.200000000000000       -0.000000000000002       -0.000000000000000        0.000000000000002
        0.333333333333333        0.233333333333333       12.297211359524278       12.297211359524272        0.000000000000006
        0.366666666666667        0.266666666666667       26.496807936930413       26.496807936930404        0.000000000000009
        0.300000000000000        0.300000000000000       27.431514114004891       27.431514114004883        0.000000000000008
        0.333333333333333        0.333333333333333       41.147271171007339       41.147271171007335        0.000000000000004
        0.366666666666667        0.366666666666667       51.187902201004510       51.187902201004508        0.000000000000002
        0.300000000000000        0.400000000000000       38.794019296454696       38.794019296454690        0.000000000000006
        0.333333333333333        0.433333333333333       45.893817585157767       45.893817585157765        0.000000000000002
        0.366666666666667        0.466666666666667       45.893817585157770       45.893817585157774        0.000000000000004
        0.300000000000000        0.500000000000000       27.431514114004897       27.431514114004900        0.000000000000003
        0.333333333333333        0.533333333333333       23.756388086999623       23.756388086999631        0.000000000000008
        0.366666666666667        0.566666666666667       13.715757057002456       13.715757057002461        0.000000000000005
        0.300000000000000        0.600000000000000        0.000000000000007        0.000000000000006        0.000000000000001
        0.333333333333333        0.633333333333333      -12.297211359524272      -12.297211359524277        0.000000000000005
        0.366666666666667        0.666666666666667      -26.496807936930408      -26.496807936930413        0.000000000000006
        0.300000000000000        0.700000000000000      -27.431514114004887      -27.431514114004886        0.000000000000001
        0.333333333333333        0.733333333333333      -41.147271171007336      -41.147271171007336        0.000000000000000
        0.366666666666667        0.766666666666667      -51.187902201004509      -51.187902201004512        0.000000000000003
        0.300000000000000        0.800000000000000      -38.794019296454696      -38.794019296454695        0.000000000000001
        0.333333333333333        0.833333333333333      -45.893817585157768      -45.893817585157771        0.000000000000003
        0.366666666666667        0.866666666666667      -45.893817585157774      -45.893817585157772        0.000000000000002
        0.300000000000000        0.900000000000000      -27.431514114004901      -27.431514114004890        0.000000000000011
        0.333333333333333        0.933333333333333      -23.756388086999628      -23.756388086999614        0.000000000000014
        0.366666666666667        0.966666666666667      -13.715757057002463      -13.715757057002452        0.000000000000011
        0.300000000000000        1.000000000000000       -0.000000000000012       -0.000000000000012        0.000000000000000
        0.333333333333333        1.033333333333333       12.297211359524267       12.297211359524257        0.000000000000010
        0.366666666666667        1.066666666666667       26.496807936930402       26.496807936930388        0.000000000000015
        0.400000000000000        0.000000000000000      -54.863028228009792      -54.863028228009821        0.000000000000029
        0.433333333333333        0.033333333333333      -51.187902201004515      -51.187902201004538        0.000000000000022
        0.466666666666667        0.066666666666667      -41.147271171007348      -41.147271171007355        0.000000000000007
        0.400000000000000        0.100000000000000      -38.794019296454701      -38.794019296454685        0.000000000000016
        0.433333333333333        0.133333333333333      -26.496807936930421      -26.496807936930400        0.000000000000021
        0.466666666666667        0.166666666666667      -12.297211359524285      -12.297211359524273        0.000000000000012
        0.400000000000000        0.200000000000000       -0.000000000000003       -0.000000000000000        0.000000000000003
        0.433333333333333        0.233333333333333       13.715757057002445       13.715757057002439        0.000000000000006
        0.466666666666667        0.266666666666667       23.756388086999616       23.756388086999611        0.000000000000005
        0.400000000000000        0.300000000000000       38.794019296454696       38.794019296454690        0.000000000000006
        0.433333333333333        0.333333333333333       45.893817585157767       45.893817585157765        0.000000000000002
        0.466666666666667        0.366666666666667       45.893817585157770       45.893817585157774        0.000000000000004
        0.400000000000000        0.400000000000000       54.863028228009792       54.863028228009789        0.000000000000003
        0.433333333333333        0.433333333333333       51.187902201004517       51.187902201004518        0.000000000000001
        0.466666666666667        0.466666666666667       41.147271171007351       41.147271171007359        0.000000000000009
        0.400000000000000        0.500000000000000       38.794019296454706       38.794019296454715        0.000000000000009
        0.433333333333333        0.533333333333333       26.496807936930426       26.496807936930437        0.000000000000010
        0.466666666666667        0.566666666666667       12.297211359524291       12.297211359524297        0.000000000000006
        0.400000000000000        0.600000000000000        0.000000000000010        0.000000000000009        0.000000000000002
        0.433333333333333        0.633333333333333      -13.715757057002438      -13.715757057002445        0.000000000000006
        0.466666666666667        0.666666666666667      -23.756388086999611      -23.756388086999619        0.000000000000008
        0.400000000000000        0.700000000000000      -38.794019296454692      -38.794019296454694        0.000000000000003
        0.433333333333333        0.733333333333333      -45.893817585157764      -45.893817585157766        0.000000000000003
        0.466666666666667        0.766666666666667      -45.893817585157769      -45.893817585157777        0.000000000000008
        0.400000000000000        0.800000000000000      -54.863028228009792      -54.863028228009797        0.000000000000005
        0.433333333333333        0.833333333333333      -51.187902201004519      -51.187902201004524        0.000000000000006
        0.466666666666667        0.866666666666667      -41.147271171007353      -41.147271171007357        0.000000000000003
        0.400000000000000        0.900000000000000      -38.794019296454711      -38.794019296454700        0.000000000000011
        0.433333333333333        0.933333333333333      -26.496807936930432      -26.496807936930418        0.000000000000014
        0.466666666666667        0.966666666666667      -12.297211359524297      -12.297211359524289        0.000000000000008
        0.400000000000000        1.000000000000000       -0.000000000000017       -0.000000000000017        0.000000000000000
        0.433333333333333        1.033333333333333       13.715757057002432       13.715757057002422        0.000000000000010
        0.466666666666667        1.066666666666667       23.756388086999606       23.756388086999596        0.000000000000010
        0.500000000000000        0.000000000000000      -38.794019296454706      -38.794019296454737        0.000000000000031
        0.533333333333333        0.033333333333333      -26.496807936930426      -26.496807936930447        0.000000000000021
        0.566666666666667        0.066666666666667      -12.297211359524290      -12.297211359524296        0.000000000000006
        0.500000000000000        0.100000000000000      -27.431514114004901      -27.431514114004897        0.000000000000004
        0.533333333333333        0.133333333333333      -13.715757057002453      -13.715757057002447        0.000000000000006
        0.566666666666667        0.166666666666667       -3.675126027005281       -3.675126027005279        0.000000000000003
        0.500000000000000        0.200000000000000       -0.000000000000002       -0.000000000000000        0.000000000000002
        0.533333333333333        0.233333333333333        7.099798288703068        7.099798288703068        0.000000000000001
        0.566666666666667        0.266666666666667        7.099798288703072        7.099798288703072        0.000000000000001
        0.500000000000000        0.300000000000000       27.431514114004897       27.431514114004900        0.000000000000003
        0.533333333333333        0.333333333333333       23.756388086999623       23.756388086999631        0.000000000000008
        0.566666666666667        0.366666666666667       13.715757057002456       13.715757057002461        0.000000000000005
        0.500000000000000        0.400000000000000       38.794019296454706       38.794019296454715        0.000000000000009
        0.533333333333333        0.433333333333333       26.496807936930426       26.496807936930437        0.000000000000010
        0.566666666666667        0.466666666666667       12.297211359524291       12.297211359524297        0.000000000000006
        0.500000000000000        0.500000000000000       27.431514114004904       27.431514114004918        0.000000000000014
        0.533333333333333        0.533333333333333       13.715757057002456       13.715757057002466        0.000000000000010
        0.566666666666667        0.566666666666667        3.675126027005283        3.675126027005286        0.000000000000003
        0.500000000000000        0.600000000000000        0.000000000000007        0.000000000000006        0.000000000000001
        0.533333333333333        0.633333333333333       -7.099798288703065       -7.099798288703071        0.000000000000006
        0.566666666666667        0.666666666666667       -7.099798288703070       -7.099798288703075        0.000000000000004
        0.500000000000000        0.700000000000000      -27.431514114004894      -27.431514114004904        0.000000000000009
        0.533333333333333        0.733333333333333      -23.756388086999621      -23.756388086999631        0.000000000000010
        0.566666666666667        0.766666666666667      -13.715757057002456      -13.715757057002462        0.000000000000006
        0.500000000000000        0.800000000000000      -38.794019296454706      -38.794019296454720        0.000000000000014
        0.533333333333333        0.833333333333333      -26.496807936930427      -26.496807936930440        0.000000000000013
        0.566666666666667        0.866666666666667      -12.297211359524292      -12.297211359524296        0.000000000000005
        0.500000000000000        0.900000000000000      -27.431514114004908      -27.431514114004907        0.000000000000000
        0.533333333333333        0.933333333333333      -13.715757057002459      -13.715757057002456        0.000000000000002
        0.566666666666667        0.966666666666667       -3.675126027005285       -3.675126027005283        0.000000000000001
        0.500000000000000        1.000000000000000       -0.000000000000012       -0.000000000000012        0.000000000000000
        0.533333333333333        1.033333333333333        7.099798288703062        7.099798288703059        0.000000000000003
        0.566666666666667        1.066666666666667        7.099798288703069        7.099798288703068        0.000000000000001
        0.600000000000000        0.000000000000000       -0.000000000000010       -0.000000000000009        0.000000000000002
        0.633333333333333        0.033333333333333       13.715757057002438       13.715757057002450        0.000000000000012
        0.666666666666667        0.066666666666667       23.756388086999610       23.756388086999617        0.000000000000007
        0.600000000000000        0.100000000000000       -0.000000000000007       -0.000000000000006        0.000000000000001
        0.633333333333333        0.133333333333333        7.099798288703063        7.099798288703061        0.000000000000003
        0.666666666666667        0.166666666666667        7.099798288703067        7.099798288703061        0.000000000000006
        0.600000000000000        0.200000000000000       -0.000000000000000       -0.000000000000000        0.000000000000000
        0.633333333333333        0.233333333333333       -3.675126027005275       -3.675126027005274        0.000000000000000
        0.666666666666667        0.266666666666667      -13.715757057002441      -13.715757057002440        0.000000000000001
        0.600000000000000        0.300000000000000        0.000000000000007        0.000000000000006        0.000000000000001
        0.633333333333333        0.333333333333333      -12.297211359524272      -12.297211359524277        0.000000000000005
        0.666666666666667        0.366666666666667      -26.496807936930408      -26.496807936930413        0.000000000000006
        0.600000000000000        0.400000000000000        0.000000000000010        0.000000000000009        0.000000000000002
        0.633333333333333        0.433333333333333      -13.715757057002438      -13.715757057002445        0.000000000000006
        0.666666666666667        0.466666666666667      -23.756388086999611      -23.756388086999619        0.000000000000008
        0.600000000000000        0.500000000000000        0.000000000000007        0.000000000000006        0.000000000000001
        0.633333333333333        0.533333333333333       -7.099798288703065       -7.099798288703071        0.000000000000006
        0.666666666666667        0.566666666666667       -7.099798288703070       -7.099798288703075        0.000000000000004
        0.600000000000000        0.600000000000000        0.000000000000000        0.000000000000000        0.000000000000000
        0.633333333333333        0.633333333333333        3.675126027005273        3.675126027005276        0.000000000000003
        0.666666666666667        0.666666666666667       13.715757057002438       13.715757057002445        0.000000000000006
        0.600000000000000        0.700000000000000       -0.000000000000007       -0.000000000000006        0.000000000000001
        0.633333333333333        0.733333333333333       12.297211359524271       12.297211359524278        0.000000000000006
        0.666666666666667        0.766666666666667       26.496807936930407       26.496807936930415        0.000000000000008
        0.600000000000000        0.800000000000000       -0.000000000000010       -0.000000000000009        0.000000000000002
        0.633333333333333        0.833333333333333       13.715757057002439       13.715757057002446        0.000000000000007
        0.666666666666667        0.866666666666667       23.756388086999613       23.756388086999618        0.000000000000005
        0.600000000000000        0.900000000000000       -0.000000000000007       -0.000000000000006        0.000000000000001
        0.633333333333333        0.933333333333333        7.099798288703066        7.099798288703066        0.000000000000001
        0.666666666666667        0.966666666666667        7.099798288703073        7.099798288703070        0.000000000000004
        0.600000000000000        1.000000000000000       -0.000000000000000       -0.000000000000000        0.000000000000000
        0.633333333333333        1.033333333333333       -3.675126027005271       -3.675126027005270        0.000000000000001
        0.666666666666667        1.066666666666667      -13.715757057002435      -13.715757057002431        0.000000000000004
        0.700000000000000        0.000000000000000       38.794019296454692       38.794019296454717        0.000000000000025
        0.733333333333333        0.033333333333333       45.893817585157762       45.893817585157784        0.000000000000022
        0.766666666666667        0.066666666666667       45.893817585157766       45.893817585157772        0.000000000000006
        0.700000000000000        0.100000000000000       27.431514114004891       27.431514114004883        0.000000000000008
        0.733333333333333        0.133333333333333       23.756388086999616       23.756388086999598        0.000000000000018
        0.766666666666667        0.166666666666667       13.715757057002450       13.715757057002436        0.000000000000014
        0.700000000000000        0.200000000000000        0.000000000000002        0.000000000000000        0.000000000000002
        0.733333333333333        0.233333333333333      -12.297211359524277      -12.297211359524272        0.000000000000005
        0.766666666666667        0.266666666666667      -26.496807936930413      -26.496807936930406        0.000000000000006
        0.700000000000000        0.300000000000000      -27.431514114004887      -27.431514114004886        0.000000000000001
        0.733333333333333        0.333333333333333      -41.147271171007336      -41.147271171007336        0.000000000000000
        0.766666666666667        0.366666666666667      -51.187902201004509      -51.187902201004512        0.000000000000003
        0.700000000000000        0.400000000000000      -38.794019296454692      -38.794019296454694        0.000000000000003
        0.733333333333333        0.433333333333333      -45.893817585157764      -45.893817585157766        0.000000000000003
        0.766666666666667        0.466666666666667      -45.893817585157769      -45.893817585157777        0.000000000000008
        0.700000000000000        0.500000000000000      -27.431514114004894      -27.431514114004904        0.000000000000009
        0.733333333333333        0.533333333333333      -23.756388086999621      -23.756388086999631        0.000000000000010
        0.766666666666667        0.566666666666667      -13.715757057002456      -13.715757057002462        0.000000000000006
        0.700000000000000        0.600000000000000       -0.000000000000007       -0.000000000000006        0.000000000000001
        0.733333333333333        0.633333333333333       12.297211359524271       12.297211359524278        0.000000000000006
        0.766666666666667        0.666666666666667       26.496807936930407       26.496807936930415        0.000000000000008
        0.700000000000000        0.700000000000000       27.431514114004884       27.431514114004889        0.000000000000005
        0.733333333333333        0.733333333333333       41.147271171007333       41.147271171007337        0.000000000000004
        0.766666666666667        0.766666666666667       51.187902201004507       51.187902201004515        0.000000000000008
        0.700000000000000        0.800000000000000       38.794019296454692       38.794019296454700        0.000000000000008
        0.733333333333333        0.833333333333333       45.893817585157765       45.893817585157772        0.000000000000007
        0.766666666666667        0.866666666666667       45.893817585157772       45.893817585157774        0.000000000000002
        0.700000000000000        0.900000000000000       27.431514114004897       27.431514114004893        0.000000000000004
        0.733333333333333        0.933333333333333       23.756388086999626       23.756388086999615        0.000000000000011
        0.766666666666667        0.966666666666667       13.715757057002462       13.715757057002453        0.000000000000009
        0.700000000000000        1.000000000000000        0.000000000000012        0.000000000000012        0.000000000000000
        0.733333333333333        1.033333333333333      -12.297211359524266      -12.297211359524257        0.000000000000009
        0.766666666666667        1.066666666666667      -26.496807936930401      -26.496807936930389        0.000000000000012
        0.800000000000000        0.000000000000000       54.863028228009792       54.863028228009829        0.000000000000037
        0.833333333333333        0.033333333333333       51.187902201004517       51.187902201004544        0.000000000000027
        0.866666666666667        0.066666666666667       41.147271171007351       41.147271171007352        0.000000000000002
        0.800000000000000        0.100000000000000       38.794019296454701       38.794019296454691        0.000000000000011
        0.833333333333333        0.133333333333333       26.496807936930422       26.496807936930403        0.000000000000019
        0.866666666666667        0.166666666666667       12.297211359524286       12.297211359524272        0.000000000000014
        0.800000000000000        0.200000000000000        0.000000000000003        0.000000000000000        0.000000000000003
        0.833333333333333        0.233333333333333      -13.715757057002445      -13.715757057002440        0.000000000000005
        0.866666666666667        0.266666666666667      -23.756388086999618      -23.756388086999610        0.000000000000008
        0.800000000000000        0.300000000000000      -38.794019296454696      -38.794019296454695        0.000000000000001
        0.833333333333333        0.333333333333333      -45.893817585157768      -45.893817585157771        0.000000000000003
        0.866666666666667        0.366666666666667      -45.893817585157774      -45.893817585157772        0.000000000000002
        0.800000000000000        0.400000000000000      -54.863028228009792      -54.863028228009797        0.000000000000005
        0.833333333333333        0.433333333333333      -51.187902201004519      -51.187902201004524        0.000000000000006
        0.866666666666667        0.466666666666667      -41.147271171007353      -41.147271171007357        0.000000000000003
        0.800000000000000        0.500000000000000      -38.794019296454706      -38.794019296454720        0.000000000000014
        0.833333333333333        0.533333333333333      -26.496807936930427      -26.496807936930440        0.000000000000013
        0.866666666666667        0.566666666666667      -12.297211359524292      -12.297211359524296        0.000000000000005
        0.800000000000000        0.600000000000000       -0.000000000000010       -0.000000000000009        0.000000000000002
        0.833333333333333        0.633333333333333       13.715757057002439       13.715757057002446        0.000000000000007
        0.866666666666667        0.666666666666667       23.756388086999613       23.756388086999618        0.000000000000005
        0.800000000000000        0.700000000000000       38.794019296454692       38.794019296454700        0.000000000000008
        0.833333333333333        0.733333333333333       45.893817585157765       45.893817585157772        0.000000000000007
        0.866666666666667        0.766666666666667       45.893817585157772       45.893817585157774        0.000000000000002
        0.800000000000000        0.800000000000000       54.863028228009792       54.863028228009805        0.000000000000013
        0.833333333333333        0.833333333333333       51.187902201004520       51.187902201004531        0.000000000000010
        0.866666666666667        0.866666666666667       41.147271171007356       41.147271171007354        0.000000000000002
        0.800000000000000        0.900000000000000       38.794019296454711       38.794019296454705        0.000000000000005
        0.833333333333333        0.933333333333333       26.496807936930433       26.496807936930421        0.000000000000011
        0.866666666666667        0.966666666666667       12.297211359524297       12.297211359524288        0.000000000000010
        0.800000000000000        1.000000000000000        0.000000000000017        0.000000000000017        0.000000000000000
        0.833333333333333        1.033333333333333      -13.715757057002433      -13.715757057002424        0.000000000000009
        0.866666666666667        1.066666666666667      -23.756388086999608      -23.756388086999595        0.000000000000013
        0.900000000000000        0.000000000000000       38.794019296454711       38.794019296454722        0.000000000000012
        0.933333333333333        0.033333333333333       26.496807936930431       26.496807936930428        0.000000000000003
        0.966666666666667        0.066666666666667       12.297211359524296       12.297211359524287        0.000000000000008
        0.900000000000000        0.100000000000000       27.431514114004904       27.431514114004886        0.000000000000018
        0.933333333333333        0.133333333333333       13.715757057002456       13.715757057002437        0.000000000000018
        0.966666666666667        0.166666666666667        3.675126027005283        3.675126027005276        0.000000000000007
        0.900000000000000        0.200000000000000        0.000000000000002        0.000000000000000        0.000000000000002
        0.933333333333333        0.233333333333333       -7.099798288703070       -7.099798288703063        0.000000000000007
        0.966666666666667        0.266666666666667       -7.099798288703075       -7.099798288703067        0.000000000000008
        0.900000000000000        0.300000000000000      -27.431514114004901      -27.431514114004890        0.000000000000011
        0.933333333333333        0.333333333333333      -23.756388086999628      -23.756388086999614        0.000000000000014
        0.966666666666667        0.366666666666667      -13.715757057002463      -13.715757057002452        0.000000000000011
        0.900000000000000        0.400000000000000      -38.794019296454711      -38.794019296454700        0.000000000000011
        0.933333333333333        0.433333333333333      -26.496807936930432      -26.496807936930418        0.000000000000014
        0.966666666666667        0.466666666666667      -12.297211359524297      -12.297211359524289        0.000000000000008
        0.900000000000000        0.500000000000000      -27.431514114004908      -27.431514114004907        0.000000000000000
        0.933333333333333        0.533333333333333      -13.715757057002459      -13.715757057002456        0.000000000000002
        0.966666666666667        0.566666666666667       -3.675126027005285       -3.675126027005283        0.000000000000001
        0.900000000000000        0.600000000000000       -0.000000000000007       -0.000000000000006        0.000000000000001
        0.933333333333333        0.633333333333333        7.099798288703066        7.099798288703066        0.000000000000001
        0.966666666666667        0.666666666666667        7.099798288703073        7.099798288703070        0.000000000000004
        0.900000000000000        0.700000000000000       27.431514114004897       27.431514114004893        0.000000000000004
        0.933333333333333        0.733333333333333       23.756388086999626       23.756388086999615        0.000000000000011
        0.966666666666667        0.766666666666667       13.715757057002462       13.715757057002453        0.000000000000009
        0.900000000000000        0.800000000000000       38.794019296454711       38.794019296454705        0.000000000000005
        0.933333333333333        0.833333333333333       26.496807936930433       26.496807936930421        0.000000000000011
        0.966666666666667        0.866666666666667       12.297211359524297       12.297211359524288        0.000000000000010
        0.900000000000000        0.900000000000000       27.431514114004911       27.431514114004897        0.000000000000014
        0.933333333333333        0.933333333333333       13.715757057002461       13.715757057002447        0.000000000000015
        0.966666666666667        0.966666666666667        3.675126027005286        3.675126027005281        0.000000000000006
        0.900000000000000        1.000000000000000        0.000000000000012        0.000000000000012        0.000000000000000
        0.933333333333333        1.033333333333333       -7.099798288703063       -7.099798288703054        0.000000000000009
        0.966666666666667        1.066666666666667       -7.099798288703072       -7.099798288703063        0.000000000000009
        1.000000000000000        0.000000000000000        0.000000000000017        0.000000000000017        0.000000000000000
        1.033333333333333        0.033333333333333      -13.715757057002432      -13.715757057002427        0.000000000000005
        1.066666666666667        0.066666666666667      -23.756388086999605      -23.756388086999593        0.000000000000011
        1.000000000000000        0.100000000000000        0.000000000000012        0.000000000000012        0.000000000000000
        1.033333333333333        0.133333333333333       -7.099798288703060       -7.099798288703049        0.000000000000011
        1.066666666666667        0.166666666666667       -7.099798288703065       -7.099798288703054        0.000000000000012
        1.000000000000000        0.200000000000000        0.000000000000000        0.000000000000000        0.000000000000000
        1.033333333333333        0.233333333333333        3.675126027005273        3.675126027005268        0.000000000000004
        1.066666666666667        0.266666666666667       13.715757057002438       13.715757057002427        0.000000000000012
        1.000000000000000        0.300000000000000       -0.000000000000012       -0.000000000000012        0.000000000000000
        1.033333333333333        0.333333333333333       12.297211359524267       12.297211359524257        0.000000000000010
        1.066666666666667        0.366666666666667       26.496807936930402       26.496807936930388        0.000000000000015
        1.000000000000000        0.400000000000000       -0.000000000000017       -0.000000000000017        0.000000000000000
        1.033333333333333        0.433333333333333       13.715757057002432       13.715757057002422        0.000000000000010
        1.066666666666667        0.466666666666667       23.756388086999606       23.756388086999596        0.000000000000010
        1.000000000000000        0.500000000000000       -0.000000000000012       -0.000000000000012        0.000000000000000
        1.033333333333333        0.533333333333333        7.099798288703062        7.099798288703059        0.000000000000003
        1.066666666666667        0.566666666666667        7.099798288703069        7.099798288703068        0.000000000000001
        1.000000000000000        0.600000000000000       -0.000000000000000       -0.000000000000000        0.000000000000000
        1.033333333333333        0.633333333333333       -3.675126027005271       -3.675126027005270        0.000000000000001
        1.066666666666667        0.666666666666667      -13.715757057002435      -13.715757057002431        0.000000000000004
        1.000000000000000        0.700000000000000        0.000000000000012        0.000000000000012        0.000000000000000
        1.033333333333333        0.733333333333333      -12.297211359524266      -12.297211359524257        0.000000000000009
        1.066666666666667        0.766666666666667      -26.496807936930401      -26.496807936930389        0.000000000000012
        1.000000000000000        0.800000000000000        0.000000000000017        0.000000000000017        0.000000000000000
        1.033333333333333        0.833333333333333      -13.715757057002433      -13.715757057002424        0.000000000000009
        1.066666666666667        0.866666666666667      -23.756388086999608      -23.756388086999595        0.000000000000013
        1.000000000000000        0.900000000000000        0.000000000000012        0.000000000000012        0.000000000000000
        1.033333333333333        0.933333333333333       -7.099798288703063       -7.099798288703054        0.000000000000009
        1.066666666666667        0.966666666666667       -7.099798288703072       -7.099798288703063        0.000000000000009
        1.000000000000000        1.000000000000000        0.000000000000000        0.000000000000000        0.000000000000000
        1.033333333333333        1.033333333333333        3.675126027005269        3.675126027005264        0.000000000000006
        1.066666666666667        1.066666666666667       13.715757057002432       13.715757057002418        0.000000000000015
