        0.000000000000000        0.000000000000000       54.190340753469909       54.190340753469970        0.000000000000061
        0.033333333333333        0.033333333333333       50.560276242855005       50.560276242855048        0.000000000000043
        0.066666666666667        0.066666666666667       40.642755565102433       40.642755565102438        0.000000000000005
        0.000000000000000        0.100000000000000       38.318357421588297       38.318357421588304        0.000000000000006
        0.033333333333333        0.133333333333333       26.171924834590799       26.171924834590789        0.000000000000010
        0.066666666666667        0.166666666666667       12.146432586997502       12.146432586997489        0.000000000000013
        0.000000000000000        0.200000000000000        0.000000000000003        0.000000000000000        0.000000000000003
        0.033333333333333        0.233333333333333      -13.547585188367474      -13.547585188367473        0.000000000000000
        0.066666666666667        0.266666666666667      -23.465105866120047      -23.465105866120041        0.000000000000006
        0.000000000000000        0.300000000000000      -38.318357421588293      -38.318357421588309        0.000000000000016
        0.033333333333333        0.333333333333333      -45.331103545384942      -45.331103545384960        0.000000000000017
        0.066666666666667        0.366666666666667      -45.331103545384944      -45.331103545384946        0.000000000000002
        0.000000000000000        0.400000000000000      -54.190340753469909      -54.190340753469939        0.000000000000029
        0.033333333333333        0.433333333333333      -50.560276242855006      -50.560276242855028        0.000000000000022
        0.066666666666667        0.466666666666667      -40.642755565102436      -40.642755565102443        0.000000000000007
        0.000000000000000        0.500000000000000      -38.318357421588302      -38.318357421588333        0.000000000000031
        0.033333333333333        0.533333333333333      -26.171924834590804      -26.171924834590825        0.000000000000021
        0.066666666666667        0.566666666666667      -12.146432586997507      -12.146432586997513        0.000000000000006
        0.000000000000000        0.600000000000000       -0.000000000000010       -0.000000000000008        0.000000000000002
        0.033333333333333        0.633333333333333       13.547585188367468       13.547585188367479        0.000000000000012
        0.066666666666667        0.666666666666667       23.465105866120042       23.465105866120049        0.000000000000007
        0.000000000000000        0.700000000000000       38.318357421588288       38.318357421588313        0.000000000000025
        0.033333333333333        0.733333333333333       45.331103545384939       45.331103545384961        0.000000000000021
        0.066666666666667        0.766666666666667       45.331103545384943       45.331103545384949        0.000000000000006
        0.000000000000000        0.800000000000000       54.190340753469909       54.190340753469946        0.000000000000037
        0.033333333333333        0.833333333333333       50.560276242855008       50.560276242855035        0.000000000000027
        0.066666666666667        0.866666666666667       40.642755565102439       40.642755565102440        0.000000000000002
        0.000000000000000        0.900000000000000       38.318357421588307       38.318357421588318        0.000000000000012
        0.033333333333333        0.933333333333333       26.171924834590810       26.171924834590807        0.000000000000003
        0.066666666666667        0.966666666666667       12.146432586997513       12.146432586997505        0.000000000000008
        0.000000000000000        1.000000000000000        0.000000000000017        0.000000000000017        0.000000000000000
        0.033333333333333        1.033333333333333      -13.547585188367461      -13.547585188367457        0.000000000000004
        0.066666666666667        1.066666666666667      -23.465105866120037      -23.465105866120026        0.000000000000011
        0.100000000000000        0.000000000000000       38.318357421588297       38.318357421588304        0.000000000000006
        0.133333333333333        0.033333333333333       26.171924834590799       26.171924834590789        0.000000000000010
        0.166666666666667        0.066666666666667       12.146432586997502       12.146432586997489        0.000000000000013
        0.100000000000000        0.100000000000000       27.095170376734956       27.095170376734935        0.000000000000021
        0.133333333333333        0.133333333333333       13.547585188367479       13.547585188367458        0.000000000000022
        0.166666666666667        0.166666666666667        3.630064510614906        3.630064510614898        0.000000000000008
        0.100000000000000        0.200000000000000        0.000000000000002        0.000000000000000        0.000000000000002
        0.133333333333333        0.233333333333333       -7.012746123796647       -7.012746123796639        0.000000000000009
        0.166666666666667        0.266666666666667       -7.012746123796649       -7.012746123796639        0.000000000000010
        0.100000000000000        0.300000000000000      -27.095170376734953      -27.095170376734939        0.000000000000014
        0.133333333333333        0.333333333333333      -23.465105866120050      -23.465105866120030        0.000000000000020
        0.166666666666667        0.366666666666667      -13.547585188367480      -13.547585188367464        0.000000000000015
        0.100000000000000        0.400000000000000      -38.318357421588297      -38.318357421588282        0.000000000000016
        0.133333333333333        0.433333333333333      -26.171924834590800      -26.171924834590779        0.000000000000021
        0.166666666666667        0.466666666666667      -12.146432586997503      -12.146432586997491        0.000000000000012
        0.100000000000000        0.500000000000000      -27.095170376734960      -27.095170376734956        0.000000000000004
        0.133333333333333        0.533333333333333      -13.547585188367482      -13.547585188367476        0.000000000000006
        0.166666666666667        0.566666666666667       -3.630064510614908       -3.630064510614905        0.000000000000003
        0.100000000000000        0.600000000000000       -0.000000000000007       -0.000000000000006        0.000000000000001
        0.133333333333333        0.633333333333333        7.012746123796644        7.012746123796642        0.000000000000002
        0.166666666666667        0.666666666666667        7.012746123796648        7.012746123796641        0.000000000000006
        0.100000000000000        0.700000000000000       27.095170376734950       27.095170376734942        0.000000000000008
        0.133333333333333        0.733333333333333       23.465105866120048       23.465105866120031        0.000000000000018
        0.166666666666667        0.766666666666667       13.547585188367479       13.547585188367465        0.000000000000014
        0.100000000000000        0.800000000000000       38.318357421588297       38.318357421588287        0.000000000000010
        0.133333333333333        0.833333333333333       26.171924834590800       26.171924834590782        0.000000000000018
        0.166666666666667        0.866666666666667       12.146432586997504       12.146432586997490        0.000000000000014
        0.100000000000000        0.900000000000000       27.095170376734963       27.095170376734945        0.000000000000018
        0.133333333333333        0.933333333333333       13.547585188367485       13.547585188367467        0.000000000000018
        0.166666666666667        0.966666666666667        3.630064510614910        3.630064510614903        0.000000000000007
        0.100000000000000        1.000000000000000        0.000000000000012        0.000000000000012        0.000000000000000
        0.133333333333333        1.033333333333333       -7.012746123796641       -7.012746123796630        0.000000000000011
        0.166666666666667        1.066666666666667       -7.012746123796646       -7.012746123796635        0.000000000000011
        0.200000000000000        0.000000000000000        0.000000000000003        0.000000000000000        0.000000000000003
        0.233333333333333        0.033333333333333      -13.547585188367474      -13.547585188367473        0.000000000000000
        0.266666666666667        0.066666666666667      -23.465105866120047      -23.465105866120041        0.000000000000006
        0.200000000000000        0.100000000000000        0.000000000000002        0.000000000000000        0.000000000000002
        0.233333333333333        0.133333333333333       -7.012746123796647       -7.012746123796639        0.000000000000009
        0.266666666666667        0.166666666666667       -7.012746123796649       -7.012746123796639        0.000000000000010
        0.200000000000000        0.200000000000000        0.000000000000000        0.000000000000000        0.000000000000000
        0.233333333333333        0.233333333333333        3.630064510614903        3.630064510614900        0.000000000000003
        0.266666666666667        0.266666666666667       13.547585188367474       13.547585188367465        0.000000000000009
        0.200000000000000        0.300000000000000       -0.000000000000002       -0.000000000000000        0.000000000000002
        0.233333333333333        0.333333333333333       12.146432586997495       12.146432586997489        0.000000000000006
        0.266666666666667        0.366666666666667       26.171924834590792       26.171924834590783        0.000000000000009
        0.200000000000000        0.400000000000000       -0.000000000000003       -0.000000000000000        0.000000000000003
        0.233333333333333        0.433333333333333       13.547585188367474       13.547585188367468        0.000000000000006
        0.266666666666667        0.466666666666667       23.465105866120048       23.465105866120043        0.000000000000005
        0.200000000000000        0.500000000000000       -0.000000000000002       -0.000000000000000        0.000000000000002
        0.233333333333333        0.533333333333333        7.012746123796649        7.012746123796648        0.000000000000001
        0.266666666666667        0.566666666666667        7.012746123796652        7.012746123796653        0.000000000000001
        0.200000000000000        0.600000000000000       -0.000000000000000       -0.000000000000000        0.000000000000000
        0.233333333333333        0.633333333333333       -3.630064510614901       -3.630064510614901        0.000000000000000
        0.266666666666667        0.666666666666667      -13.547585188367471      -13.547585188367470        0.000000000000001
        0.200000000000000        0.700000000000000        0.000000000000002        0.000000000000000        0.000000000000002
        0.233333333333333        0.733333333333333      -12.146432586997495      -12.146432586997490        0.000000000000005
        0.266666666666667        0.766666666666667      -26.171924834590791      -26.171924834590785        0.000000000000006
        0.200000000000000        0.800000000000000        0.000000000000003        0.000000000000000        0.000000000000003
        0.233333333333333        0.833333333333333      -13.547585188367475      -13.547585188367470        0.000000000000005
        0.266666666666667        0.866666666666667      -23.465105866120050      -23.465105866120042        0.000000000000008
        0.200000000000000        0.900000000000000        0.000000000000002        0.000000000000000        0.000000000000002
        0.233333333333333        0.933333333333333       -7.012746123796650       -7.012746123796643        0.000000000000007
        0.266666666666667        0.966666666666667       -7.012746123796655       -7.012746123796648        0.000000000000008
        0.200000000000000        1.000000000000000        0.000000000000000        0.000000000000000        0.000000000000000
        0.233333333333333        1.033333333333333        3.630064510614900        3.630064510614895        0.000000000000004
        0.266666666666667        1.066666666666667       13.547585188367468       13.547585188367456        0.000000000000012
        0.300000000000000        0.000000000000000      -38.318357421588293      -38.318357421588309        0.000000000000016
        0.333333333333333        0.033333333333333      -45.331103545384942      -45.331103545384960        0.000000000000017
        0.366666666666667        0.066666666666667      -45.331103545384944      -45.331103545384946        0.000000000000002
        0.300000000000000        0.100000000000000      -27.095170376734953      -27.095170376734939        0.000000000000014
        0.333333333333333        0.133333333333333      -23.465105866120050      -23.465105866120030        0.000000000000020
        0.366666666666667        0.166666666666667      -13.547585188367480      -13.547585188367464        0.000000000000015
        0.300000000000000        0.200000000000000       -0.000000000000002       -0.000000000000000        0.000000000000002
        0.333333333333333        0.233333333333333       12.146432586997495       12.146432586997489        0.000000000000006
        0.366666666666667        0.266666666666667       26.171924834590792       26.171924834590783        0.000000000000009
        0.300000000000000        0.300000000000000       27.095170376734950       27.095170376734942        0.000000000000008
        0.333333333333333        0.333333333333333       40.642755565102427       40.642755565102424        0.000000000000004
        0.366666666666667        0.366666666666667       50.560276242855001       50.560276242854999        0.000000000000002
        0.300000000000000        0.400000000000000       38.318357421588293       38.318357421588286        0.000000000000006
        0.333333333333333        0.433333333333333       45.331103545384944       45.331103545384942        0.000000000000002
        0.366666666666667        0.466666666666667       45.331103545384947       45.331103545384951        0.000000000000004
        0.300000000000000        0.500000000000000       27.095170376734956       27.095170376734959        0.000000000000003
        0.333333333333333        0.533333333333333       23.465105866120055       23.465105866120063        0.000000000000008
        0.366666666666667        0.566666666666667       13.547585188367486       13.547585188367491        0.000000000000005
        0.300000000000000        0.600000000000000        0.000000000000007        0.000000000000006        0.000000000000001
        0.333333333333333        0.633333333333333      -12.146432586997490      -12.146432586997495        0.000000000000005
        0.366666666666667        0.666666666666667      -26.171924834590787      -26.171924834590792        0.000000000000006
        0.300000000000000        0.700000000000000      -27.095170376734946      -27.095170376734945        0.000000000000001
        0.333333333333333        0.733333333333333      -40.642755565102424      -40.642755565102425        0.000000000000000
        0.366666666666667        0.766666666666667      -50.560276242855000      -50.560276242855003        0.000000000000003
        0.300000000000000        0.800000000000000      -38.318357421588293      -38.318357421588292        0.000000000000001
        0.333333333333333        0.833333333333333      -45.331103545384945      -45.331103545384948        0.000000000000003
        0.366666666666667        0.866666666666667      -45.331103545384950      -45.331103545384948        0.000000000000002
        0.300000000000000        0.900000000000000      -27.095170376734960      -27.095170376734949        0.000000000000011
        0.333333333333333        0.933333333333333      -23.465105866120060      -23.465105866120047        0.000000000000013
        0.366666666666667        0.966666666666667      -13.547585188367492      -13.547585188367481        0.000000000000010
        0.300000000000000        1.000000000000000       -0.000000000000012       -0.000000000000012        0.000000000000000
        0.333333333333333        1.033333333333333       12.146432586997484       12.146432586997475        0.000000000000010
        0.366666666666667        1.066666666666667       26.171924834590781       26.171924834590767        0.000000000000014
        0.400000000000000        0.000000000000000      -54.190340753469909      -54.190340753469939        0.000000000000029
        0.433333333333333        0.033333333333333      -50.560276242855006      -50.560276242855028        0.000000000000022
        0.466666666666667        0.066666666666667      -40.642755565102436      -40.642755565102443        0.000000000000007
        0.400000000000000        0.100000000000000      -38.318357421588297      -38.318357421588281        0.000000000000016
        0.433333333333333        0.133333333333333      -26.171924834590800      -26.171924834590779        0.000000000000021
        0.466666666666667        0.166666666666667      -12.146432586997503      -12.146432586997491        0.000000000000012
        0.400000000000000        0.200000000000000       -0.000000000000003       -0.000000000000000        0.000000000000003
        0.433333333333333        0.233333333333333       13.547585188367474       13.547585188367468        0.000000000000006
        0.466666666666667        0.266666666666667       23.465105866120048       23.465105866120043        0.000000000000005
        0.400000000000000        0.300000000000000       38.318357421588293       38.318357421588286        0.000000000000006
        0.433333333333333        0.333333333333333       45.331103545384944       45.331103545384942        0.000000000000002
        0.466666666666667        0.366666666666667       45.331103545384947       45.331103545384951        0.000000000000004
        0.400000000000000        0.400000000000000       54.190340753469909       54.190340753469907        0.000000000000002
        0.433333333333333        0.433333333333333       50.560276242855008       50.560276242855009        0.000000000000001
        0.466666666666667        0.466666666666667       40.642755565102439       40.642755565102447        0.000000000000009
        0.400000000000000        0.500000000000000       38.318357421588302       38.318357421588311        0.000000000000009
        0.433333333333333        0.533333333333333       26.171924834590805       26.171924834590815        0.000000000000010
        0.466666666666667        0.566666666666667       12.146432586997508       12.146432586997514        0.000000000000006
        0.400000000000000        0.600000000000000        0.000000000000010        0.000000000000008        0.000000000000002
        0.433333333333333        0.633333333333333      -13.547585188367468      -13.547585188367474        0.000000000000006
        0.466666666666667        0.666666666666667      -23.465105866120043      -23.465105866120051        0.000000000000008
        0.400000000000000        0.700000000000000      -38.318357421588288      -38.318357421588291        0.000000000000003
        0.433333333333333        0.733333333333333      -45.331103545384941      -45.331103545384943        0.000000000000003
        0.466666666666667        0.766666666666667      -45.331103545384946      -45.331103545384954        0.000000000000008
        0.400000000000000        0.800000000000000      -54.190340753469909      -54.190340753469915        0.000000000000005
        0.433333333333333        0.833333333333333      -50.560276242855010      -50.560276242855015        0.000000000000006
        0.466666666666667        0.866666666666667      -40.642755565102442      -40.642755565102445        0.000000000000003
        0.400000000000000        0.900000000000000      -38.318357421588307      -38.318357421588296        0.000000000000011
        0.433333333333333        0.933333333333333      -26.171924834590811      -26.171924834590797        0.000000000000014
        0.466666666666667        0.966666666666667      -12.146432586997514      -12.146432586997506        0.000000000000008
        0.400000000000000        1.000000000000000       -0.000000000000017       -0.000000000000017        0.000000000000000
        0.433333333333333        1.033333333333333       13.547585188367462       13.547585188367452        0.000000000000010
        0.466666666666667        1.066666666666667       23.465105866120038       23.465105866120028        0.000000000000010
        0.500000000000000        0.000000000000000      -38.318357421588302      -38.318357421588333        0.000000000000031
        0.533333333333333        0.033333333333333      -26.171924834590804      -26.171924834590825        0.000000000000021
        0.566666666666667        0.066666666666667      -12.146432586997507      -12.146432586997513        0.000000000000006
        0.500000000000000        0.100000000000000      -27.095170376734960      -27.095170376734956        0.000000000000004
        0.533333333333333        0.133333333333333      -13.547585188367482      -13.547585188367476        0.000000000000006
        0.566666666666667        0.166666666666667       -3.630064510614908       -3.630064510614905        0.000000000000003
        0.500000000000000        0.200000000000000       -0.000000000000002       -0.000000000000000        0.000000000000002
        0.533333333333333        0.233333333333333        7.012746123796649        7.012746123796648        0.000000000000001
        0.566666666666667        0.266666666666667        7.012746123796652        7.012746123796653        0.000000000000001
        0.500000000000000        0.300000000000000       27.095170376734956       27.095170376734959        0.000000000000003
        0.533333333333333        0.333333333333333       23.465105866120055       23.465105866120063        0.000000000000008
        0.566666666666667        0.366666666666667       13.547585188367486       13.547585188367491        0.000000000000005
        0.500000000000000        0.400000000000000       38.318357421588302       38.318357421588311        0.000000000000009
        0.533333333333333        0.433333333333333       26.171924834590805       26.171924834590815        0.000000000000010
        0.566666666666667        0.466666666666667       12.146432586997508       12.146432586997514        0.000000000000006
        0.500000000000000        0.500000000000000       27.095170376734963       27.095170376734976        0.000000000000013
        0.533333333333333        0.533333333333333       13.547585188367485       13.547585188367495        0.000000000000010
        0.566666666666667        0.566666666666667        3.630064510614910        3.630064510614913        0.000000000000003
        0.500000000000000        0.600000000000000        0.000000000000007        0.000000000000006        0.000000000000001
        0.533333333333333        0.633333333333333       -7.012746123796646       -7.012746123796651        0.000000000000006
        0.566666666666667        0.666666666666667       -7.012746123796651       -7.012746123796655        0.000000000000004
        0.500000000000000        0.700000000000000      -27.095170376734953      -27.095170376734962        0.000000000000009
        0.533333333333333        0.733333333333333      -23.465105866120053      -23.465105866120063        0.000000000000010
        0.566666666666667        0.766666666666667      -13.547585188367485      -13.547585188367492        0.000000000000006
        0.500000000000000        0.800000000000000      -38.318357421588302      -38.318357421588316        0.000000000000014
        0.533333333333333        0.833333333333333      -26.171924834590806      -26.171924834590818        0.000000000000012
        0.566666666666667        0.866666666666667      -12.146432586997509      -12.146432586997514        0.000000000000004
        0.500000000000000        0.900000000000000      -27.095170376734966      -27.095170376734966        0.000000000000000
        0.533333333333333        0.933333333333333      -13.547585188367488      -13.547585188367486        0.000000000000002
        0.566666666666667        0.966666666666667       -3.630064510614911       -3.630064510614910        0.000000000000001
        0.500000000000000        1.000000000000000       -0.000000000000012       -0.000000000000012        0.000000000000000
        0.533333333333333        1.033333333333333        7.012746123796642        7.012746123796640        0.000000000000003
        0.566666666666667        1.066666666666667        7.012746123796649        7.012746123796648        0.000000000000001
        0.600000000000000        0.000000000000000       -0.000000000000010       -0.000000000000008        0.000000000000002
        0.633333333333333        0.033333333333333       13.547585188367468       13.547585188367479        0.000000000000012
        0.666666666666667        0.066666666666667       23.465105866120042       23.465105866120049        0.000000000000007
        0.600000000000000        0.100000000000000       -0.000000000000007       -0.000000000000006        0.000000000000001
        0.633333333333333        0.133333333333333        7.012746123796644        7.012746123796642        0.000000000000002
        0.666666666666667        0.166666666666667        7.012746123796648        7.012746123796641        0.000000000000006
        0.600000000000000        0.200000000000000       -0.000000000000000       -0.000000000000000        0.000000000000000
        0.633333333333333        0.233333333333333       -3.630064510614901       -3.630064510614901        0.000000000000000
        0.666666666666667        0.266666666666667      -13.547585188367471      -13.547585188367470        0.000000000000001
        0.600000000000000        0.300000000000000        0.000000000000007        0.000000000000006        0.000000000000001
        0.633333333333333        0.333333333333333      -12.146432586997490      -12.146432586997495        0.000000000000005
        0.666666666666667        0.366666666666667      -26.171924834590787      -26.171924834590792        0.000000000000006
        0.600000000000000        0.400000000000000        0.000000000000010        0.000000000000008        0.000000000000002
        0.633333333333333        0.433333333333333      -13.547585188367468      -13.547585188367474        0.000000000000006
        0.666666666666667        0.466666666666667      -23.465105866120043      -23.465105866120051        0.000000000000008
        0.600000000000000        0.500000000000000        0.000000000000007        0.000000000000006        0.000000000000001
        0.633333333333333        0.533333333333333       -7.012746123796646       -7.012746123796651        0.000000000000006
        0.666666666666667        0.566666666666667       -7.012746123796651       -7.012746123796655        0.000000000000004
        0.600000000000000        0.600000000000000        0.000000000000000        0.000000000000000        0.000000000000000
        0.633333333333333        0.633333333333333        3.630064510614900        3.630064510614903        0.000000000000003
        0.666666666666667        0.666666666666667       13.547585188367468       13.547585188367474        0.000000000000006
        0.600000000000000        0.700000000000000       -0.000000000000007       -0.000000000000006        0.000000000000001
        0.633333333333333        0.733333333333333       12.146432586997489       12.146432586997495        0.000000000000006
        0.666666666666667        0.766666666666667       26.171924834590786       26.171924834590794        0.000000000000008
        0.600000000000000        0.800000000000000       -0.000000000000010       -0.000000000000008        0.000000000000002
        0.633333333333333        0.833333333333333       13.547585188367469       13.547585188367476        0.000000000000007
        0.666666666666667        0.866666666666667       23.465105866120045       23.465105866120050        0.000000000000005
        0.600000000000000        0.900000000000000       -0.000000000000007       -0.000000000000006        0.000000000000001
        0.633333333333333        0.933333333333333        7.012746123796647        7.012746123796647        0.000000000000001
        0.666666666666667        0.966666666666667        7.012746123796654        7.012746123796650        0.000000000000004
        0.600000000000000        1.000000000000000       -0.000000000000000       -0.000000000000000        0.000000000000000
        0.633333333333333        1.033333333333333       -3.630064510614898       -3.630064510614897        0.000000000000001
        0.666666666666667        1.066666666666667      -13.547585188367465      -13.547585188367461        0.000000000000004
        0.700000000000000        0.000000000000000       38.318357421588288       38.318357421588313        0.000000000000025
        0.733333333333333        0.033333333333333       45.331103545384939       45.331103545384961        0.000000000000021
        0.766666666666667        0.066666666666667       45.331103545384943       45.331103545384949        0.000000000000006
        0.700000000000000        0.100000000000000       27.095170376734950       27.095170376734942        0.000000000000008
        0.733333333333333        0.133333333333333       23.465105866120048       23.465105866120031        0.000000000000018
        0.766666666666667        0.166666666666667       13.547585188367479       13.547585188367465        0.000000000000014
        0.700000000000000        0.200000000000000        0.000000000000002        0.000000000000000        0.000000000000002
        0.733333333333333        0.233333333333333      -12.146432586997495      -12.146432586997490        0.000000000000005
        0.766666666666667        0.266666666666667      -26.171924834590791      -26.171924834590785        0.000000000000006
        0.700000000000000        0.300000000000000      -27.095170376734946      -27.095170376734945        0.000000000000001
        0.733333333333333        0.333333333333333      -40.642755565102424      -40.642755565102425        0.000000000000000
        0.766666666666667        0.366666666666667      -50.560276242855000      -50.560276242855003        0.000000000000003
        0.700000000000000        0.400000000000000      -38.318357421588288      -38.318357421588291        0.000000000000003
        0.733333333333333        0.433333333333333      -45.331103545384941      -45.331103545384943        0.000000000000003
        0.766666666666667        0.466666666666667      -45.331103545384946      -45.331103545384954        0.000000000000008
        0.700000000000000        0.500000000000000      -27.095170376734953      -27.095170376734962        0.000000000000009
        0.733333333333333        0.533333333333333      -23.465105866120053      -23.465105866120063        0.000000000000010
        0.766666666666667        0.566666666666667      -13.547585188367485      -13.547585188367492        0.000000000000006
        0.700000000000000        0.600000000000000       -0.000000000000007       -0.000000000000006        0.000000000000001
        0.733333333333333        0.633333333333333       12.146432586997489       12.146432586997495        0.000000000000006
        0.766666666666667        0.666666666666667       26.171924834590786       26.171924834590794        0.000000000000008
        0.700000000000000        0.700000000000000       27.095170376734943       27.095170376734948        0.000000000000005
        0.733333333333333        0.733333333333333       40.642755565102422       40.642755565102426        0.000000000000004
        0.766666666666667        0.766666666666667       50.560276242854998       50.560276242855006        0.000000000000008
        0.700000000000000        0.800000000000000       38.318357421588288       38.318357421588296        0.000000000000008
        0.733333333333333        0.833333333333333       45.331103545384942       45.331103545384949        0.000000000000007
        0.766666666666667        0.866666666666667       45.331103545384949       45.331103545384951        0.000000000000002
        0.700000000000000        0.900000000000000       27.095170376734956       27.095170376734952        0.000000000000004
        0.733333333333333        0.933333333333333       23.465105866120058       23.465105866120047        0.000000000000011
        0.766666666666667        0.966666666666667       13.547585188367491       13.547585188367482        0.000000000000009
        0.700000000000000        1.000000000000000        0.000000000000012        0.000000000000012        0.000000000000000
        0.733333333333333        1.033333333333333      -12.146432586997483      -12.146432586997475        0.000000000000009
        0.766666666666667        1.066666666666667      -26.171924834590780      -26.171924834590768        0.000000000000012
        0.800000000000000        0.000000000000000       54.190340753469909       54.190340753469946        0.000000000000037
        0.833333333333333        0.033333333333333       50.560276242855008       50.560276242855035        0.000000000000027
        0.866666666666667        0.066666666666667       40.642755565102439       40.642755565102440        0.000000000000002
        0.800000000000000        0.100000000000000       38.318357421588297       38.318357421588287        0.000000000000010
        0.833333333333333        0.133333333333333       26.171924834590800       26.171924834590782        0.000000000000018
        0.866666666666667        0.166666666666667       12.146432586997504       12.146432586997490        0.000000000000014
        0.800000000000000        0.200000000000000        0.000000000000003        0.000000000000000        0.000000000000003
        0.833333333333333        0.233333333333333      -13.547585188367475      -13.547585188367470        0.000000000000005
        0.866666666666667        0.266666666666667      -23.465105866120050      -23.465105866120042        0.000000000000008
        0.800000000000000        0.300000000000000      -38.318357421588293      -38.318357421588292        0.000000000000001
        0.833333333333333        0.333333333333333      -45.331103545384945      -45.331103545384948        0.000000000000003
        0.866666666666667        0.366666666666667      -45.331103545384950      -45.331103545384948        0.000000000000002
        0.800000000000000        0.400000000000000      -54.190340753469909      -54.190340753469915        0.000000000000005
        0.833333333333333        0.433333333333333      -50.560276242855010      -50.560276242855015        0.000000000000006
        0.866666666666667        0.466666666666667      -40.642755565102442      -40.642755565102445        0.000000000000003
        0.800000000000000        0.500000000000000      -38.318357421588302      -38.318357421588316        0.000000000000014
        0.833333333333333        0.533333333333333      -26.171924834590806      -26.171924834590818        0.000000000000012
        0.866666666666667        0.566666666666667      -12.146432586997509      -12.146432586997514        0.000000000000004
        0.800000000000000        0.600000000000000       -0.000000000000010       -0.000000000000008        0.000000000000002
        0.833333333333333        0.633333333333333       13.547585188367469       13.547585188367476        0.000000000000007
        0.866666666666667        0.666666666666667       23.465105866120045       23.465105866120050        0.000000000000005
        0.800000000000000        0.700000000000000       38.318357421588288       38.318357421588296        0.000000000000008
        0.833333333333333        0.733333333333333       45.331103545384942       45.331103545384949        0.000000000000007
        0.866666666666667        0.766666666666667       45.331103545384949       45.331103545384951        0.000000000000002
        0.800000000000000        0.800000000000000       54.190340753469909       54.190340753469922        0.000000000000013
        0.833333333333333        0.833333333333333       50.560276242855011       50.560276242855022        0.000000000000010
        0.866666666666667        0.866666666666667       40.642755565102445       40.642755565102443        0.000000000000002
        0.800000000000000        0.900000000000000       38.318357421588307       38.318357421588301        0.000000000000005
        0.833333333333333        0.933333333333333       26.171924834590812       26.171924834590800        0.000000000000011
        0.866666666666667        0.966666666666667       12.146432586997515       12.146432586997505        0.000000000000009
        0.800000000000000        1.000000000000000        0.000000000000017        0.000000000000017        0.000000000000000
        0.833333333333333        1.033333333333333      -13.547585188367462      -13.547585188367453        0.000000000000009
        0.866666666666667        1.066666666666667      -23.465105866120040      -23.465105866120027        0.000000000000013
        0.900000000000000        0.000000000000000       38.318357421588307       38.318357421588318        0.000000000000012
        0.933333333333333        0.033333333333333       26.171924834590810       26.171924834590807        0.000000000000003
        0.966666666666667        0.066666666666667       12.146432586997513       12.146432586997505        0.000000000000008
        0.900000000000000        0.100000000000000       27.095170376734963       27.095170376734945        0.000000000000018
        0.933333333333333        0.133333333333333       13.547585188367485       13.547585188367467        0.000000000000018
        0.966666666666667        0.166666666666667        3.630064510614910        3.630064510614903        0.000000000000007
        0.900000000000000        0.200000000000000        0.000000000000002        0.000000000000000        0.000000000000002
        0.933333333333333        0.233333333333333       -7.012746123796650       -7.012746123796643        0.000000000000007
        0.966666666666667        0.266666666666667       -7.012746123796655       -7.012746123796648        0.000000000000008
        0.900000000000000        0.300000000000000      -27.095170376734960      -27.095170376734949        0.000000000000011
        0.933333333333333        0.333333333333333      -23.465105866120060      -23.465105866120047        0.000000000000013
        0.966666666666667        0.366666666666667      -13.547585188367492      -13.547585188367481        0.000000000000010
        0.900000000000000        0.400000000000000      -38.318357421588307      -38.318357421588296        0.000000000000011
        0.933333333333333        0.433333333333333      -26.171924834590811      -26.171924834590797        0.000000000000014
        0.966666666666667        0.466666666666667      -12.146432586997514      -12.146432586997506        0.000000000000008
        0.900000000000000        0.500000000000000      -27.095170376734966      -27.095170376734966        0.000000000000000
        0.933333333333333        0.533333333333333      -13.547585188367488      -13.547585188367486        0.000000000000002
        0.966666666666667        0.566666666666667       -3.630064510614911       -3.630064510614910        0.000000000000001
        0.900000000000000        0.600000000000000       -0.000000000000007       -0.000000000000006        0.000000000000001
        0.933333333333333        0.633333333333333        7.012746123796647        7.012746123796647        0.000000000000001
        0.966666666666667        0.666666666666667        7.012746123796654        7.012746123796650        0.000000000000004
        0.900000000000000        0.700000000000000       27.095170376734956       27.095170376734952        0.000000000000004
        0.933333333333333        0.733333333333333       23.465105866120058       23.465105866120047        0.000000000000011
        0.966666666666667        0.766666666666667       13.547585188367491       13.547585188367482        0.000000000000009
        0.900000000000000        0.800000000000000       38.318357421588307       38.318357421588301        0.000000000000005
        0.933333333333333        0.833333333333333       26.171924834590812       26.171924834590800        0.000000000000011
        0.966666666666667        0.866666666666667       12.146432586997515       12.146432586997505        0.000000000000009
        0.900000000000000        0.900000000000000       27.095170376734970       27.095170376734956        0.000000000000014
        0.933333333333333        0.933333333333333       13.547585188367491       13.547585188367476        0.000000000000014
        0.966666666666667        0.966666666666667        3.630064510614913        3.630064510614907        0.000000000000005
        0.900000000000000        1.000000000000000        0.000000000000012        0.000000000000012        0.000000000000000
        0.933333333333333        1.033333333333333       -7.012746123796644       -7.012746123796635        0.000000000000009
        0.966666666666667        1.066666666666667       -7.012746123796652       -7.012746123796643        0.000000000000009
        1.000000000000000        0.000000000000000        0.000000000000017        0.000000000000017        0.000000000000000
        1.033333333333333        0.033333333333333      -13.547585188367461      -13.547585188367457        0.000000000000004
        1.066666666666667        0.066666666666667      -23.465105866120037      -23.465105866120026        0.000000000000011
        1.000000000000000        0.100000000000000        0.000000000000012        0.000000000000012        0.000000000000000
        1.033333333333333        0.133333333333333       -7.012746123796641       -7.012746123796630        0.000000000000011
        1.066666666666667        0.166666666666667       -7.012746123796646       -7.012746123796635        0.000000000000011
        1.000000000000000        0.200000000000000        0.000000000000000        0.000000000000000        0.000000000000000
        1.033333333333333        0.233333333333333        3.630064510614900        3.630064510614895        0.000000000000004
        1.066666666666667        0.266666666666667       13.547585188367468       13.547585188367456        0.000000000000011
        1.000000000000000        0.300000000000000       -0.000000000000012       -0.000000000000012        0.000000000000000
        1.033333333333333        0.333333333333333       12.146432586997484       12.146432586997475        0.000000000000010
        1.066666666666667        0.366666666666667       26.171924834590781       26.171924834590767        0.000000000000014
        1.000000000000000        0.400000000000000       -0.000000000000017       -0.000000000000017        0.000000000000000
        1.033333333333333        0.433333333333333       13.547585188367462       13.547585188367452        0.000000000000010
        1.066666666666667        0.466666666666667       23.465105866120038       23.465105866120028        0.000000000000010
        1.000000000000000        0.500000000000000       -0.000000000000012       -0.000000000000012        0.000000000000000
        1.033333333333333        0.533333333333333        7.012746123796642        7.012746123796640        0.000000000000003
        1.066666666666667        0.566666666666667        7.012746123796649        7.012746123796648        0.000000000000001
        1.000000000000000        0.600000000000000       -0.000000000000000       -0.000000000000000        0.000000000000000
        1.033333333333333        0.633333333333333       -3.630064510614898       -3.630064510614897        0.000000000000001
        1.066666666666667        0.666666666666667      -13.547585188367465      -13.547585188367461        0.000000000000004
        1.000000000000000        0.700000000000000        0.000000000000012        0.000000000000012        0.000000000000000
        1.033333333333333        0.733333333333333      -12.146432586997483      -12.146432586997475        0.000000000000009
        1.066666666666667        0.766666666666667      -26.171924834590780      -26.171924834590768        0.000000000000012
        1.000000000000000        0.800000000000000        0.000000000000017        0.000000000000017        0.000000000000000
        1.033333333333333        0.833333333333333      -13.547585188367462      -13.547585188367453        0.000000000000009
        1.066666666666667        0.866666666666667      -23.465105866120040      -23.465105866120027        0.000000000000013
        1.000000000000000        0.900000000000000        0.000000000000012        0.000000000000012        0.000000000000000
        1.033333333333333        0.933333333333333       -7.012746123796644       -7.012746123796635        0.000000000000009
        1.066666666666667        0.966666666666667       -7.012746123796652       -7.012746123796643        0.000000000000009
        1.000000000000000        1.000000000000000        0.000000000000000        0.000000000000000        0.000000000000000
        1.033333333333333        1.033333333333333        3.630064510614896        3.630064510614891        0.000000000000005
        1.066666666666667        1.066666666666667       13.547585188367462       13.547585188367448        0.000000000000014
