        0.000000000000000        0.000000000000000       53.492893960201753       53.492893960201813        0.000000000000060
        0.033333333333333        0.033333333333333       49.909549525841818       49.909549525841860        0.000000000000042
        0.066666666666667        0.066666666666667       40.119670470151316       40.119670470151321        0.000000000000005
        0.000000000000000        0.100000000000000       37.825188064551572       37.825188064551578        0.000000000000006
        0.033333333333333        0.133333333333333       25.835083899550696       25.835083899550687        0.000000000000010
        0.066666666666667        0.166666666666667       11.990104165000879       11.990104165000866        0.000000000000012
        0.000000000000000        0.200000000000000        0.000000000000003        0.000000000000000        0.000000000000003
        0.033333333333333        0.233333333333333      -13.373223490050435      -13.373223490050434        0.000000000000000
        0.066666666666667        0.266666666666667      -23.163102545740938      -23.163102545740932        0.000000000000006
        0.000000000000000        0.300000000000000      -37.825188064551567      -37.825188064551583        0.000000000000016
        0.033333333333333        0.333333333333333      -44.747677931826477      -44.747677931826494        0.000000000000017
        0.066666666666667        0.366666666666667      -44.747677931826479      -44.747677931826481        0.000000000000002
        0.000000000000000        0.400000000000000      -53.492893960201753      -53.492893960201782        0.000000000000029
        0.033333333333333        0.433333333333333      -49.909549525841820      -49.909549525841841        0.000000000000022
        0.066666666666667        0.466666666666667      -40.119670470151319      -40.119670470151325        0.000000000000007
        0.000000000000000        0.500000000000000      -37.825188064551576      -37.825188064551607        0.000000000000031
        0.033333333333333        0.533333333333333      -25.835083899550702      -25.835083899550722        0.000000000000021
        0.066666666666667        0.566666666666667      -11.990104165000884      -11.990104165000890        0.000000000000005
        0.000000000000000        0.600000000000000       -0.000000000000010       -0.000000000000008        0.000000000000001
        0.033333333333333        0.633333333333333       13.373223490050429       13.373223490050440        0.000000000000012
        0.066666666666667        0.666666666666667       23.163102545740933       23.163102545740940        0.000000000000007
        0.000000000000000        0.700000000000000       37.825188064551563       37.825188064551587        0.000000000000025
        0.033333333333333        0.733333333333333       44.747677931826474       44.747677931826495        0.000000000000021
        0.066666666666667        0.766666666666667       44.747677931826477       44.747677931826484        0.000000000000006
        0.000000000000000        0.800000000000000       53.492893960201753       53.492893960201789        0.000000000000036
        0.033333333333333        0.833333333333333       49.909549525841821       49.909549525841848        0.000000000000026
        0.066666666666667        0.866666666666667       40.119670470151321       40.119670470151323        0.000000000000002
        0.000000000000000        0.900000000000000       37.825188064551581       37.825188064551593        0.000000000000011
        0.033333333333333        0.933333333333333       25.835083899550707       25.835083899550704        0.000000000000003
        0.066666666666667        0.966666666666667       11.990104165000890       11.990104165000881        0.000000000000008
        0.000000000000000        1.000000000000000        0.000000000000016        0.000000000000016        0.000000000000000
        0.033333333333333        1.033333333333333      -13.373223490050423      -13.373223490050418        0.000000000000004
        0.066666666666667        1.066666666666667      -23.163102545740928      -23.163102545740918        0.000000000000011
        0.100000000000000        0.000000000000000       37.825188064551572       37.825188064551578        0.000000000000006
        0.133333333333333        0.033333333333333       25.835083899550696       25.835083899550687        0.000000000000010
        0.166666666666667        0.066666666666667       11.990104165000879       11.990104165000866        0.000000000000012
        0.100000000000000        0.100000000000000       26.746446980100878       26.746446980100857        0.000000000000021
        0.133333333333333        0.133333333333333       13.373223490050440       13.373223490050419        0.000000000000021
        0.166666666666667        0.166666666666667        3.583344434359937        3.583344434359929        0.000000000000008
        0.100000000000000        0.200000000000000        0.000000000000002        0.000000000000000        0.000000000000002
        0.133333333333333        0.233333333333333       -6.922489867274908       -6.922489867274899        0.000000000000009
        0.166666666666667        0.266666666666667       -6.922489867274909       -6.922489867274899        0.000000000000010
        0.100000000000000        0.300000000000000      -26.746446980100875      -26.746446980100861        0.000000000000014
        0.133333333333333        0.333333333333333      -23.163102545740942      -23.163102545740922        0.000000000000020
        0.166666666666667        0.366666666666667      -13.373223490050440      -13.373223490050425        0.000000000000015
        0.100000000000000        0.400000000000000      -37.825188064551572      -37.825188064551556        0.000000000000016
        0.133333333333333        0.433333333333333      -25.835083899550697      -25.835083899550677        0.000000000000020
        0.166666666666667        0.466666666666667      -11.990104165000880      -11.990104165000868        0.000000000000012
        0.100000000000000        0.500000000000000      -26.746446980100881      -26.746446980100878        0.000000000000004
        0.133333333333333        0.533333333333333      -13.373223490050443      -13.373223490050437        0.000000000000006
        0.166666666666667        0.566666666666667       -3.583344434359938       -3.583344434359936        0.000000000000003
        0.100000000000000        0.600000000000000       -0.000000000000007       -0.000000000000006        0.000000000000001
        0.133333333333333        0.633333333333333        6.922489867274905        6.922489867274902        0.000000000000002
        0.166666666666667        0.666666666666667        6.922489867274908        6.922489867274902        0.000000000000006
        0.100000000000000        0.700000000000000       26.746446980100872       26.746446980100864        0.000000000000008
        0.133333333333333        0.733333333333333       23.163102545740940       23.163102545740923        0.000000000000017
        0.166666666666667        0.766666666666667       13.373223490050440       13.373223490050426        0.000000000000014
        0.100000000000000        0.800000000000000       37.825188064551572       37.825188064551562        0.000000000000010
        0.133333333333333        0.833333333333333       25.835083899550698       25.835083899550680        0.000000000000018
        0.166666666666667        0.866666666666667       11.990104165000880       11.990104165000867        0.000000000000014
        0.100000000000000        0.900000000000000       26.746446980100885       26.746446980100867        0.000000000000017
        0.133333333333333        0.933333333333333       13.373223490050446       13.373223490050428        0.000000000000018
        0.166666666666667        0.966666666666667        3.583344434359940        3.583344434359933        0.000000000000007
        0.100000000000000        1.000000000000000        0.000000000000012        0.000000000000012        0.000000000000000
        0.133333333333333        1.033333333333333       -6.922489867274901       -6.922489867274891        0.000000000000011
        0.166666666666667        1.066666666666667       -6.922489867274906       -6.922489867274895        0.000000000000011
        0.200000000000000        0.000000000000000        0.000000000000003        0.000000000000000        0.000000000000003
        0.233333333333333        0.033333333333333      -13.373223490050435      -13.373223490050434        0.000000000000000
        0.266666666666667        0.066666666666667      -23.163102545740938      -23.163102545740932        0.000000000000006
        0.200000000000000        0.100000000000000        0.000000000000002        0.000000000000000        0.000000000000002
        0.233333333333333        0.133333333333333       -6.922489867274908       -6.922489867274899        0.000000000000009
        0.266666666666667        0.166666666666667       -6.922489867274909       -6.922489867274899        0.000000000000010
        0.200000000000000        0.200000000000000        0.000000000000000       -0.000000000000000        0.000000000000000
        0.233333333333333        0.233333333333333        3.583344434359933        3.583344434359930        0.000000000000003
        0.266666666666667        0.266666666666667       13.373223490050435       13.373223490050426        0.000000000000008
        0.200000000000000        0.300000000000000       -0.000000000000002       -0.000000000000000        0.000000000000002
        0.233333333333333        0.333333333333333       11.990104165000872       11.990104165000866        0.000000000000006
        0.266666666666667        0.366666666666667       25.835083899550690       25.835083899550681        0.000000000000009
        0.200000000000000        0.400000000000000       -0.000000000000003       -0.000000000000000        0.000000000000003
        0.233333333333333        0.433333333333333       13.373223490050435       13.373223490050429        0.000000000000006
        0.266666666666667        0.466666666666667       23.163102545740940       23.163102545740935        0.000000000000005
        0.200000000000000        0.500000000000000       -0.000000000000002       -0.000000000000000        0.000000000000002
        0.233333333333333        0.533333333333333        6.922489867274909        6.922489867274909        0.000000000000001
        0.266666666666667        0.566666666666667        6.922489867274913        6.922489867274913        0.000000000000001
        0.200000000000000        0.600000000000000       -0.000000000000000       -0.000000000000000        0.000000000000000
        0.233333333333333        0.633333333333333       -3.583344434359932       -3.583344434359932        0.000000000000000
        0.266666666666667        0.666666666666667      -13.373223490050432      -13.373223490050431        0.000000000000001
        0.200000000000000        0.700000000000000        0.000000000000002        0.000000000000000        0.000000000000002
        0.233333333333333        0.733333333333333      -11.990104165000872      -11.990104165000867        0.000000000000005
        0.266666666666667        0.766666666666667      -25.835083899550689      -25.835083899550683        0.000000000000006
        0.200000000000000        0.800000000000000        0.000000000000003        0.000000000000000        0.000000000000003
        0.233333333333333        0.833333333333333      -13.373223490050436      -13.373223490050431        0.000000000000005
        0.266666666666667        0.866666666666667      -23.163102545740942      -23.163102545740934        0.000000000000008
        0.200000000000000        0.900000000000000        0.000000000000002        0.000000000000000        0.000000000000002
        0.233333333333333        0.933333333333333       -6.922489867274911       -6.922489867274904        0.000000000000007
        0.266666666666667        0.966666666666667       -6.922489867274916       -6.922489867274908        0.000000000000007
        0.200000000000000        1.000000000000000        0.000000000000000        0.000000000000000        0.000000000000000
        0.233333333333333        1.033333333333333        3.583344434359930        3.583344434359926        0.000000000000004
        0.266666666666667        1.066666666666667       13.373223490050429       13.373223490050417        0.000000000000011
        0.300000000000000        0.000000000000000      -37.825188064551567      -37.825188064551583        0.000000000000016
        0.333333333333333        0.033333333333333      -44.747677931826477      -44.747677931826494        0.000000000000017
        0.366666666666667        0.066666666666667      -44.747677931826479      -44.747677931826481        0.000000000000002
        0.300000000000000        0.100000000000000      -26.746446980100875      -26.746446980100861        0.000000000000014
        0.333333333333333        0.133333333333333      -23.163102545740942      -23.163102545740922        0.000000000000020
        0.366666666666667        0.166666666666667      -13.373223490050440      -13.373223490050425        0.000000000000015
        0.300000000000000        0.200000000000000       -0.000000000000002       -0.000000000000000        0.000000000000002
        0.333333333333333        0.233333333333333       11.990104165000872       11.990104165000866        0.000000000000006
        0.366666666666667        0.266666666666667       25.835083899550690       25.835083899550681        0.000000000000009
        0.300000000000000        0.300000000000000       26.746446980100872       26.746446980100864        0.000000000000008
        0.333333333333333        0.333333333333333       40.119670470151310       40.119670470151307        0.000000000000003
        0.366666666666667        0.366666666666667       49.909549525841815       49.909549525841813        0.000000000000002
        0.300000000000000        0.400000000000000       37.825188064551567       37.825188064551561        0.000000000000006
        0.333333333333333        0.433333333333333       44.747677931826479       44.747677931826477        0.000000000000002
        0.366666666666667        0.466666666666667       44.747677931826482       44.747677931826486        0.000000000000004
        0.300000000000000        0.500000000000000       26.746446980100878       26.746446980100881        0.000000000000003
        0.333333333333333        0.533333333333333       23.163102545740946       23.163102545740954        0.000000000000008
        0.366666666666667        0.566666666666667       13.373223490050447       13.373223490050452        0.000000000000005
        0.300000000000000        0.600000000000000        0.000000000000007        0.000000000000006        0.000000000000001
        0.333333333333333        0.633333333333333      -11.990104165000867      -11.990104165000872        0.000000000000005
        0.366666666666667        0.666666666666667      -25.835083899550684      -25.835083899550690        0.000000000000006
        0.300000000000000        0.700000000000000      -26.746446980100868      -26.746446980100867        0.000000000000001
        0.333333333333333        0.733333333333333      -40.119670470151307      -40.119670470151308        0.000000000000000
        0.366666666666667        0.766666666666667      -49.909549525841813      -49.909549525841816        0.000000000000003
        0.300000000000000        0.800000000000000      -37.825188064551567      -37.825188064551566        0.000000000000001
        0.333333333333333        0.833333333333333      -44.747677931826480      -44.747677931826483        0.000000000000003
        0.366666666666667        0.866666666666667      -44.747677931826485      -44.747677931826483        0.000000000000002
        0.300000000000000        0.900000000000000      -26.746446980100881      -26.746446980100871        0.000000000000011
        0.333333333333333        0.933333333333333      -23.163102545740951      -23.163102545740938        0.000000000000013
        0.366666666666667        0.966666666666667      -13.373223490050453      -13.373223490050442        0.000000000000010
        0.300000000000000        1.000000000000000       -0.000000000000012       -0.000000000000012        0.000000000000000
        0.333333333333333        1.033333333333333       11.990104165000861       11.990104165000852        0.000000000000010
        0.366666666666667        1.066666666666667       25.835083899550679       25.835083899550665        0.000000000000014
        0.400000000000000        0.000000000000000      -53.492893960201753      -53.492893960201782        0.000000000000029
        0.433333333333333        0.033333333333333      -49.909549525841820      -49.909549525841841        0.000000000000022
        0.466666666666667        0.066666666666667      -40.119670470151319      -40.119670470151325        0.000000000000007
        0.400000000000000        0.100000000000000      -37.825188064551572      -37.825188064551556        0.000000000000016
        0.433333333333333        0.133333333333333      -25.835083899550697      -25.835083899550677        0.000000000000020
        0.466666666666667        0.166666666666667      -11.990104165000880      -11.990104165000868        0.000000000000012
        0.400000000000000        0.200000000000000       -0.000000000000003       -0.000000000000000        0.000000000000003
        0.433333333333333        0.233333333333333       13.373223490050435       13.373223490050429        0.000000000000006
        0.466666666666667        0.266666666666667       23.163102545740940       23.163102545740935        0.000000000000005
        0.400000000000000        0.300000000000000       37.825188064551567       37.825188064551561        0.000000000000006
        0.433333333333333        0.333333333333333       44.747677931826479       44.747677931826477        0.000000000000002
        0.466666666666667        0.366666666666667       44.747677931826482       44.747677931826486        0.000000000000004
        0.400000000000000        0.400000000000000       53.492893960201753       53.492893960201751        0.000000000000002
        0.433333333333333        0.433333333333333       49.909549525841821       49.909549525841822        0.000000000000001
        0.466666666666667        0.466666666666667       40.119670470151321       40.119670470151330        0.000000000000009
        0.400000000000000        0.500000000000000       37.825188064551576       37.825188064551585        0.000000000000009
        0.433333333333333        0.533333333333333       25.835083899550703       25.835083899550712        0.000000000000010
        0.466666666666667        0.566666666666667       11.990104165000885       11.990104165000891        0.000000000000006
        0.400000000000000        0.600000000000000        0.000000000000010        0.000000000000008        0.000000000000001
        0.433333333333333        0.633333333333333      -13.373223490050429      -13.373223490050435        0.000000000000006
        0.466666666666667        0.666666666666667      -23.163102545740935      -23.163102545740943        0.000000000000008
        0.400000000000000        0.700000000000000      -37.825188064551563      -37.825188064551565        0.000000000000003
        0.433333333333333        0.733333333333333      -44.747677931826476      -44.747677931826478        0.000000000000003
        0.466666666666667        0.766666666666667      -44.747677931826481      -44.747677931826489        0.000000000000008
        0.400000000000000        0.800000000000000      -53.492893960201753      -53.492893960201758        0.000000000000005
        0.433333333333333        0.833333333333333      -49.909549525841823      -49.909549525841829        0.000000000000006
        0.466666666666667        0.866666666666667      -40.119670470151324      -40.119670470151328        0.000000000000003
        0.400000000000000        0.900000000000000      -37.825188064551581      -37.825188064551571        0.000000000000011
        0.433333333333333        0.933333333333333      -25.835083899550708      -25.835083899550695        0.000000000000013
        0.466666666666667        0.966666666666667      -11.990104165000891      -11.990104165000883        0.000000000000008
        0.400000000000000        1.000000000000000       -0.000000000000016       -0.000000000000016        0.000000000000000
        0.433333333333333        1.033333333333333       13.373223490050423       13.373223490050413        0.000000000000010
        0.466666666666667        1.066666666666667       23.163102545740930       23.163102545740920        0.000000000000010
        0.500000000000000        0.000000000000000      -37.825188064551576      -37.825188064551607        0.000000000000031
        0.533333333333333        0.033333333333333      -25.835083899550702      -25.835083899550722        0.000000000000021
        0.566666666666667        0.066666666666667      -11.990104165000884      -11.990104165000890        0.000000000000005
        0.500000000000000        0.100000000000000      -26.746446980100881      -26.746446980100878        0.000000000000004
        0.533333333333333        0.133333333333333      -13.373223490050443      -13.373223490050437        0.000000000000006
        0.566666666666667        0.166666666666667       -3.583344434359938       -3.583344434359936        0.000000000000003
        0.500000000000000        0.200000000000000       -0.000000000000002       -0.000000000000000        0.000000000000002
        0.533333333333333        0.233333333333333        6.922489867274909        6.922489867274909        0.000000000000001
        0.566666666666667        0.266666666666667        6.922489867274913        6.922489867274913        0.000000000000001
        0.500000000000000        0.300000000000000       26.746446980100878       26.746446980100881        0.000000000000003
        0.533333333333333        0.333333333333333       23.163102545740946       23.163102545740954        0.000000000000008
        0.566666666666667        0.366666666666667       13.373223490050447       13.373223490050452        0.000000000000005
        0.500000000000000        0.400000000000000       37.825188064551576       37.825188064551585        0.000000000000009
        0.533333333333333        0.433333333333333       25.835083899550703       25.835083899550712        0.000000000000010
        0.566666666666667        0.466666666666667       11.990104165000885       11.990104165000891        0.000000000000006
        0.500000000000000        0.500000000000000       26.746446980100885       26.746446980100898        0.000000000000013
        0.533333333333333        0.533333333333333       13.373223490050446       13.373223490050456        0.000000000000010
        0.566666666666667        0.566666666666667        3.583344434359940        3.583344434359943        0.000000000000003
        0.500000000000000        0.600000000000000        0.000000000000007        0.000000000000006        0.000000000000001
        0.533333333333333        0.633333333333333       -6.922489867274906       -6.922489867274912        0.000000000000006
        0.566666666666667        0.666666666666667       -6.922489867274911       -6.922489867274915        0.000000000000004
        0.500000000000000        0.700000000000000      -26.746446980100875      -26.746446980100884        0.000000000000009
        0.533333333333333        0.733333333333333      -23.163102545740945      -23.163102545740955        0.000000000000010
        0.566666666666667        0.766666666666667      -13.373223490050446      -13.373223490050452        0.000000000000006
        0.500000000000000        0.800000000000000      -37.825188064551576      -37.825188064551590        0.000000000000014
        0.533333333333333        0.833333333333333      -25.835083899550703      -25.835083899550716        0.000000000000012
        0.566666666666667        0.866666666666667      -11.990104165000886      -11.990104165000890        0.000000000000004
        0.500000000000000        0.900000000000000      -26.746446980100888      -26.746446980100888        0.000000000000000
        0.533333333333333        0.933333333333333      -13.373223490050449      -13.373223490050447        0.000000000000002
        0.566666666666667        0.966666666666667       -3.583344434359942       -3.583344434359940        0.000000000000001
        0.500000000000000        1.000000000000000       -0.000000000000012       -0.000000000000012        0.000000000000000
        0.533333333333333        1.033333333333333        6.922489867274903        6.922489867274900        0.000000000000003
        0.566666666666667        1.066666666666667        6.922489867274910        6.922489867274909        0.000000000000001
        0.600000000000000        0.000000000000000       -0.000000000000010       -0.000000000000008        0.000000000000001
        0.633333333333333        0.033333333333333       13.373223490050429       13.373223490050440        0.000000000000012
        0.666666666666667        0.066666666666667       23.163102545740933       23.163102545740940        0.000000000000007
        0.600000000000000        0.100000000000000       -0.000000000000007       -0.000000000000006        0.000000000000001
        0.633333333333333        0.133333333333333        6.922489867274905        6.922489867274902        0.000000000000002
        0.666666666666667        0.166666666666667        6.922489867274908        6.922489867274902        0.000000000000006
        0.600000000000000        0.200000000000000       -0.000000000000000       -0.000000000000000        0.000000000000000
        0.633333333333333        0.233333333333333       -3.583344434359932       -3.583344434359932        0.000000000000000
        0.666666666666667        0.266666666666667      -13.373223490050432      -13.373223490050431        0.000000000000001
        0.600000000000000        0.300000000000000        0.000000000000007        0.000000000000006        0.000000000000001
        0.633333333333333        0.333333333333333      -11.990104165000867      -11.990104165000872        0.000000000000005
        0.666666666666667        0.366666666666667      -25.835083899550684      -25.835083899550690        0.000000000000006
        0.600000000000000        0.400000000000000        0.000000000000010        0.000000000000008        0.000000000000001
        0.633333333333333        0.433333333333333      -13.373223490050429      -13.373223490050435        0.000000000000006
        0.666666666666667        0.466666666666667      -23.163102545740935      -23.163102545740943        0.000000000000008
        0.600000000000000        0.500000000000000        0.000000000000007        0.000000000000006        0.000000000000001
        0.633333333333333        0.533333333333333       -6.922489867274906       -6.922489867274912        0.000000000000006
        0.666666666666667        0.566666666666667       -6.922489867274911       -6.922489867274915        0.000000000000004
        0.600000000000000        0.600000000000000        0.000000000000000        0.000000000000000        0.000000000000000
        0.633333333333333        0.633333333333333        3.583344434359930        3.583344434359933        0.000000000000003
        0.666666666666667        0.666666666666667       13.373223490050429       13.373223490050435        0.000000000000006
        0.600000000000000        0.700000000000000       -0.000000000000007       -0.000000000000006        0.000000000000001
        0.633333333333333        0.733333333333333       11.990104165000866       11.990104165000872        0.000000000000006
        0.666666666666667        0.766666666666667       25.835083899550684       25.835083899550692        0.000000000000008
        0.600000000000000        0.800000000000000       -0.000000000000010       -0.000000000000008        0.000000000000001
        0.633333333333333        0.833333333333333       13.373223490050430       13.373223490050437        0.000000000000007
        0.666666666666667        0.866666666666667       23.163102545740937       23.163102545740942        0.000000000000005
        0.600000000000000        0.900000000000000       -0.000000000000007       -0.000000000000006        0.000000000000001
        0.633333333333333        0.933333333333333        6.922489867274907        6.922489867274907        0.000000000000001
        0.666666666666667        0.966666666666667        6.922489867274914        6.922489867274911        0.000000000000004
        0.600000000000000        1.000000000000000       -0.000000000000000       -0.000000000000000        0.000000000000000
        0.633333333333333        1.033333333333333       -3.583344434359928       -3.583344434359927        0.000000000000001
        0.666666666666667        1.066666666666667      -13.373223490050426      -13.373223490050422        0.000000000000004
        0.700000000000000        0.000000000000000       37.825188064551563       37.825188064551587        0.000000000000025
        0.733333333333333        0.033333333333333       44.747677931826474       44.747677931826495        0.000000000000021
        0.766666666666667        0.066666666666667       44.747677931826477       44.747677931826484        0.000000000000006
        0.700000000000000        0.100000000000000       26.746446980100872       26.746446980100864        0.000000000000008
        0.733333333333333        0.133333333333333       23.163102545740940       23.163102545740923        0.000000000000017
        0.766666666666667        0.166666666666667       13.373223490050440       13.373223490050426        0.000000000000014
        0.700000000000000        0.200000000000000        0.000000000000002        0.000000000000000        0.000000000000002
        0.733333333333333        0.233333333333333      -11.990104165000872      -11.990104165000867        0.000000000000005
        0.766666666666667        0.266666666666667      -25.835083899550689      -25.835083899550683        0.000000000000006
        0.700000000000000        0.300000000000000      -26.746446980100868      -26.746446980100867        0.000000000000001
        0.733333333333333        0.333333333333333      -40.119670470151307      -40.119670470151308        0.000000000000000
        0.766666666666667        0.366666666666667      -49.909549525841813      -49.909549525841816        0.000000000000003
        0.700000000000000        0.400000000000000      -37.825188064551563      -37.825188064551565        0.000000000000003
        0.733333333333333        0.433333333333333      -44.747677931826476      -44.747677931826478        0.000000000000003
        0.766666666666667        0.466666666666667      -44.747677931826481      -44.747677931826489        0.000000000000008
        0.700000000000000        0.500000000000000      -26.746446980100875      -26.746446980100884        0.000000000000009
        0.733333333333333        0.533333333333333      -23.163102545740945      -23.163102545740955        0.000000000000010
        0.766666666666667        0.566666666666667      -13.373223490050446      -13.373223490050452        0.000000000000006
        0.700000000000000        0.600000000000000       -0.000000000000007       -0.000000000000006        0.000000000000001
        0.733333333333333        0.633333333333333       11.990104165000866       11.990104165000872        0.000000000000006
        0.766666666666667        0.666666666666667       25.835083899550684       25.835083899550692        0.000000000000008
        0.700000000000000        0.700000000000000       26.746446980100865       26.746446980100870        0.000000000000005
        0.733333333333333        0.733333333333333       40.119670470151304       40.119670470151308        0.000000000000004
        0.766666666666667        0.766666666666667       49.909549525841812       49.909549525841819        0.000000000000008
        0.700000000000000        0.800000000000000       37.825188064551563       37.825188064551571        0.000000000000008
        0.733333333333333        0.833333333333333       44.747677931826477       44.747677931826484        0.000000000000007
        0.766666666666667        0.866666666666667       44.747677931826484       44.747677931826486        0.000000000000002
        0.700000000000000        0.900000000000000       26.746446980100878       26.746446980100874        0.000000000000004
        0.733333333333333        0.933333333333333       23.163102545740950       23.163102545740939        0.000000000000011
        0.766666666666667        0.966666666666667       13.373223490050452       13.373223490050443        0.000000000000009
        0.700000000000000        1.000000000000000        0.000000000000012        0.000000000000012        0.000000000000000
        0.733333333333333        1.033333333333333      -11.990104165000861      -11.990104165000852        0.000000000000008
        0.766666666666667        1.066666666666667      -25.835083899550678      -25.835083899550666        0.000000000000012
        0.800000000000000        0.000000000000000       53.492893960201753       53.492893960201789        0.000000000000036
        0.833333333333333        0.033333333333333       49.909549525841821       49.909549525841848        0.000000000000026
        0.866666666666667        0.066666666666667       40.119670470151321       40.119670470151323        0.000000000000002
        0.800000000000000        0.100000000000000       37.825188064551572       37.825188064551562        0.000000000000010
        0.833333333333333        0.133333333333333       25.835083899550698       25.835083899550680        0.000000000000018
        0.866666666666667        0.166666666666667       11.990104165000880       11.990104165000867        0.000000000000014
        0.800000000000000        0.200000000000000        0.000000000000003        0.000000000000000        0.000000000000003
        0.833333333333333        0.233333333333333      -13.373223490050436      -13.373223490050431        0.000000000000005
        0.866666666666667        0.266666666666667      -23.163102545740942      -23.163102545740934        0.000000000000008
        0.800000000000000        0.300000000000000      -37.825188064551567      -37.825188064551566        0.000000000000001
        0.833333333333333        0.333333333333333      -44.747677931826480      -44.747677931826483        0.000000000000003
        0.866666666666667        0.366666666666667      -44.747677931826485      -44.747677931826483        0.000000000000002
        0.800000000000000        0.400000000000000      -53.492893960201753      -53.492893960201758        0.000000000000005
        0.833333333333333        0.433333333333333      -49.909549525841823      -49.909549525841829        0.000000000000006
        0.866666666666667        0.466666666666667      -40.119670470151324      -40.119670470151328        0.000000000000003
        0.800000000000000        0.500000000000000      -37.825188064551576      -37.825188064551590        0.000000000000014
        0.833333333333333        0.533333333333333      -25.835083899550703      -25.835083899550716        0.000000000000012
        0.866666666666667        0.566666666666667      -11.990104165000886      -11.990104165000890        0.000000000000004
        0.800000000000000        0.600000000000000       -0.000000000000010       -0.000000000000008        0.000000000000001
        0.833333333333333        0.633333333333333       13.373223490050430       13.373223490050437        0.000000000000007
        0.866666666666667        0.666666666666667       23.163102545740937       23.163102545740942        0.000000000000005
        0.800000000000000        0.700000000000000       37.825188064551563       37.825188064551571        0.000000000000008
        0.833333333333333        0.733333333333333       44.747677931826477       44.747677931826484        0.000000000000007
        0.866666666666667        0.766666666666667       44.747677931826484       44.747677931826486        0.000000000000002
        0.800000000000000        0.800000000000000       53.492893960201753       53.492893960201766        0.000000000000013
        0.833333333333333        0.833333333333333       49.909549525841825       49.909549525841835        0.000000000000010
        0.866666666666667        0.866666666666667       40.119670470151327       40.119670470151325        0.000000000000002
        0.800000000000000        0.900000000000000       37.825188064551581       37.825188064551576        0.000000000000005
        0.833333333333333        0.933333333333333       25.835083899550709       25.835083899550698        0.000000000000011
        0.866666666666667        0.966666666666667       11.990104165000891       11.990104165000882        0.000000000000009
        0.800000000000000        1.000000000000000        0.000000000000016        0.000000000000016        0.000000000000000
        0.833333333333333        1.033333333333333      -13.373223490050423      -13.373223490050415        0.000000000000009
        0.866666666666667        1.066666666666667      -23.163102545740932      -23.163102545740919        0.000000000000013
        0.900000000000000        0.000000000000000       37.825188064551581       37.825188064551593        0.000000000000011
        0.933333333333333        0.033333333333333       25.835083899550707       25.835083899550704        0.000000000000003
        0.966666666666667        0.066666666666667       11.990104165000890       11.990104165000881        0.000000000000008
        0.900000000000000        0.100000000000000       26.746446980100885       26.746446980100867        0.000000000000017
        0.933333333333333        0.133333333333333       13.373223490050446       13.373223490050428        0.000000000000018
        0.966666666666667        0.166666666666667        3.583344434359940        3.583344434359933        0.000000000000007
        0.900000000000000        0.200000000000000        0.000000000000002        0.000000000000000        0.000000000000002
        0.933333333333333        0.233333333333333       -6.922489867274911       -6.922489867274904        0.000000000000007
        0.966666666666667        0.266666666666667       -6.922489867274916       -6.922489867274908        0.000000000000007
        0.900000000000000        0.300000000000000      -26.746446980100881      -26.746446980100871        0.000000000000011
        0.933333333333333        0.333333333333333      -23.163102545740951      -23.163102545740938        0.000000000000013
        0.966666666666667        0.366666666666667      -13.373223490050453      -13.373223490050442        0.000000000000010
        0.900000000000000        0.400000000000000      -37.825188064551581      -37.825188064551571        0.000000000000011
        0.933333333333333        0.433333333333333      -25.835083899550708      -25.835083899550695        0.000000000000013
        0.966666666666667        0.466666666666667      -11.990104165000891      -11.990104165000883        0.000000000000008
        0.900000000000000        0.500000000000000      -26.746446980100888      -26.746446980100888        0.000000000000000
        0.933333333333333        0.533333333333333      -13.373223490050449      -13.373223490050447        0.000000000000002
        0.966666666666667        0.566666666666667       -3.583344434359942       -3.583344434359940        0.000000000000001
        0.900000000000000        0.600000000000000       -0.000000000000007       -0.000000000000006        0.000000000000001
        0.933333333333333        0.633333333333333        6.922489867274907        6.922489867274907        0.000000000000001
        0.966666666666667        0.666666666666667        6.922489867274914        6.922489867274911        0.000000000000004
        0.900000000000000        0.700000000000000       26.746446980100878       26.746446980100874        0.000000000000004
        0.933333333333333        0.733333333333333       23.163102545740950       23.163102545740939        0.000000000000011
        0.966666666666667        0.766666666666667       13.373223490050452       13.373223490050443        0.000000000000009
        0.900000000000000        0.800000000000000       37.825188064551581       37.825188064551576        0.000000000000005
        0.933333333333333        0.833333333333333       25.835083899550709       25.835083899550698        0.000000000000011
        0.966666666666667        0.866666666666667       11.990104165000891       11.990104165000882        0.000000000000009
        0.900000000000000        0.900000000000000       26.746446980100891       26.746446980100878        0.000000000000014
        0.933333333333333        0.933333333333333       13.373223490050451       13.373223490050437        0.000000000000014
        0.966666666666667        0.966666666666667        3.583344434359943        3.583344434359938        0.000000000000005
        0.900000000000000        1.000000000000000        0.000000000000012        0.000000000000012        0.000000000000000
        0.933333333333333        1.033333333333333       -6.922489867274904       -6.922489867274895        0.000000000000009
        0.966666666666667        1.066666666666667       -6.922489867274913       -6.922489867274904        0.000000000000009
        1.000000000000000        0.000000000000000        0.000000000000016        0.000000000000016        0.000000000000000
        1.033333333333333        0.033333333333333      -13.373223490050423      -13.373223490050418        0.000000000000004
        1.066666666666667        0.066666666666667      -23.163102545740928      -23.163102545740918        0.000000000000011
        1.000000000000000        0.100000000000000        0.000000000000012        0.000000000000012        0.000000000000000
        1.033333333333333        0.133333333333333       -6.922489867274901       -6.922489867274891        0.000000000000011
        1.066666666666667        0.166666666666667       -6.922489867274906       -6.922489867274895        0.000000000000011
        1.000000000000000        0.200000000000000        0.000000000000000        0.000000000000000        0.000000000000000
        1.033333333333333        0.233333333333333        3.583344434359930        3.583344434359926        0.000000000000004
        1.066666666666667        0.266666666666667       13.373223490050429       13.373223490050417        0.000000000000011
        1.000000000000000        0.300000000000000       -0.000000000000012       -0.000000000000012        0.000000000000000
        1.033333333333333        0.333333333333333       11.990104165000861       11.990104165000852        0.000000000000010
        1.066666666666667        0.366666666666667       25.835083899550679       25.835083899550665        0.000000000000014
        1.000000000000000        0.400000000000000       -0.000000000000016       -0.000000000000016        0.000000000000000
        1.033333333333333        0.433333333333333       13.373223490050423       13.373223490050413        0.000000000000010
        1.066666666666667        0.466666666666667       23.163102545740930       23.163102545740920        0.000000000000010
        1.000000000000000        0.500000000000000       -0.000000000000012       -0.000000000000012        0.000000000000000
        1.033333333333333        0.533333333333333        6.922489867274903        6.922489867274900        0.000000000000003
        1.066666666666667        0.566666666666667        6.922489867274910        6.922489867274909        0.000000000000001
        1.000000000000000        0.600000000000000       -0.000000000000000       -0.000000000000000        0.000000000000000
        1.033333333333333        0.633333333333333       -3.583344434359928       -3.583344434359927        0.000000000000001
        1.066666666666667        0.666666666666667      -13.373223490050426      -13.373223490050422        0.000000000000004
        1.000000000000000        0.700000000000000        0.000000000000012        0.000000000000012        0.000000000000000
        1.033333333333333        0.733333333333333      -11.990104165000861      -11.990104165000852        0.000000000000008
        1.066666666666667        0.766666666666667      -25.835083899550678      -25.835083899550666        0.000000000000012
        1.000000000000000        0.800000000000000        0.000000000000016        0.000000000000016        0.000000000000000
        1.033333333333333        0.833333333333333      -13.373223490050423      -13.373223490050415        0.000000000000009
        1.066666666666667        0.866666666666667      -23.163102545740932      -23.163102545740919        0.000000000000013
        1.000000000000000        0.900000000000000        0.000000000000012        0.000000000000012        0.000000000000000
        1.033333333333333        0.933333333333333       -6.922489867274904       -6.922489867274895        0.000000000000009
        1.066666666666667        0.966666666666667       -6.922489867274913       -6.922489867274904        0.000000000000009
        1.000000000000000        1.000000000000000        0.000000000000000        0.000000000000000        0.000000000000000
        1.033333333333333        1.033333333333333        3.583344434359927        3.583344434359921        0.000000000000005
        1.066666666666667        1.066666666666667       13.373223490050423       13.373223490050409        0.000000000000014
