        0.000000000000000        0.000000000000000       52.771861148256475       52.771861148256535        0.000000000000059
        0.033333333333333        0.033333333333333       49.236816753815810       49.236816753815852        0.000000000000042
        0.066666666666667        0.066666666666667       39.578895861192358       39.578895861192363        0.000000000000005
        0.000000000000000        0.100000000000000       37.315340873767061       37.315340873767068        0.000000000000006
        0.033333333333333        0.133333333333333       25.486851792220810       25.486851792220800        0.000000000000010
        0.066666666666667        0.166666666666667       11.828489081546255       11.828489081546242        0.000000000000012
        0.000000000000000        0.200000000000000        0.000000000000003        0.000000000000000        0.000000000000003
        0.033333333333333        0.233333333333333      -13.192965287064115      -13.192965287064115        0.000000000000000
        0.066666666666667        0.266666666666667      -22.850886179687569      -22.850886179687563        0.000000000000006
        0.000000000000000        0.300000000000000      -37.315340873767057      -37.315340873767072        0.000000000000016
        0.033333333333333        0.333333333333333      -44.144522229104336      -44.144522229104352        0.000000000000017
        0.066666666666667        0.366666666666667      -44.144522229104337      -44.144522229104339        0.000000000000002
        0.000000000000000        0.400000000000000      -52.771861148256475      -52.771861148256504        0.000000000000028
        0.033333333333333        0.433333333333333      -49.236816753815812      -49.236816753815833        0.000000000000021
        0.066666666666667        0.466666666666667      -39.578895861192360      -39.578895861192367        0.000000000000007
        0.000000000000000        0.500000000000000      -37.315340873767066      -37.315340873767096        0.000000000000030
        0.033333333333333        0.533333333333333      -25.486851792220815      -25.486851792220836        0.000000000000020
        0.066666666666667        0.566666666666667      -11.828489081546260      -11.828489081546265        0.000000000000005
        0.000000000000000        0.600000000000000       -0.000000000000010       -0.000000000000008        0.000000000000001
        0.033333333333333        0.633333333333333       13.192965287064109       13.192965287064121        0.000000000000011
        0.066666666666667        0.666666666666667       22.850886179687564       22.850886179687571        0.000000000000007
        0.000000000000000        0.700000000000000       37.315340873767052       37.315340873767077        0.000000000000024
        0.033333333333333        0.733333333333333       44.144522229104333       44.144522229104353        0.000000000000021
        0.066666666666667        0.766666666666667       44.144522229104336       44.144522229104342        0.000000000000006
        0.000000000000000        0.800000000000000       52.771861148256475       52.771861148256511        0.000000000000036
        0.033333333333333        0.833333333333333       49.236816753815813       49.236816753815839        0.000000000000026
        0.066666666666667        0.866666666666667       39.578895861192363       39.578895861192365        0.000000000000002
        0.000000000000000        0.900000000000000       37.315340873767070       37.315340873767082        0.000000000000011
        0.033333333333333        0.933333333333333       25.486851792220821       25.486851792220818        0.000000000000003
        0.066666666666667        0.966666666666667       11.828489081546265       11.828489081546257        0.000000000000008
        0.000000000000000        1.000000000000000        0.000000000000016        0.000000000000016        0.000000000000000
        0.033333333333333        1.033333333333333      -13.192965287064103      -13.192965287064099        0.000000000000004
        0.066666666666667        1.066666666666667      -22.850886179687559      -22.850886179687549        0.000000000000011
        0.100000000000000        0.000000000000000       37.315340873767061       37.315340873767068        0.000000000000006
        0.133333333333333        0.033333333333333       25.486851792220810       25.486851792220800        0.000000000000010
        0.166666666666667        0.066666666666667       11.828489081546255       11.828489081546242        0.000000000000012
        0.100000000000000        0.100000000000000       26.385930574128239       26.385930574128219        0.000000000000021
        0.133333333333333        0.133333333333333       13.192965287064121       13.192965287064100        0.000000000000021
        0.166666666666667        0.166666666666667        3.535044394440667        3.535044394440659        0.000000000000008
        0.100000000000000        0.200000000000000        0.000000000000002        0.000000000000000        0.000000000000002
        0.133333333333333        0.233333333333333       -6.829181355337277       -6.829181355337268        0.000000000000009
        0.166666666666667        0.266666666666667       -6.829181355337278       -6.829181355337269        0.000000000000010
        0.100000000000000        0.300000000000000      -26.385930574128236      -26.385930574128222        0.000000000000014
        0.133333333333333        0.333333333333333      -22.850886179687572      -22.850886179687553        0.000000000000019
        0.166666666666667        0.366666666666667      -13.192965287064121      -13.192965287064106        0.000000000000015
        0.100000000000000        0.400000000000000      -37.315340873767061      -37.315340873767046        0.000000000000015
        0.133333333333333        0.433333333333333      -25.486851792220811      -25.486851792220791        0.000000000000020
        0.166666666666667        0.466666666666667      -11.828489081546255      -11.828489081546244        0.000000000000012
        0.100000000000000        0.500000000000000      -26.385930574128243      -26.385930574128239        0.000000000000004
        0.133333333333333        0.533333333333333      -13.192965287064124      -13.192965287064118        0.000000000000006
        0.166666666666667        0.566666666666667       -3.535044394440669       -3.535044394440666        0.000000000000003
        0.100000000000000        0.600000000000000       -0.000000000000007       -0.000000000000006        0.000000000000001
        0.133333333333333        0.633333333333333        6.829181355337273        6.829181355337271        0.000000000000002
        0.166666666666667        0.666666666666667        6.829181355337277        6.829181355337271        0.000000000000006
        0.100000000000000        0.700000000000000       26.385930574128233       26.385930574128225        0.000000000000008
        0.133333333333333        0.733333333333333       22.850886179687571       22.850886179687554        0.000000000000017
        0.166666666666667        0.766666666666667       13.192965287064121       13.192965287064107        0.000000000000014
        0.100000000000000        0.800000000000000       37.315340873767061       37.315340873767051        0.000000000000010
        0.133333333333333        0.833333333333333       25.486851792220812       25.486851792220794        0.000000000000018
        0.166666666666667        0.866666666666667       11.828489081546256       11.828489081546243        0.000000000000013
        0.100000000000000        0.900000000000000       26.385930574128246       26.385930574128229        0.000000000000017
        0.133333333333333        0.933333333333333       13.192965287064126       13.192965287064109        0.000000000000018
        0.166666666666667        0.966666666666667        3.535044394440670        3.535044394440664        0.000000000000007
        0.100000000000000        1.000000000000000        0.000000000000011        0.000000000000011        0.000000000000000
        0.133333333333333        1.033333333333333       -6.829181355337270       -6.829181355337260        0.000000000000011
        0.166666666666667        1.066666666666667       -6.829181355337275       -6.829181355337264        0.000000000000011
        0.200000000000000        0.000000000000000        0.000000000000003        0.000000000000000        0.000000000000003
        0.233333333333333        0.033333333333333      -13.192965287064115      -13.192965287064115        0.000000000000000
        0.266666666666667        0.066666666666667      -22.850886179687569      -22.850886179687563        0.000000000000006
        0.200000000000000        0.100000000000000        0.000000000000002        0.000000000000000        0.000000000000002
        0.233333333333333        0.133333333333333       -6.829181355337277       -6.829181355337268        0.000000000000009
        0.266666666666667        0.166666666666667       -6.829181355337278       -6.829181355337269        0.000000000000010
        0.200000000000000        0.200000000000000        0.000000000000000       -0.000000000000000        0.000000000000000
        0.233333333333333        0.233333333333333        3.535044394440664        3.535044394440661        0.000000000000003
        0.266666666666667        0.266666666666667       13.192965287064115       13.192965287064107        0.000000000000008
        0.200000000000000        0.300000000000000       -0.000000000000002       -0.000000000000000        0.000000000000002
        0.233333333333333        0.333333333333333       11.828489081546248       11.828489081546242        0.000000000000006
        0.266666666666667        0.366666666666667       25.486851792220804       25.486851792220795        0.000000000000009
        0.200000000000000        0.400000000000000       -0.000000000000003       -0.000000000000000        0.000000000000003
        0.233333333333333        0.433333333333333       13.192965287064116       13.192965287064110        0.000000000000006
        0.266666666666667        0.466666666666667       22.850886179687571       22.850886179687566        0.000000000000005
        0.200000000000000        0.500000000000000       -0.000000000000002       -0.000000000000000        0.000000000000002
        0.233333333333333        0.533333333333333        6.829181355337278        6.829181355337277        0.000000000000001
        0.266666666666667        0.566666666666667        6.829181355337281        6.829181355337282        0.000000000000001
        0.200000000000000        0.600000000000000       -0.000000000000000       -0.000000000000000        0.000000000000000
        0.233333333333333        0.633333333333333       -3.535044394440662       -3.535044394440662        0.000000000000000
        0.266666666666667        0.666666666666667      -13.192965287064112      -13.192965287064111        0.000000000000001
        0.200000000000000        0.700000000000000        0.000000000000002        0.000000000000000        0.000000000000002
        0.233333333333333        0.733333333333333      -11.828489081546247      -11.828489081546243        0.000000000000005
        0.266666666666667        0.766666666666667      -25.486851792220803      -25.486851792220797        0.000000000000006
        0.200000000000000        0.800000000000000        0.000000000000003        0.000000000000000        0.000000000000003
        0.233333333333333        0.833333333333333      -13.192965287064116      -13.192965287064112        0.000000000000005
        0.266666666666667        0.866666666666667      -22.850886179687572      -22.850886179687565        0.000000000000008
        0.200000000000000        0.900000000000000        0.000000000000002        0.000000000000000        0.000000000000002
        0.233333333333333        0.933333333333333       -6.829181355337279       -6.829181355337273        0.000000000000007
        0.266666666666667        0.966666666666667       -6.829181355337284       -6.829181355337277        0.000000000000007
        0.200000000000000        1.000000000000000        0.000000000000000        0.000000000000000        0.000000000000000
        0.233333333333333        1.033333333333333        3.535044394440660        3.535044394440656        0.000000000000004
        0.266666666666667        1.066666666666667       13.192965287064110       13.192965287064098        0.000000000000011
        0.300000000000000        0.000000000000000      -37.315340873767057      -37.315340873767072        0.000000000000016
        0.333333333333333        0.033333333333333      -44.144522229104336      -44.144522229104352        0.000000000000017
        0.366666666666667        0.066666666666667      -44.144522229104337      -44.144522229104339        0.000000000000002
        0.300000000000000        0.100000000000000      -26.385930574128236      -26.385930574128222        0.000000000000014
        0.333333333333333        0.133333333333333      -22.850886179687572      -22.850886179687553        0.000000000000019
        0.366666666666667        0.166666666666667      -13.192965287064121      -13.192965287064106        0.000000000000015
        0.300000000000000        0.200000000000000       -0.000000000000002       -0.000000000000000        0.000000000000002
        0.333333333333333        0.233333333333333       11.828489081546248       11.828489081546242        0.000000000000006
        0.366666666666667        0.266666666666667       25.486851792220804       25.486851792220795        0.000000000000009
        0.300000000000000        0.300000000000000       26.385930574128233       26.385930574128225        0.000000000000008
        0.333333333333333        0.333333333333333       39.578895861192352       39.578895861192349        0.000000000000003
        0.366666666666667        0.366666666666667       49.236816753815807       49.236816753815805        0.000000000000002
        0.300000000000000        0.400000000000000       37.315340873767057       37.315340873767051        0.000000000000006
        0.333333333333333        0.433333333333333       44.144522229104337       44.144522229104336        0.000000000000002
        0.366666666666667        0.466666666666667       44.144522229104340       44.144522229104344        0.000000000000004
        0.300000000000000        0.500000000000000       26.385930574128239       26.385930574128242        0.000000000000003
        0.333333333333333        0.533333333333333       22.850886179687577       22.850886179687585        0.000000000000008
        0.366666666666667        0.566666666666667       13.192965287064127       13.192965287064132        0.000000000000005
        0.300000000000000        0.600000000000000        0.000000000000007        0.000000000000006        0.000000000000001
        0.333333333333333        0.633333333333333      -11.828489081546243      -11.828489081546248        0.000000000000005
        0.366666666666667        0.666666666666667      -25.486851792220798      -25.486851792220804        0.000000000000005
        0.300000000000000        0.700000000000000      -26.385930574128230      -26.385930574128228        0.000000000000001
        0.333333333333333        0.733333333333333      -39.578895861192349      -39.578895861192349        0.000000000000000
        0.366666666666667        0.766666666666667      -49.236816753815805      -49.236816753815808        0.000000000000003
        0.300000000000000        0.800000000000000      -37.315340873767057      -37.315340873767056        0.000000000000001
        0.333333333333333        0.833333333333333      -44.144522229104339      -44.144522229104341        0.000000000000003
        0.366666666666667        0.866666666666667      -44.144522229104344      -44.144522229104342        0.000000000000002
        0.300000000000000        0.900000000000000      -26.385930574128243      -26.385930574128232        0.000000000000011
        0.333333333333333        0.933333333333333      -22.850886179687582      -22.850886179687569        0.000000000000013
        0.366666666666667        0.966666666666667      -13.192965287064133      -13.192965287064123        0.000000000000010
        0.300000000000000        1.000000000000000       -0.000000000000011       -0.000000000000011        0.000000000000000
        0.333333333333333        1.033333333333333       11.828489081546238       11.828489081546228        0.000000000000009
        0.366666666666667        1.066666666666667       25.486851792220793       25.486851792220779        0.000000000000014
        0.400000000000000        0.000000000000000      -52.771861148256475      -52.771861148256504        0.000000000000028
        0.433333333333333        0.033333333333333      -49.236816753815812      -49.236816753815833        0.000000000000021
        0.466666666666667        0.066666666666667      -39.578895861192360      -39.578895861192367        0.000000000000007
        0.400000000000000        0.100000000000000      -37.315340873767061      -37.315340873767046        0.000000000000015
        0.433333333333333        0.133333333333333      -25.486851792220811      -25.486851792220791        0.000000000000020
        0.466666666666667        0.166666666666667      -11.828489081546255      -11.828489081546244        0.000000000000012
        0.400000000000000        0.200000000000000       -0.000000000000003       -0.000000000000000        0.000000000000003
        0.433333333333333        0.233333333333333       13.192965287064116       13.192965287064110        0.000000000000006
        0.466666666666667        0.266666666666667       22.850886179687571       22.850886179687566        0.000000000000005
        0.400000000000000        0.300000000000000       37.315340873767057       37.315340873767051        0.000000000000006
        0.433333333333333        0.333333333333333       44.144522229104337       44.144522229104336        0.000000000000002
        0.466666666666667        0.366666666666667       44.144522229104340       44.144522229104344        0.000000000000004
        0.400000000000000        0.400000000000000       52.771861148256475       52.771861148256473        0.000000000000002
        0.433333333333333        0.433333333333333       49.236816753815813       49.236816753815814        0.000000000000001
        0.466666666666667        0.466666666666667       39.578895861192363       39.578895861192372        0.000000000000008
        0.400000000000000        0.500000000000000       37.315340873767066       37.315340873767074        0.000000000000008
        0.433333333333333        0.533333333333333       25.486851792220816       25.486851792220826        0.000000000000010
        0.466666666666667        0.566666666666667       11.828489081546261       11.828489081546267        0.000000000000006
        0.400000000000000        0.600000000000000        0.000000000000010        0.000000000000008        0.000000000000001
        0.433333333333333        0.633333333333333      -13.192965287064110      -13.192965287064116        0.000000000000006
        0.466666666666667        0.666666666666667      -22.850886179687566      -22.850886179687574        0.000000000000008
        0.400000000000000        0.700000000000000      -37.315340873767052      -37.315340873767055        0.000000000000003
        0.433333333333333        0.733333333333333      -44.144522229104334      -44.144522229104337        0.000000000000003
        0.466666666666667        0.766666666666667      -44.144522229104339      -44.144522229104347        0.000000000000008
        0.400000000000000        0.800000000000000      -52.771861148256475      -52.771861148256480        0.000000000000005
        0.433333333333333        0.833333333333333      -49.236816753815815      -49.236816753815820        0.000000000000005
        0.466666666666667        0.866666666666667      -39.578895861192366      -39.578895861192369        0.000000000000003
        0.400000000000000        0.900000000000000      -37.315340873767070      -37.315340873767060        0.000000000000010
        0.433333333333333        0.933333333333333      -25.486851792220822      -25.486851792220808        0.000000000000013
        0.466666666666667        0.966666666666667      -11.828489081546266      -11.828489081546259        0.000000000000008
        0.400000000000000        1.000000000000000       -0.000000000000016       -0.000000000000016        0.000000000000000
        0.433333333333333        1.033333333333333       13.192965287064104       13.192965287064094        0.000000000000010
        0.466666666666667        1.066666666666667       22.850886179687561       22.850886179687551        0.000000000000010
        0.500000000000000        0.000000000000000      -37.315340873767066      -37.315340873767096        0.000000000000030
        0.533333333333333        0.033333333333333      -25.486851792220815      -25.486851792220836        0.000000000000020
        0.566666666666667        0.066666666666667      -11.828489081546260      -11.828489081546265        0.000000000000005
        0.500000000000000        0.100000000000000      -26.385930574128243      -26.385930574128239        0.000000000000004
        0.533333333333333        0.133333333333333      -13.192965287064124      -13.192965287064118        0.000000000000006
        0.566666666666667        0.166666666666667       -3.535044394440669       -3.535044394440666        0.000000000000003
        0.500000000000000        0.200000000000000       -0.000000000000002       -0.000000000000000        0.000000000000002
        0.533333333333333        0.233333333333333        6.829181355337278        6.829181355337277        0.000000000000001
        0.566666666666667        0.266666666666667        6.829181355337281        6.829181355337282        0.000000000000001
        0.500000000000000        0.300000000000000       26.385930574128239       26.385930574128242        0.000000000000003
        0.533333333333333        0.333333333333333       22.850886179687577       22.850886179687585        0.000000000000008
        0.566666666666667        0.366666666666667       13.192965287064127       13.192965287064132        0.000000000000005
        0.500000000000000        0.400000000000000       37.315340873767066       37.315340873767074        0.000000000000008
        0.533333333333333        0.433333333333333       25.486851792220816       25.486851792220826        0.000000000000010
        0.566666666666667        0.466666666666667       11.828489081546261       11.828489081546267        0.000000000000006
        0.500000000000000        0.500000000000000       26.385930574128246       26.385930574128259        0.000000000000013
        0.533333333333333        0.533333333333333       13.192965287064126       13.192965287064136        0.000000000000010
        0.566666666666667        0.566666666666667        3.535044394440670        3.535044394440673        0.000000000000003
        0.500000000000000        0.600000000000000        0.000000000000007        0.000000000000006        0.000000000000001
        0.533333333333333        0.633333333333333       -6.829181355337275       -6.829181355337281        0.000000000000006
        0.566666666666667        0.666666666666667       -6.829181355337280       -6.829181355337284        0.000000000000004
        0.500000000000000        0.700000000000000      -26.385930574128236      -26.385930574128245        0.000000000000009
        0.533333333333333        0.733333333333333      -22.850886179687576      -22.850886179687585        0.000000000000010
        0.566666666666667        0.766666666666667      -13.192965287064127      -13.192965287064133        0.000000000000006
        0.500000000000000        0.800000000000000      -37.315340873767066      -37.315340873767080        0.000000000000014
        0.533333333333333        0.833333333333333      -25.486851792220817      -25.486851792220829        0.000000000000012
        0.566666666666667        0.866666666666667      -11.828489081546262      -11.828489081546266        0.000000000000004
        0.500000000000000        0.900000000000000      -26.385930574128249      -26.385930574128249        0.000000000000000
        0.533333333333333        0.933333333333333      -13.192965287064129      -13.192965287064127        0.000000000000002
        0.566666666666667        0.966666666666667       -3.535044394440672       -3.535044394440671        0.000000000000001
        0.500000000000000        1.000000000000000       -0.000000000000011       -0.000000000000011        0.000000000000000
        0.533333333333333        1.033333333333333        6.829181355337272        6.829181355337269        0.000000000000003
        0.566666666666667        1.066666666666667        6.829181355337278        6.829181355337278        0.000000000000001
        0.600000000000000        0.000000000000000       -0.000000000000010       -0.000000000000008        0.000000000000001
        0.633333333333333        0.033333333333333       13.192965287064109       13.192965287064121        0.000000000000011
        0.666666666666667        0.066666666666667       22.850886179687564       22.850886179687571        0.000000000000007
        0.600000000000000        0.100000000000000       -0.000000000000007       -0.000000000000006        0.000000000000001
        0.633333333333333        0.133333333333333        6.829181355337273        6.829181355337271        0.000000000000002
        0.666666666666667        0.166666666666667        6.829181355337277        6.829181355337271        0.000000000000006
        0.600000000000000        0.200000000000000       -0.000000000000000       -0.000000000000000        0.000000000000000
        0.633333333333333        0.233333333333333       -3.535044394440662       -3.535044394440662        0.000000000000000
        0.666666666666667        0.266666666666667      -13.192965287064112      -13.192965287064111        0.000000000000001
        0.600000000000000        0.300000000000000        0.000000000000007        0.000000000000006        0.000000000000001
        0.633333333333333        0.333333333333333      -11.828489081546243      -11.828489081546248        0.000000000000005
        0.666666666666667        0.366666666666667      -25.486851792220798      -25.486851792220804        0.000000000000005
        0.600000000000000        0.400000000000000        0.000000000000010        0.000000000000008        0.000000000000001
        0.633333333333333        0.433333333333333      -13.192965287064110      -13.192965287064116        0.000000000000006
        0.666666666666667        0.466666666666667      -22.850886179687566      -22.850886179687574        0.000000000000008
        0.600000000000000        0.500000000000000        0.000000000000007        0.000000000000006        0.000000000000001
        0.633333333333333        0.533333333333333       -6.829181355337275       -6.829181355337281        0.000000000000006
        0.666666666666667        0.566666666666667       -6.829181355337280       -6.829181355337284        0.000000000000004
        0.600000000000000        0.600000000000000        0.000000000000000        0.000000000000000        0.000000000000000
        0.633333333333333        0.633333333333333        3.535044394440661        3.535044394440664        0.000000000000003
        0.666666666666667        0.666666666666667       13.192965287064110       13.192965287064116        0.000000000000006
        0.600000000000000        0.700000000000000       -0.000000000000007       -0.000000000000006        0.000000000000001
        0.633333333333333        0.733333333333333       11.828489081546242       11.828489081546248        0.000000000000006
        0.666666666666667        0.766666666666667       25.486851792220797       25.486851792220805        0.000000000000008
        0.600000000000000        0.800000000000000       -0.000000000000010       -0.000000000000008        0.000000000000001
        0.633333333333333        0.833333333333333       13.192965287064110       13.192965287064117        0.000000000000007
        0.666666666666667        0.866666666666667       22.850886179687568       22.850886179687572        0.000000000000005
        0.600000000000000        0.900000000000000       -0.000000000000007       -0.000000000000006        0.000000000000001
        0.633333333333333        0.933333333333333        6.829181355337276        6.829181355337276        0.000000000000001
        0.666666666666667        0.966666666666667        6.829181355337283        6.829181355337279        0.000000000000004
        0.600000000000000        1.000000000000000       -0.000000000000000       -0.000000000000000        0.000000000000000
        0.633333333333333        1.033333333333333       -3.535044394440659       -3.535044394440658        0.000000000000001
        0.666666666666667        1.066666666666667      -13.192965287064107      -13.192965287064103        0.000000000000004
        0.700000000000000        0.000000000000000       37.315340873767052       37.315340873767077        0.000000000000024
        0.733333333333333        0.033333333333333       44.144522229104333       44.144522229104353        0.000000000000021
        0.766666666666667        0.066666666666667       44.144522229104336       44.144522229104342        0.000000000000006
        0.700000000000000        0.100000000000000       26.385930574128233       26.385930574128225        0.000000000000008
        0.733333333333333        0.133333333333333       22.850886179687571       22.850886179687554        0.000000000000017
        0.766666666666667        0.166666666666667       13.192965287064121       13.192965287064107        0.000000000000014
        0.700000000000000        0.200000000000000        0.000000000000002        0.000000000000000        0.000000000000002
        0.733333333333333        0.233333333333333      -11.828489081546247      -11.828489081546243        0.000000000000005
        0.766666666666667        0.266666666666667      -25.486851792220803      -25.486851792220797        0.000000000000006
        0.700000000000000        0.300000000000000      -26.385930574128230      -26.385930574128228        0.000000000000001
        0.733333333333333        0.333333333333333      -39.578895861192349      -39.578895861192349        0.000000000000000
        0.766666666666667        0.366666666666667      -49.236816753815805      -49.236816753815808        0.000000000000003
        0.700000000000000        0.400000000000000      -37.315340873767052      -37.315340873767055        0.000000000000003
        0.733333333333333        0.433333333333333      -44.144522229104334      -44.144522229104337        0.000000000000003
        0.766666666666667        0.466666666666667      -44.144522229104339      -44.144522229104347        0.000000000000008
        0.700000000000000        0.500000000000000      -26.385930574128236      -26.385930574128245        0.000000000000009
        0.733333333333333        0.533333333333333      -22.850886179687576      -22.850886179687585        0.000000000000010
        0.766666666666667        0.566666666666667      -13.192965287064127      -13.192965287064133        0.000000000000006
        0.700000000000000        0.600000000000000       -0.000000000000007       -0.000000000000006        0.000000000000001
        0.733333333333333        0.633333333333333       11.828489081546242       11.828489081546248        0.000000000000006
        0.766666666666667        0.666666666666667       25.486851792220797       25.486851792220805        0.000000000000008
        0.700000000000000        0.700000000000000       26.385930574128226       26.385930574128232        0.000000000000005
        0.733333333333333        0.733333333333333       39.578895861192346       39.578895861192350        0.000000000000004
        0.766666666666667        0.766666666666667       49.236816753815804       49.236816753815811        0.000000000000007
        0.700000000000000        0.800000000000000       37.315340873767052       37.315340873767060        0.000000000000008
        0.733333333333333        0.833333333333333       44.144522229104335       44.144522229104342        0.000000000000007
        0.766666666666667        0.866666666666667       44.144522229104342       44.144522229104344        0.000000000000002
        0.700000000000000        0.900000000000000       26.385930574128239       26.385930574128235        0.000000000000004
        0.733333333333333        0.933333333333333       22.850886179687580       22.850886179687569        0.000000000000011
        0.766666666666667        0.966666666666667       13.192965287064133       13.192965287064124        0.000000000000009
        0.700000000000000        1.000000000000000        0.000000000000011        0.000000000000011        0.000000000000000
        0.733333333333333        1.033333333333333      -11.828489081546237      -11.828489081546228        0.000000000000008
        0.766666666666667        1.066666666666667      -25.486851792220792      -25.486851792220780        0.000000000000012
        0.800000000000000        0.000000000000000       52.771861148256475       52.771861148256511        0.000000000000036
        0.833333333333333        0.033333333333333       49.236816753815813       49.236816753815839        0.000000000000026
        0.866666666666667        0.066666666666667       39.578895861192363       39.578895861192365        0.000000000000002
        0.800000000000000        0.100000000000000       37.315340873767061       37.315340873767051        0.000000000000010
        0.833333333333333        0.133333333333333       25.486851792220812       25.486851792220794        0.000000000000018
        0.866666666666667        0.166666666666667       11.828489081546256       11.828489081546243        0.000000000000013
        0.800000000000000        0.200000000000000        0.000000000000003        0.000000000000000        0.000000000000003
        0.833333333333333        0.233333333333333      -13.192965287064116      -13.192965287064112        0.000000000000005
        0.866666666666667        0.266666666666667      -22.850886179687572      -22.850886179687565        0.000000000000008
        0.800000000000000        0.300000000000000      -37.315340873767057      -37.315340873767056        0.000000000000001
        0.833333333333333        0.333333333333333      -44.144522229104339      -44.144522229104341        0.000000000000003
        0.866666666666667        0.366666666666667      -44.144522229104344      -44.144522229104342        0.000000000000002
        0.800000000000000        0.400000000000000      -52.771861148256475      -52.771861148256480        0.000000000000005
        0.833333333333333        0.433333333333333      -49.236816753815815      -49.236816753815820        0.000000000000005
        0.866666666666667        0.466666666666667      -39.578895861192366      -39.578895861192369        0.000000000000003
        0.800000000000000        0.500000000000000      -37.315340873767066      -37.315340873767080        0.000000000000014
        0.833333333333333        0.533333333333333      -25.486851792220817      -25.486851792220829        0.000000000000012
        0.866666666666667        0.566666666666667      -11.828489081546262      -11.828489081546266        0.000000000000004
        0.800000000000000        0.600000000000000       -0.000000000000010       -0.000000000000008        0.000000000000001
        0.833333333333333        0.633333333333333       13.192965287064110       13.192965287064117        0.000000000000007
        0.866666666666667        0.666666666666667       22.850886179687568       22.850886179687572        0.000000000000005
        0.800000000000000        0.700000000000000       37.315340873767052       37.315340873767060        0.000000000000008
        0.833333333333333        0.733333333333333       44.144522229104335       44.144522229104342        0.000000000000007
        0.866666666666667        0.766666666666667       44.144522229104342       44.144522229104344        0.000000000000002
        0.800000000000000        0.800000000000000       52.771861148256475       52.771861148256488        0.000000000000012
        0.833333333333333        0.833333333333333       49.236816753815817       49.236816753815827        0.000000000000010
        0.866666666666667        0.866666666666667       39.578895861192369       39.578895861192367        0.000000000000002
        0.800000000000000        0.900000000000000       37.315340873767070       37.315340873767065        0.000000000000005
        0.833333333333333        0.933333333333333       25.486851792220822       25.486851792220811        0.000000000000011
        0.866666666666667        0.966666666666667       11.828489081546267       11.828489081546258        0.000000000000009
        0.800000000000000        1.000000000000000        0.000000000000016        0.000000000000016        0.000000000000000
        0.833333333333333        1.033333333333333      -13.192965287064104      -13.192965287064096        0.000000000000009
        0.866666666666667        1.066666666666667      -22.850886179687563      -22.850886179687550        0.000000000000013
        0.900000000000000        0.000000000000000       37.315340873767070       37.315340873767082        0.000000000000011
        0.933333333333333        0.033333333333333       25.486851792220821       25.486851792220818        0.000000000000003
        0.966666666666667        0.066666666666667       11.828489081546265       11.828489081546257        0.000000000000008
        0.900000000000000        0.100000000000000       26.385930574128246       26.385930574128229        0.000000000000017
        0.933333333333333        0.133333333333333       13.192965287064126       13.192965287064109        0.000000000000018
        0.966666666666667        0.166666666666667        3.535044394440670        3.535044394440664        0.000000000000007
        0.900000000000000        0.200000000000000        0.000000000000002        0.000000000000000        0.000000000000002
        0.933333333333333        0.233333333333333       -6.829181355337279       -6.829181355337273        0.000000000000007
        0.966666666666667        0.266666666666667       -6.829181355337284       -6.829181355337277        0.000000000000007
        0.900000000000000        0.300000000000000      -26.385930574128243      -26.385930574128232        0.000000000000011
        0.933333333333333        0.333333333333333      -22.850886179687582      -22.850886179687569        0.000000000000013
        0.966666666666667        0.366666666666667      -13.192965287064133      -13.192965287064123        0.000000000000010
        0.900000000000000        0.400000000000000      -37.315340873767070      -37.315340873767060        0.000000000000010
        0.933333333333333        0.433333333333333      -25.486851792220822      -25.486851792220808        0.000000000000013
        0.966666666666667        0.466666666666667      -11.828489081546266      -11.828489081546259        0.000000000000008
        0.900000000000000        0.500000000000000      -26.385930574128249      -26.385930574128249        0.000000000000000
        0.933333333333333        0.533333333333333      -13.192965287064129      -13.192965287064127        0.000000000000002
        0.966666666666667        0.566666666666667       -3.535044394440672       -3.535044394440671        0.000000000000001
        0.900000000000000        0.600000000000000       -0.000000000000007       -0.000000000000006        0.000000000000001
        0.933333333333333        0.633333333333333        6.829181355337276        6.829181355337276        0.000000000000001
        0.966666666666667        0.666666666666667        6.829181355337283        6.829181355337279        0.000000000000004
        0.900000000000000        0.700000000000000       26.385930574128239       26.385930574128235        0.000000000000004
        0.933333333333333        0.733333333333333       22.850886179687580       22.850886179687569        0.000000000000011
        0.966666666666667        0.766666666666667       13.192965287064133       13.192965287064124        0.000000000000009
        0.900000000000000        0.800000000000000       37.315340873767070       37.315340873767065        0.000000000000005
        0.933333333333333        0.833333333333333       25.486851792220822       25.486851792220811        0.000000000000011
        0.966666666666667        0.866666666666667       11.828489081546267       11.828489081546258        0.000000000000009
        0.900000000000000        0.900000000000000       26.385930574128252       26.385930574128239        0.000000000000014
        0.933333333333333        0.933333333333333       13.192965287064132       13.192965287064118        0.000000000000014
        0.966666666666667        0.966666666666667        3.535044394440673        3.535044394440668        0.000000000000005
        0.900000000000000        1.000000000000000        0.000000000000011        0.000000000000011        0.000000000000000
        0.933333333333333        1.033333333333333       -6.829181355337273       -6.829181355337264        0.000000000000009
        0.966666666666667        1.066666666666667       -6.829181355337282       -6.829181355337273        0.000000000000009
        1.000000000000000        0.000000000000000        0.000000000000016        0.000000000000016        0.000000000000000
        1.033333333333333        0.033333333333333      -13.192965287064103      -13.192965287064099        0.000000000000004
        1.066666666666667        0.066666666666667      -22.850886179687559      -22.850886179687549        0.000000000000011
        1.000000000000000        0.100000000000000        0.000000000000011        0.000000000000011        0.000000000000000
        1.033333333333333        0.133333333333333       -6.829181355337270       -6.829181355337260        0.000000000000011
        1.066666666666667        0.166666666666667       -6.829181355337275       -6.829181355337264        0.000000000000011
        1.000000000000000        0.200000000000000        0.000000000000000        0.000000000000000        0.000000000000000
        1.033333333333333        0.233333333333333        3.535044394440660        3.535044394440656        0.000000000000004
        1.066666666666667        0.266666666666667       13.192965287064110       13.192965287064098        0.000000000000011
        1.000000000000000        0.300000000000000       -0.000000000000011       -0.000000000000011        0.000000000000000
        1.033333333333333        0.333333333333333       11.828489081546238       11.828489081546228        0.000000000000009
        1.066666666666667        0.366666666666667       25.486851792220793       25.486851792220779        0.000000000000014
        1.000000000000000        0.400000000000000       -0.000000000000016       -0.000000000000016        0.000000000000000
        1.033333333333333        0.433333333333333       13.192965287064104       13.192965287064094        0.000000000000010
        1.066666666666667        0.466666666666667       22.850886179687561       22.850886179687551        0.000000000000010
        1.000000000000000        0.500000000000000       -0.000000000000011       -0.000000000000011        0.000000000000000
        1.033333333333333        0.533333333333333        6.829181355337272        6.829181355337269        0.000000000000003
        1.066666666666667        0.566666666666667        6.829181355337278        6.829181355337278        0.000000000000001
        1.000000000000000        0.600000000000000       -0.000000000000000       -0.000000000000000        0.000000000000000
        1.033333333333333        0.633333333333333       -3.535044394440659       -3.535044394440658        0.000000000000001
        1.066666666666667        0.666666666666667      -13.192965287064107      -13.192965287064103        0.000000000000004
        1.000000000000000        0.700000000000000        0.000000000000011        0.000000000000011        0.000000000000000
        1.033333333333333        0.733333333333333      -11.828489081546237      -11.828489081546228        0.000000000000008
        1.066666666666667        0.766666666666667      -25.486851792220792      -25.486851792220780        0.000000000000012
        1.000000000000000        0.800000000000000        0.000000000000016        0.000000000000016        0.000000000000000
        1.033333333333333        0.833333333333333      -13.192965287064104      -13.192965287064096        0.000000000000009
        1.066666666666667        0.866666666666667      -22.850886179687563      -22.850886179687550        0.000000000000013
        1.000000000000000        0.900000000000000        0.000000000000011        0.000000000000011        0.000000000000000
        1.033333333333333        0.933333333333333       -6.829181355337273       -6.829181355337264        0.000000000000009
        1.066666666666667        0.966666666666667       -6.829181355337282       -6.829181355337273        0.000000000000009
        1.000000000000000        1.000000000000000        0.000000000000000        0.000000000000000        0.000000000000000
        1.033333333333333        1.033333333333333        3.535044394440657        3.535044394440652        0.000000000000005
        1.066666666666667        1.066666666666667       13.192965287064104       13.192965287064090        0.000000000000014
