        0.000000000000000        0.000000000000000       52.028443505566329       52.028443505566387        0.000000000000058
        0.033333333333333        0.033333333333333       48.543198650375132       48.543198650375173        0.000000000000041
        0.066666666666667        0.066666666666667       39.021332629174748       39.021332629174753        0.000000000000005
        0.000000000000000        0.100000000000000       36.789665217367141       36.789665217367147        0.000000000000006
        0.033333333333333        0.133333333333333       25.127808641824134       25.127808641824125        0.000000000000009
        0.066666666666667        0.166666666666667       11.661856575543010       11.661856575542998        0.000000000000012
        0.000000000000000        0.200000000000000        0.000000000000003        0.000000000000000        0.000000000000003
        0.033333333333333        0.233333333333333      -13.007110876391579      -13.007110876391578        0.000000000000000
        0.066666666666667        0.266666666666667      -22.528976897591964      -22.528976897591959        0.000000000000006
        0.000000000000000        0.300000000000000      -36.789665217367137      -36.789665217367152        0.000000000000015
        0.033333333333333        0.333333333333333      -43.522641250507700      -43.522641250507717        0.000000000000017
        0.066666666666667        0.366666666666667      -43.522641250507702      -43.522641250507704        0.000000000000002
        0.000000000000000        0.400000000000000      -52.028443505566329      -52.028443505566357        0.000000000000028
        0.033333333333333        0.433333333333333      -48.543198650375134      -48.543198650375155        0.000000000000021
        0.066666666666667        0.466666666666667      -39.021332629174751      -39.021332629174757        0.000000000000007
        0.000000000000000        0.500000000000000      -36.789665217367146      -36.789665217367175        0.000000000000030
        0.033333333333333        0.533333333333333      -25.127808641824140      -25.127808641824160        0.000000000000020
        0.066666666666667        0.566666666666667      -11.661856575543015      -11.661856575543020        0.000000000000005
        0.000000000000000        0.600000000000000       -0.000000000000010       -0.000000000000008        0.000000000000001
        0.033333333333333        0.633333333333333       13.007110876391573       13.007110876391584        0.000000000000011
        0.066666666666667        0.666666666666667       22.528976897591960       22.528976897591966        0.000000000000007
        0.000000000000000        0.700000000000000       36.789665217367132       36.789665217367156        0.000000000000024
        0.033333333333333        0.733333333333333       43.522641250507697       43.522641250507718        0.000000000000021
        0.066666666666667        0.766666666666667       43.522641250507700       43.522641250507706        0.000000000000006
        0.000000000000000        0.800000000000000       52.028443505566329       52.028443505566364        0.000000000000035
        0.033333333333333        0.833333333333333       48.543198650375135       48.543198650375161        0.000000000000025
        0.066666666666667        0.866666666666667       39.021332629174753       39.021332629174755        0.000000000000002
        0.000000000000000        0.900000000000000       36.789665217367150       36.789665217367161        0.000000000000011
        0.033333333333333        0.933333333333333       25.127808641824145       25.127808641824142        0.000000000000003
        0.066666666666667        0.966666666666667       11.661856575543020       11.661856575543012        0.000000000000008
        0.000000000000000        1.000000000000000        0.000000000000016        0.000000000000016        0.000000000000000
        0.033333333333333        1.033333333333333      -13.007110876391567      -13.007110876391563        0.000000000000004
        0.066666666666667        1.066666666666667      -22.528976897591955      -22.528976897591944        0.000000000000010
        0.100000000000000        0.000000000000000       36.789665217367141       36.789665217367147        0.000000000000006
        0.133333333333333        0.033333333333333       25.127808641824134       25.127808641824125        0.000000000000009
        0.166666666666667        0.066666666666667       11.661856575543010       11.661856575542998        0.000000000000012
        0.100000000000000        0.100000000000000       26.014221752783166       26.014221752783146        0.000000000000020
        0.133333333333333        0.133333333333333       13.007110876391584       13.007110876391563        0.000000000000021
        0.166666666666667        0.166666666666667        3.485244855191199        3.485244855191191        0.000000000000008
        0.100000000000000        0.200000000000000        0.000000000000002        0.000000000000000        0.000000000000002
        0.133333333333333        0.233333333333333       -6.732976033140561       -6.732976033140553        0.000000000000008
        0.166666666666667        0.266666666666667       -6.732976033140563       -6.732976033140553        0.000000000000010
        0.100000000000000        0.300000000000000      -26.014221752783163      -26.014221752783149        0.000000000000014
        0.133333333333333        0.333333333333333      -22.528976897591968      -22.528976897591949        0.000000000000019
        0.166666666666667        0.366666666666667      -13.007110876391584      -13.007110876391570        0.000000000000015
        0.100000000000000        0.400000000000000      -36.789665217367141      -36.789665217367126        0.000000000000015
        0.133333333333333        0.433333333333333      -25.127808641824135      -25.127808641824115        0.000000000000020
        0.166666666666667        0.466666666666667      -11.661856575543011      -11.661856575542999        0.000000000000012
        0.100000000000000        0.500000000000000      -26.014221752783169      -26.014221752783166        0.000000000000004
        0.133333333333333        0.533333333333333      -13.007110876391587      -13.007110876391581        0.000000000000006
        0.166666666666667        0.566666666666667       -3.485244855191200       -3.485244855191198        0.000000000000002
        0.100000000000000        0.600000000000000       -0.000000000000007       -0.000000000000006        0.000000000000001
        0.133333333333333        0.633333333333333        6.732976033140558        6.732976033140556        0.000000000000002
        0.166666666666667        0.666666666666667        6.732976033140561        6.732976033140556        0.000000000000006
        0.100000000000000        0.700000000000000       26.014221752783160       26.014221752783152        0.000000000000008
        0.133333333333333        0.733333333333333       22.528976897591966       22.528976897591949        0.000000000000017
        0.166666666666667        0.766666666666667       13.007110876391584       13.007110876391571        0.000000000000013
        0.100000000000000        0.800000000000000       36.789665217367141       36.789665217367131        0.000000000000010
        0.133333333333333        0.833333333333333       25.127808641824136       25.127808641824118        0.000000000000018
        0.166666666666667        0.866666666666667       11.661856575543011       11.661856575542998        0.000000000000013
        0.100000000000000        0.900000000000000       26.014221752783173       26.014221752783156        0.000000000000017
        0.133333333333333        0.933333333333333       13.007110876391590       13.007110876391572        0.000000000000017
        0.166666666666667        0.966666666666667        3.485244855191202        3.485244855191195        0.000000000000006
        0.100000000000000        1.000000000000000        0.000000000000011        0.000000000000011        0.000000000000000
        0.133333333333333        1.033333333333333       -6.732976033140555       -6.732976033140545        0.000000000000010
        0.166666666666667        1.066666666666667       -6.732976033140560       -6.732976033140549        0.000000000000011
        0.200000000000000        0.000000000000000        0.000000000000003        0.000000000000000        0.000000000000003
        0.233333333333333        0.033333333333333      -13.007110876391579      -13.007110876391578        0.000000000000000
        0.266666666666667        0.066666666666667      -22.528976897591964      -22.528976897591959        0.000000000000006
        0.200000000000000        0.100000000000000        0.000000000000002        0.000000000000000        0.000000000000002
        0.233333333333333        0.133333333333333       -6.732976033140561       -6.732976033140553        0.000000000000008
        0.266666666666667        0.166666666666667       -6.732976033140563       -6.732976033140553        0.000000000000010
        0.200000000000000        0.200000000000000        0.000000000000000       -0.000000000000000        0.000000000000000
        0.233333333333333        0.233333333333333        3.485244855191195        3.485244855191192        0.000000000000003
        0.266666666666667        0.266666666666667       13.007110876391579       13.007110876391570        0.000000000000008
        0.200000000000000        0.300000000000000       -0.000000000000002       -0.000000000000000        0.000000000000002
        0.233333333333333        0.333333333333333       11.661856575543004       11.661856575542998        0.000000000000006
        0.266666666666667        0.366666666666667       25.127808641824128       25.127808641824120        0.000000000000008
        0.200000000000000        0.400000000000000       -0.000000000000003       -0.000000000000000        0.000000000000003
        0.233333333333333        0.433333333333333       13.007110876391579       13.007110876391573        0.000000000000006
        0.266666666666667        0.466666666666667       22.528976897591966       22.528976897591961        0.000000000000005
        0.200000000000000        0.500000000000000       -0.000000000000002       -0.000000000000000        0.000000000000002
        0.233333333333333        0.533333333333333        6.732976033140563        6.732976033140562        0.000000000000001
        0.266666666666667        0.566666666666667        6.732976033140566        6.732976033140567        0.000000000000000
        0.200000000000000        0.600000000000000       -0.000000000000000       -0.000000000000000        0.000000000000000
        0.233333333333333        0.633333333333333       -3.485244855191194       -3.485244855191194        0.000000000000000
        0.266666666666667        0.666666666666667      -13.007110876391576      -13.007110876391575        0.000000000000001
        0.200000000000000        0.700000000000000        0.000000000000002        0.000000000000000        0.000000000000002
        0.233333333333333        0.733333333333333      -11.661856575543003      -11.661856575542998        0.000000000000005
        0.266666666666667        0.766666666666667      -25.127808641824127      -25.127808641824121        0.000000000000006
        0.200000000000000        0.800000000000000        0.000000000000003        0.000000000000000        0.000000000000003
        0.233333333333333        0.833333333333333      -13.007110876391580      -13.007110876391575        0.000000000000005
        0.266666666666667        0.866666666666667      -22.528976897591968      -22.528976897591960        0.000000000000008
        0.200000000000000        0.900000000000000        0.000000000000002        0.000000000000000        0.000000000000002
        0.233333333333333        0.933333333333333       -6.732976033140564       -6.732976033140557        0.000000000000007
        0.266666666666667        0.966666666666667       -6.732976033140569       -6.732976033140562        0.000000000000007
        0.200000000000000        1.000000000000000        0.000000000000000        0.000000000000000        0.000000000000000
        0.233333333333333        1.033333333333333        3.485244855191192        3.485244855191188        0.000000000000004
        0.266666666666667        1.066666666666667       13.007110876391573       13.007110876391562        0.000000000000011
        0.300000000000000        0.000000000000000      -36.789665217367137      -36.789665217367152        0.000000000000015
        0.333333333333333        0.033333333333333      -43.522641250507700      -43.522641250507717        0.000000000000017
        0.366666666666667        0.066666666666667      -43.522641250507702      -43.522641250507704        0.000000000000002
        0.300000000000000        0.100000000000000      -26.014221752783163      -26.014221752783149        0.000000000000014
        0.333333333333333        0.133333333333333      -22.528976897591968      -22.528976897591949        0.000000000000019
        0.366666666666667        0.166666666666667      -13.007110876391584      -13.007110876391570        0.000000000000015
        0.300000000000000        0.200000000000000       -0.000000000000002       -0.000000000000000        0.000000000000002
        0.333333333333333        0.233333333333333       11.661856575543004       11.661856575542998        0.000000000000006
        0.366666666666667        0.266666666666667       25.127808641824128       25.127808641824120        0.000000000000008
        0.300000000000000        0.300000000000000       26.014221752783160       26.014221752783152        0.000000000000007
        0.333333333333333        0.333333333333333       39.021332629174742       39.021332629174739        0.000000000000003
        0.366666666666667        0.366666666666667       48.543198650375129       48.543198650375127        0.000000000000002
        0.300000000000000        0.400000000000000       36.789665217367137       36.789665217367130        0.000000000000006
        0.333333333333333        0.433333333333333       43.522641250507702       43.522641250507700        0.000000000000001
        0.366666666666667        0.466666666666667       43.522641250507705       43.522641250507709        0.000000000000004
        0.300000000000000        0.500000000000000       26.014221752783166       26.014221752783169        0.000000000000003
        0.333333333333333        0.533333333333333       22.528976897591972       22.528976897591980        0.000000000000007
        0.366666666666667        0.566666666666667       13.007110876391590       13.007110876391595        0.000000000000005
        0.300000000000000        0.600000000000000        0.000000000000007        0.000000000000006        0.000000000000001
        0.333333333333333        0.633333333333333      -11.661856575542998      -11.661856575543003        0.000000000000005
        0.366666666666667        0.666666666666667      -25.127808641824123      -25.127808641824128        0.000000000000005
        0.300000000000000        0.700000000000000      -26.014221752783157      -26.014221752783155        0.000000000000001
        0.333333333333333        0.733333333333333      -39.021332629174740      -39.021332629174740        0.000000000000000
        0.366666666666667        0.766666666666667      -48.543198650375127      -48.543198650375130        0.000000000000003
        0.300000000000000        0.800000000000000      -36.789665217367137      -36.789665217367136        0.000000000000001
        0.333333333333333        0.833333333333333      -43.522641250507703      -43.522641250507705        0.000000000000003
        0.366666666666667        0.866666666666667      -43.522641250507708      -43.522641250507706        0.000000000000002
        0.300000000000000        0.900000000000000      -26.014221752783169      -26.014221752783159        0.000000000000010
        0.333333333333333        0.933333333333333      -22.528976897591977      -22.528976897591964        0.000000000000013
        0.366666666666667        0.966666666666667      -13.007110876391596      -13.007110876391586        0.000000000000010
        0.300000000000000        1.000000000000000       -0.000000000000011       -0.000000000000011        0.000000000000000
        0.333333333333333        1.033333333333333       11.661856575542993       11.661856575542984        0.000000000000009
        0.366666666666667        1.066666666666667       25.127808641824118       25.127808641824104        0.000000000000014
        0.400000000000000        0.000000000000000      -52.028443505566329      -52.028443505566357        0.000000000000028
        0.433333333333333        0.033333333333333      -48.543198650375134      -48.543198650375155        0.000000000000021
        0.466666666666667        0.066666666666667      -39.021332629174751      -39.021332629174757        0.000000000000007
        0.400000000000000        0.100000000000000      -36.789665217367141      -36.789665217367126        0.000000000000015
        0.433333333333333        0.133333333333333      -25.127808641824135      -25.127808641824115        0.000000000000020
        0.466666666666667        0.166666666666667      -11.661856575543011      -11.661856575542999        0.000000000000012
        0.400000000000000        0.200000000000000       -0.000000000000003       -0.000000000000000        0.000000000000003
        0.433333333333333        0.233333333333333       13.007110876391579       13.007110876391573        0.000000000000006
        0.466666666666667        0.266666666666667       22.528976897591966       22.528976897591961        0.000000000000005
        0.400000000000000        0.300000000000000       36.789665217367137       36.789665217367130        0.000000000000006
        0.433333333333333        0.333333333333333       43.522641250507702       43.522641250507700        0.000000000000001
        0.466666666666667        0.366666666666667       43.522641250507705       43.522641250507709        0.000000000000004
        0.400000000000000        0.400000000000000       52.028443505566329       52.028443505566327        0.000000000000002
        0.433333333333333        0.433333333333333       48.543198650375135       48.543198650375136        0.000000000000001
        0.466666666666667        0.466666666666667       39.021332629174753       39.021332629174762        0.000000000000008
        0.400000000000000        0.500000000000000       36.789665217367146       36.789665217367154        0.000000000000008
        0.433333333333333        0.533333333333333       25.127808641824141       25.127808641824150        0.000000000000010
        0.466666666666667        0.566666666666667       11.661856575543016       11.661856575543022        0.000000000000006
        0.400000000000000        0.600000000000000        0.000000000000010        0.000000000000008        0.000000000000001
        0.433333333333333        0.633333333333333      -13.007110876391573      -13.007110876391579        0.000000000000006
        0.466666666666667        0.666666666666667      -22.528976897591961      -22.528976897591969        0.000000000000008
        0.400000000000000        0.700000000000000      -36.789665217367132      -36.789665217367135        0.000000000000003
        0.433333333333333        0.733333333333333      -43.522641250507698      -43.522641250507701        0.000000000000003
        0.466666666666667        0.766666666666667      -43.522641250507703      -43.522641250507711        0.000000000000008
        0.400000000000000        0.800000000000000      -52.028443505566329      -52.028443505566334        0.000000000000005
        0.433333333333333        0.833333333333333      -48.543198650375137      -48.543198650375142        0.000000000000005
        0.466666666666667        0.866666666666667      -39.021332629174756      -39.021332629174759        0.000000000000003
        0.400000000000000        0.900000000000000      -36.789665217367150      -36.789665217367140        0.000000000000010
        0.433333333333333        0.933333333333333      -25.127808641824146      -25.127808641824133        0.000000000000013
        0.466666666666667        0.966666666666667      -11.661856575543021      -11.661856575543014        0.000000000000008
        0.400000000000000        1.000000000000000       -0.000000000000016       -0.000000000000016        0.000000000000000
        0.433333333333333        1.033333333333333       13.007110876391567       13.007110876391558        0.000000000000010
        0.466666666666667        1.066666666666667       22.528976897591957       22.528976897591947        0.000000000000010
        0.500000000000000        0.000000000000000      -36.789665217367146      -36.789665217367175        0.000000000000030
        0.533333333333333        0.033333333333333      -25.127808641824140      -25.127808641824160        0.000000000000020
        0.566666666666667        0.066666666666667      -11.661856575543015      -11.661856575543020        0.000000000000005
        0.500000000000000        0.100000000000000      -26.014221752783169      -26.014221752783166        0.000000000000004
        0.533333333333333        0.133333333333333      -13.007110876391587      -13.007110876391581        0.000000000000006
        0.566666666666667        0.166666666666667       -3.485244855191200       -3.485244855191198        0.000000000000002
        0.500000000000000        0.200000000000000       -0.000000000000002       -0.000000000000000        0.000000000000002
        0.533333333333333        0.233333333333333        6.732976033140563        6.732976033140562        0.000000000000001
        0.566666666666667        0.266666666666667        6.732976033140566        6.732976033140567        0.000000000000000
        0.500000000000000        0.300000000000000       26.014221752783166       26.014221752783169        0.000000000000003
        0.533333333333333        0.333333333333333       22.528976897591972       22.528976897591980        0.000000000000007
        0.566666666666667        0.366666666666667       13.007110876391590       13.007110876391595        0.000000000000005
        0.500000000000000        0.400000000000000       36.789665217367146       36.789665217367154        0.000000000000008
        0.533333333333333        0.433333333333333       25.127808641824141       25.127808641824150        0.000000000000010
        0.566666666666667        0.466666666666667       11.661856575543016       11.661856575543022        0.000000000000006
        0.500000000000000        0.500000000000000       26.014221752783173       26.014221752783185        0.000000000000013
        0.533333333333333        0.533333333333333       13.007110876391590       13.007110876391599        0.000000000000010
        0.566666666666667        0.566666666666667        3.485244855191202        3.485244855191204        0.000000000000003
        0.500000000000000        0.600000000000000        0.000000000000007        0.000000000000006        0.000000000000001
        0.533333333333333        0.633333333333333       -6.732976033140560       -6.732976033140565        0.000000000000006
        0.566666666666667        0.666666666666667       -6.732976033140565       -6.732976033140569        0.000000000000004
        0.500000000000000        0.700000000000000      -26.014221752783163      -26.014221752783172        0.000000000000009
        0.533333333333333        0.733333333333333      -22.528976897591971      -22.528976897591980        0.000000000000010
        0.566666666666667        0.766666666666667      -13.007110876391590      -13.007110876391596        0.000000000000006
        0.500000000000000        0.800000000000000      -36.789665217367146      -36.789665217367159        0.000000000000013
        0.533333333333333        0.833333333333333      -25.127808641824141      -25.127808641824153        0.000000000000012
        0.566666666666667        0.866666666666667      -11.661856575543017      -11.661856575543021        0.000000000000004
        0.500000000000000        0.900000000000000      -26.014221752783176      -26.014221752783176        0.000000000000000
        0.533333333333333        0.933333333333333      -13.007110876391592      -13.007110876391590        0.000000000000002
        0.566666666666667        0.966666666666667       -3.485244855191203       -3.485244855191202        0.000000000000001
        0.500000000000000        1.000000000000000       -0.000000000000011       -0.000000000000011        0.000000000000000
        0.533333333333333        1.033333333333333        6.732976033140557        6.732976033140554        0.000000000000003
        0.566666666666667        1.066666666666667        6.732976033140563        6.732976033140562        0.000000000000001
        0.600000000000000        0.000000000000000       -0.000000000000010       -0.000000000000008        0.000000000000001
        0.633333333333333        0.033333333333333       13.007110876391573       13.007110876391584        0.000000000000011
        0.666666666666667        0.066666666666667       22.528976897591960       22.528976897591966        0.000000000000007
        0.600000000000000        0.100000000000000       -0.000000000000007       -0.000000000000006        0.000000000000001
        0.633333333333333        0.133333333333333        6.732976033140558        6.732976033140556        0.000000000000002
        0.666666666666667        0.166666666666667        6.732976033140561        6.732976033140556        0.000000000000006
        0.600000000000000        0.200000000000000       -0.000000000000000       -0.000000000000000        0.000000000000000
        0.633333333333333        0.233333333333333       -3.485244855191194       -3.485244855191194        0.000000000000000
        0.666666666666667        0.266666666666667      -13.007110876391576      -13.007110876391575        0.000000000000001
        0.600000000000000        0.300000000000000        0.000000000000007        0.000000000000006        0.000000000000001
        0.633333333333333        0.333333333333333      -11.661856575542998      -11.661856575543003        0.000000000000005
        0.666666666666667        0.366666666666667      -25.127808641824123      -25.127808641824128        0.000000000000005
        0.600000000000000        0.400000000000000        0.000000000000010        0.000000000000008        0.000000000000001
        0.633333333333333        0.433333333333333      -13.007110876391573      -13.007110876391579        0.000000000000006
        0.666666666666667        0.466666666666667      -22.528976897591961      -22.528976897591969        0.000000000000008
        0.600000000000000        0.500000000000000        0.000000000000007        0.000000000000006        0.000000000000001
        0.633333333333333        0.533333333333333       -6.732976033140560       -6.732976033140565        0.000000000000006
        0.666666666666667        0.566666666666667       -6.732976033140565       -6.732976033140569        0.000000000000004
        0.600000000000000        0.600000000000000        0.000000000000000        0.000000000000000        0.000000000000000
        0.633333333333333        0.633333333333333        3.485244855191192        3.485244855191195        0.000000000000003
        0.666666666666667        0.666666666666667       13.007110876391573       13.007110876391579        0.000000000000006
        0.600000000000000        0.700000000000000       -0.000000000000007       -0.000000000000006        0.000000000000001
        0.633333333333333        0.733333333333333       11.661856575542997       11.661856575543003        0.000000000000006
        0.666666666666667        0.766666666666667       25.127808641824122       25.127808641824130        0.000000000000008
        0.600000000000000        0.800000000000000       -0.000000000000010       -0.000000000000008        0.000000000000001
        0.633333333333333        0.833333333333333       13.007110876391574       13.007110876391581        0.000000000000007
        0.666666666666667        0.866666666666667       22.528976897591963       22.528976897591968        0.000000000000005
        0.600000000000000        0.900000000000000       -0.000000000000007       -0.000000000000006        0.000000000000001
        0.633333333333333        0.933333333333333        6.732976033140561        6.732976033140560        0.000000000000001
        0.666666666666667        0.966666666666667        6.732976033140568        6.732976033140564        0.000000000000003
        0.600000000000000        1.000000000000000       -0.000000000000000       -0.000000000000000        0.000000000000000
        0.633333333333333        1.033333333333333       -3.485244855191191       -3.485244855191189        0.000000000000001
        0.666666666666667        1.066666666666667      -13.007110876391570      -13.007110876391566        0.000000000000004
        0.700000000000000        0.000000000000000       36.789665217367132       36.789665217367156        0.000000000000024
        0.733333333333333        0.033333333333333       43.522641250507697       43.522641250507718        0.000000000000021
        0.766666666666667        0.066666666666667       43.522641250507700       43.522641250507706        0.000000000000006
        0.700000000000000        0.100000000000000       26.014221752783160       26.014221752783152        0.000000000000008
        0.733333333333333        0.133333333333333       22.528976897591966       22.528976897591949        0.000000000000017
        0.766666666666667        0.166666666666667       13.007110876391584       13.007110876391571        0.000000000000013
        0.700000000000000        0.200000000000000        0.000000000000002        0.000000000000000        0.000000000000002
        0.733333333333333        0.233333333333333      -11.661856575543003      -11.661856575542998        0.000000000000005
        0.766666666666667        0.266666666666667      -25.127808641824127      -25.127808641824121        0.000000000000006
        0.700000000000000        0.300000000000000      -26.014221752783157      -26.014221752783155        0.000000000000001
        0.733333333333333        0.333333333333333      -39.021332629174740      -39.021332629174740        0.000000000000000
        0.766666666666667        0.366666666666667      -48.543198650375127      -48.543198650375130        0.000000000000003
        0.700000000000000        0.400000000000000      -36.789665217367132      -36.789665217367135        0.000000000000003
        0.733333333333333        0.433333333333333      -43.522641250507698      -43.522641250507701        0.000000000000003
        0.766666666666667        0.466666666666667      -43.522641250507703      -43.522641250507711        0.000000000000008
        0.700000000000000        0.500000000000000      -26.014221752783163      -26.014221752783172        0.000000000000009
        0.733333333333333        0.533333333333333      -22.528976897591971      -22.528976897591980        0.000000000000010
        0.766666666666667        0.566666666666667      -13.007110876391590      -13.007110876391596        0.000000000000006
        0.700000000000000        0.600000000000000       -0.000000000000007       -0.000000000000006        0.000000000000001
        0.733333333333333        0.633333333333333       11.661856575542997       11.661856575543003        0.000000000000006
        0.766666666666667        0.666666666666667       25.127808641824122       25.127808641824130        0.000000000000008
        0.700000000000000        0.700000000000000       26.014221752783153       26.014221752783158        0.000000000000005
        0.733333333333333        0.733333333333333       39.021332629174737       39.021332629174741        0.000000000000004
        0.766666666666667        0.766666666666667       48.543198650375126       48.543198650375133        0.000000000000007
        0.700000000000000        0.800000000000000       36.789665217367132       36.789665217367140        0.000000000000008
        0.733333333333333        0.833333333333333       43.522641250507700       43.522641250507706        0.000000000000007
        0.766666666666667        0.866666666666667       43.522641250507706       43.522641250507709        0.000000000000002
        0.700000000000000        0.900000000000000       26.014221752783166       26.014221752783162        0.000000000000004
        0.733333333333333        0.933333333333333       22.528976897591976       22.528976897591965        0.000000000000011
        0.766666666666667        0.966666666666667       13.007110876391596       13.007110876391587        0.000000000000009
        0.700000000000000        1.000000000000000        0.000000000000011        0.000000000000011        0.000000000000000
        0.733333333333333        1.033333333333333      -11.661856575542992      -11.661856575542984        0.000000000000008
        0.766666666666667        1.066666666666667      -25.127808641824117      -25.127808641824105        0.000000000000011
        0.800000000000000        0.000000000000000       52.028443505566329       52.028443505566364        0.000000000000035
        0.833333333333333        0.033333333333333       48.543198650375135       48.543198650375161        0.000000000000026
        0.866666666666667        0.066666666666667       39.021332629174753       39.021332629174755        0.000000000000002
        0.800000000000000        0.100000000000000       36.789665217367141       36.789665217367131        0.000000000000010
        0.833333333333333        0.133333333333333       25.127808641824136       25.127808641824118        0.000000000000018
        0.866666666666667        0.166666666666667       11.661856575543011       11.661856575542998        0.000000000000013
        0.800000000000000        0.200000000000000        0.000000000000003        0.000000000000000        0.000000000000003
        0.833333333333333        0.233333333333333      -13.007110876391580      -13.007110876391575        0.000000000000005
        0.866666666666667        0.266666666666667      -22.528976897591968      -22.528976897591960        0.000000000000008
        0.800000000000000        0.300000000000000      -36.789665217367137      -36.789665217367136        0.000000000000001
        0.833333333333333        0.333333333333333      -43.522641250507703      -43.522641250507705        0.000000000000003
        0.866666666666667        0.366666666666667      -43.522641250507708      -43.522641250507706        0.000000000000002
        0.800000000000000        0.400000000000000      -52.028443505566329      -52.028443505566334        0.000000000000005
        0.833333333333333        0.433333333333333      -48.543198650375137      -48.543198650375142        0.000000000000005
        0.866666666666667        0.466666666666667      -39.021332629174756      -39.021332629174759        0.000000000000003
        0.800000000000000        0.500000000000000      -36.789665217367146      -36.789665217367159        0.000000000000013
        0.833333333333333        0.533333333333333      -25.127808641824141      -25.127808641824153        0.000000000000012
        0.866666666666667        0.566666666666667      -11.661856575543017      -11.661856575543021        0.000000000000004
        0.800000000000000        0.600000000000000       -0.000000000000010       -0.000000000000008        0.000000000000001
        0.833333333333333        0.633333333333333       13.007110876391574       13.007110876391581        0.000000000000007
        0.866666666666667        0.666666666666667       22.528976897591963       22.528976897591968        0.000000000000005
        0.800000000000000        0.700000000000000       36.789665217367132       36.789665217367140        0.000000000000008
        0.833333333333333        0.733333333333333       43.522641250507700       43.522641250507706        0.000000000000007
        0.866666666666667        0.766666666666667       43.522641250507706       43.522641250507709        0.000000000000002
        0.800000000000000        0.800000000000000       52.028443505566329       52.028443505566341        0.000000000000012
        0.833333333333333        0.833333333333333       48.543198650375139       48.543198650375148        0.000000000000010
        0.866666666666667        0.866666666666667       39.021332629174759       39.021332629174757        0.000000000000002
        0.800000000000000        0.900000000000000       36.789665217367150       36.789665217367145        0.000000000000005
        0.833333333333333        0.933333333333333       25.127808641824147       25.127808641824136        0.000000000000011
        0.866666666666667        0.966666666666667       11.661856575543022       11.661856575543013        0.000000000000009
        0.800000000000000        1.000000000000000        0.000000000000016        0.000000000000016        0.000000000000000
        0.833333333333333        1.033333333333333      -13.007110876391568      -13.007110876391559        0.000000000000008
        0.866666666666667        1.066666666666667      -22.528976897591958      -22.528976897591946        0.000000000000013
        0.900000000000000        0.000000000000000       36.789665217367150       36.789665217367161        0.000000000000011
        0.933333333333333        0.033333333333333       25.127808641824145       25.127808641824142        0.000000000000003
        0.966666666666667        0.066666666666667       11.661856575543020       11.661856575543012        0.000000000000008
        0.900000000000000        0.100000000000000       26.014221752783173       26.014221752783156        0.000000000000017
        0.933333333333333        0.133333333333333       13.007110876391590       13.007110876391572        0.000000000000017
        0.966666666666667        0.166666666666667        3.485244855191202        3.485244855191195        0.000000000000006
        0.900000000000000        0.200000000000000        0.000000000000002        0.000000000000000        0.000000000000002
        0.933333333333333        0.233333333333333       -6.732976033140564       -6.732976033140557        0.000000000000007
        0.966666666666667        0.266666666666667       -6.732976033140569       -6.732976033140562        0.000000000000007
        0.900000000000000        0.300000000000000      -26.014221752783169      -26.014221752783159        0.000000000000010
        0.933333333333333        0.333333333333333      -22.528976897591977      -22.528976897591964        0.000000000000013
        0.966666666666667        0.366666666666667      -13.007110876391596      -13.007110876391586        0.000000000000010
        0.900000000000000        0.400000000000000      -36.789665217367150      -36.789665217367140        0.000000000000010
        0.933333333333333        0.433333333333333      -25.127808641824146      -25.127808641824133        0.000000000000013
        0.966666666666667        0.466666666666667      -11.661856575543021      -11.661856575543014        0.000000000000008
        0.900000000000000        0.500000000000000      -26.014221752783176      -26.014221752783176        0.000000000000000
        0.933333333333333        0.533333333333333      -13.007110876391592      -13.007110876391590        0.000000000000002
        0.966666666666667        0.566666666666667       -3.485244855191203       -3.485244855191202        0.000000000000001
        0.900000000000000        0.600000000000000       -0.000000000000007       -0.000000000000006        0.000000000000001
        0.933333333333333        0.633333333333333        6.732976033140561        6.732976033140560        0.000000000000001
        0.966666666666667        0.666666666666667        6.732976033140568        6.732976033140564        0.000000000000003
        0.900000000000000        0.700000000000000       26.014221752783166       26.014221752783162        0.000000000000004
        0.933333333333333        0.733333333333333       22.528976897591976       22.528976897591965        0.000000000000011
        0.966666666666667        0.766666666666667       13.007110876391596       13.007110876391587        0.000000000000009
        0.900000000000000        0.800000000000000       36.789665217367150       36.789665217367145        0.000000000000005
        0.933333333333333        0.833333333333333       25.127808641824147       25.127808641824136        0.000000000000011
        0.966666666666667        0.866666666666667       11.661856575543022       11.661856575543013        0.000000000000009
        0.900000000000000        0.900000000000000       26.014221752783179       26.014221752783166        0.000000000000013
        0.933333333333333        0.933333333333333       13.007110876391595       13.007110876391581        0.000000000000014
        0.966666666666667        0.966666666666667        3.485244855191205        3.485244855191200        0.000000000000005
        0.900000000000000        1.000000000000000        0.000000000000011        0.000000000000011        0.000000000000000
        0.933333333333333        1.033333333333333       -6.732976033140558       -6.732976033140549        0.000000000000009
        0.966666666666667        1.066666666666667       -6.732976033140566       -6.732976033140558        0.000000000000009
        1.000000000000000        0.000000000000000        0.000000000000016        0.000000000000016        0.000000000000000
        1.033333333333333        0.033333333333333      -13.007110876391567      -13.007110876391563        0.000000000000004
        1.066666666666667        0.066666666666667      -22.528976897591955      -22.528976897591944        0.000000000000010
        1.000000000000000        0.100000000000000        0.000000000000011        0.000000000000011        0.000000000000000
        1.033333333333333        0.133333333333333       -6.732976033140555       -6.732976033140545        0.000000000000010
        1.066666666666667        0.166666666666667       -6.732976033140560       -6.732976033140549        0.000000000000011
        1.000000000000000        0.200000000000000        0.000000000000000        0.000000000000000        0.000000000000000
        1.033333333333333        0.233333333333333        3.485244855191192        3.485244855191188        0.000000000000004
        1.066666666666667        0.266666666666667       13.007110876391573       13.007110876391562        0.000000000000011
        1.000000000000000        0.300000000000000       -0.000000000000011       -0.000000000000011        0.000000000000000
        1.033333333333333        0.333333333333333       11.661856575542993       11.661856575542984        0.000000000000009
        1.066666666666667        0.366666666666667       25.127808641824118       25.127808641824104        0.000000000000014
        1.000000000000000        0.400000000000000       -0.000000000000016       -0.000000000000016        0.000000000000000
        1.033333333333333        0.433333333333333       13.007110876391567       13.007110876391558        0.000000000000010
        1.066666666666667        0.466666666666667       22.528976897591957       22.528976897591947        0.000000000000010
        1.000000000000000        0.500000000000000       -0.000000000000011       -0.000000000000011        0.000000000000000
        1.033333333333333        0.533333333333333        6.732976033140557        6.732976033140554        0.000000000000003
        1.066666666666667        0.566666666666667        6.732976033140563        6.732976033140562        0.000000000000001
        1.000000000000000        0.600000000000000       -0.000000000000000       -0.000000000000000        0.000000000000000
        1.033333333333333        0.633333333333333       -3.485244855191191       -3.485244855191189        0.000000000000001
        1.066666666666667        0.666666666666667      -13.007110876391570      -13.007110876391566        0.000000000000004
        1.000000000000000        0.700000000000000        0.000000000000011        0.000000000000011        0.000000000000000
        1.033333333333333        0.733333333333333      -11.661856575542992      -11.661856575542984        0.000000000000008
        1.066666666666667        0.766666666666667      -25.127808641824117      -25.127808641824105        0.000000000000011
        1.000000000000000        0.800000000000000        0.000000000000016        0.000000000000016        0.000000000000000
        1.033333333333333        0.833333333333333      -13.007110876391568      -13.007110876391559        0.000000000000008
        1.066666666666667        0.866666666666667      -22.528976897591958      -22.528976897591946        0.000000000000013
        1.000000000000000        0.900000000000000        0.000000000000011        0.000000000000011        0.000000000000000
        1.033333333333333        0.933333333333333       -6.732976033140558       -6.732976033140549        0.000000000000009
        1.066666666666667        0.966666666666667       -6.732976033140566       -6.732976033140558        0.000000000000009
        1.000000000000000        1.000000000000000        0.000000000000000        0.000000000000000        0.000000000000000
        1.033333333333333        1.033333333333333        3.485244855191189        3.485244855191184        0.000000000000005
        1.066666666666667        1.066666666666667       13.007110876391568       13.007110876391554        0.000000000000014
