        0.000000000000000        0.000000000000000       51.263866789684346       51.263866789684404        0.000000000000057
        0.033333333333333        0.033333333333333       47.829838862886204       47.829838862886244        0.000000000000041
        0.066666666666667        0.066666666666667       38.447900092263261       38.447900092263266        0.000000000000005
        0.000000000000000        0.100000000000000       36.249027836829651       36.249027836829657        0.000000000000006
        0.033333333333333        0.133333333333333       24.758546443799291       24.758546443799282        0.000000000000009
        0.066666666666667        0.166666666666667       11.490481393030363       11.490481393030351        0.000000000000012
        0.000000000000000        0.200000000000000        0.000000000000003        0.000000000000000        0.000000000000003
        0.033333333333333        0.233333333333333      -12.815966697421083      -12.815966697421083        0.000000000000000
        0.066666666666667        0.266666666666667      -22.197905468044027      -22.197905468044022        0.000000000000006
        0.000000000000000        0.300000000000000      -36.249027836829646      -36.249027836829661        0.000000000000015
        0.033333333333333        0.333333333333333      -42.883060362214112      -42.883060362214128        0.000000000000016
        0.066666666666667        0.366666666666667      -42.883060362214113      -42.883060362214115        0.000000000000002
        0.000000000000000        0.400000000000000      -51.263866789684346      -51.263866789684374        0.000000000000027
        0.033333333333333        0.433333333333333      -47.829838862886205      -47.829838862886226        0.000000000000021
        0.066666666666667        0.466666666666667      -38.447900092263263      -38.447900092263270        0.000000000000007
        0.000000000000000        0.500000000000000      -36.249027836829655      -36.249027836829684        0.000000000000029
        0.033333333333333        0.533333333333333      -24.758546443799296      -24.758546443799316        0.000000000000020
        0.066666666666667        0.566666666666667      -11.490481393030368      -11.490481393030373        0.000000000000005
        0.000000000000000        0.600000000000000       -0.000000000000009       -0.000000000000008        0.000000000000001
        0.033333333333333        0.633333333333333       12.815966697421077       12.815966697421088        0.000000000000011
        0.066666666666667        0.666666666666667       22.197905468044023       22.197905468044029        0.000000000000007
        0.000000000000000        0.700000000000000       36.249027836829642       36.249027836829665        0.000000000000024
        0.033333333333333        0.733333333333333       42.883060362214109       42.883060362214129        0.000000000000020
        0.066666666666667        0.766666666666667       42.883060362214112       42.883060362214118        0.000000000000006
        0.000000000000000        0.800000000000000       51.263866789684346       51.263866789684381        0.000000000000035
        0.033333333333333        0.833333333333333       47.829838862886207       47.829838862886232        0.000000000000025
        0.066666666666667        0.866666666666667       38.447900092263266       38.447900092263268        0.000000000000002
        0.000000000000000        0.900000000000000       36.249027836829659       36.249027836829670        0.000000000000011
        0.033333333333333        0.933333333333333       24.758546443799302       24.758546443799299        0.000000000000003
        0.066666666666667        0.966666666666667       11.490481393030373       11.490481393030365        0.000000000000008
        0.000000000000000        1.000000000000000        0.000000000000016        0.000000000000016        0.000000000000000
        0.033333333333333        1.033333333333333      -12.815966697421071      -12.815966697421067        0.000000000000004
        0.066666666666667        1.066666666666667      -22.197905468044018      -22.197905468044008        0.000000000000010
        0.100000000000000        0.000000000000000       36.249027836829651       36.249027836829657        0.000000000000006
        0.133333333333333        0.033333333333333       24.758546443799291       24.758546443799282        0.000000000000009
        0.166666666666667        0.066666666666667       11.490481393030363       11.490481393030351        0.000000000000012
        0.100000000000000        0.100000000000000       25.631933394842175       25.631933394842155        0.000000000000020
        0.133333333333333        0.133333333333333       12.815966697421088       12.815966697421068        0.000000000000021
        0.166666666666667        0.166666666666667        3.434027926798144        3.434027926798137        0.000000000000008
        0.100000000000000        0.200000000000000        0.000000000000002        0.000000000000000        0.000000000000002
        0.133333333333333        0.233333333333333       -6.634032525384463       -6.634032525384455        0.000000000000008
        0.166666666666667        0.266666666666667       -6.634032525384465       -6.634032525384455        0.000000000000009
        0.100000000000000        0.300000000000000      -25.631933394842172      -25.631933394842158        0.000000000000014
        0.133333333333333        0.333333333333333      -22.197905468044030      -22.197905468044012        0.000000000000019
        0.166666666666667        0.366666666666667      -12.815966697421089      -12.815966697421074        0.000000000000014
        0.100000000000000        0.400000000000000      -36.249027836829651      -36.249027836829636        0.000000000000015
        0.133333333333333        0.433333333333333      -24.758546443799292      -24.758546443799272        0.000000000000020
        0.166666666666667        0.466666666666667      -11.490481393030363      -11.490481393030352        0.000000000000011
        0.100000000000000        0.500000000000000      -25.631933394842178      -25.631933394842174        0.000000000000004
        0.133333333333333        0.533333333333333      -12.815966697421091      -12.815966697421086        0.000000000000005
        0.166666666666667        0.566666666666667       -3.434027926798146       -3.434027926798143        0.000000000000002
        0.100000000000000        0.600000000000000       -0.000000000000007       -0.000000000000006        0.000000000000001
        0.133333333333333        0.633333333333333        6.634032525384460        6.634032525384458        0.000000000000002
        0.166666666666667        0.666666666666667        6.634032525384463        6.634032525384458        0.000000000000006
        0.100000000000000        0.700000000000000       25.631933394842168       25.631933394842161        0.000000000000008
        0.133333333333333        0.733333333333333       22.197905468044029       22.197905468044012        0.000000000000017
        0.166666666666667        0.766666666666667       12.815966697421088       12.815966697421075        0.000000000000013
        0.100000000000000        0.800000000000000       36.249027836829651       36.249027836829641        0.000000000000010
        0.133333333333333        0.833333333333333       24.758546443799293       24.758546443799275        0.000000000000017
        0.166666666666667        0.866666666666667       11.490481393030364       11.490481393030351        0.000000000000013
        0.100000000000000        0.900000000000000       25.631933394842181       25.631933394842164        0.000000000000017
        0.133333333333333        0.933333333333333       12.815966697421094       12.815966697421077        0.000000000000017
        0.166666666666667        0.966666666666667        3.434027926798147        3.434027926798141        0.000000000000006
        0.100000000000000        1.000000000000000        0.000000000000011        0.000000000000011        0.000000000000000
        0.133333333333333        1.033333333333333       -6.634032525384457       -6.634032525384447        0.000000000000010
        0.166666666666667        1.066666666666667       -6.634032525384462       -6.634032525384451        0.000000000000011
        0.200000000000000        0.000000000000000        0.000000000000003        0.000000000000000        0.000000000000003
        0.233333333333333        0.033333333333333      -12.815966697421083      -12.815966697421083        0.000000000000000
        0.266666666666667        0.066666666666667      -22.197905468044027      -22.197905468044022        0.000000000000006
        0.200000000000000        0.100000000000000        0.000000000000002        0.000000000000000        0.000000000000002
        0.233333333333333        0.133333333333333       -6.634032525384463       -6.634032525384455        0.000000000000008
        0.266666666666667        0.166666666666667       -6.634032525384465       -6.634032525384455        0.000000000000009
        0.200000000000000        0.200000000000000        0.000000000000000        0.000000000000000        0.000000000000000
        0.233333333333333        0.233333333333333        3.434027926798141        3.434027926798138        0.000000000000003
        0.266666666666667        0.266666666666667       12.815966697421083       12.815966697421075        0.000000000000008
        0.200000000000000        0.300000000000000       -0.000000000000002       -0.000000000000000        0.000000000000002
        0.233333333333333        0.333333333333333       11.490481393030356       11.490481393030351        0.000000000000006
        0.266666666666667        0.366666666666667       24.758546443799285       24.758546443799277        0.000000000000008
        0.200000000000000        0.400000000000000       -0.000000000000003       -0.000000000000000        0.000000000000003
        0.233333333333333        0.433333333333333       12.815966697421084       12.815966697421078        0.000000000000006
        0.266666666666667        0.466666666666667       22.197905468044029       22.197905468044024        0.000000000000005
        0.200000000000000        0.500000000000000       -0.000000000000002       -0.000000000000000        0.000000000000002
        0.233333333333333        0.533333333333333        6.634032525384465        6.634032525384464        0.000000000000001
        0.266666666666667        0.566666666666667        6.634032525384468        6.634032525384468        0.000000000000000
        0.200000000000000        0.600000000000000       -0.000000000000000       -0.000000000000000        0.000000000000000
        0.233333333333333        0.633333333333333       -3.434027926798139       -3.434027926798139        0.000000000000000
        0.266666666666667        0.666666666666667      -12.815966697421080      -12.815966697421079        0.000000000000001
        0.200000000000000        0.700000000000000        0.000000000000002        0.000000000000000        0.000000000000002
        0.233333333333333        0.733333333333333      -11.490481393030356      -11.490481393030351        0.000000000000005
        0.266666666666667        0.766666666666667      -24.758546443799284      -24.758546443799278        0.000000000000006
        0.200000000000000        0.800000000000000        0.000000000000003        0.000000000000000        0.000000000000003
        0.233333333333333        0.833333333333333      -12.815966697421084      -12.815966697421079        0.000000000000005
        0.266666666666667        0.866666666666667      -22.197905468044030      -22.197905468044023        0.000000000000008
        0.200000000000000        0.900000000000000        0.000000000000002        0.000000000000000        0.000000000000002
        0.233333333333333        0.933333333333333       -6.634032525384466       -6.634032525384459        0.000000000000007
        0.266666666666667        0.966666666666667       -6.634032525384471       -6.634032525384464        0.000000000000007
        0.200000000000000        1.000000000000000        0.000000000000000        0.000000000000000        0.000000000000000
        0.233333333333333        1.033333333333333        3.434027926798138        3.434027926798134        0.000000000000004
        0.266666666666667        1.066666666666667       12.815966697421077       12.815966697421067        0.000000000000011
        0.300000000000000        0.000000000000000      -36.249027836829646      -36.249027836829661        0.000000000000015
        0.333333333333333        0.033333333333333      -42.883060362214112      -42.883060362214128        0.000000000000016
        0.366666666666667        0.066666666666667      -42.883060362214113      -42.883060362214115        0.000000000000002
        0.300000000000000        0.100000000000000      -25.631933394842172      -25.631933394842158        0.000000000000014
        0.333333333333333        0.133333333333333      -22.197905468044030      -22.197905468044012        0.000000000000019
        0.366666666666667        0.166666666666667      -12.815966697421089      -12.815966697421074        0.000000000000014
        0.300000000000000        0.200000000000000       -0.000000000000002       -0.000000000000000        0.000000000000002
        0.333333333333333        0.233333333333333       11.490481393030356       11.490481393030351        0.000000000000006
        0.366666666666667        0.266666666666667       24.758546443799285       24.758546443799277        0.000000000000008
        0.300000000000000        0.300000000000000       25.631933394842168       25.631933394842161        0.000000000000007
        0.333333333333333        0.333333333333333       38.447900092263255       38.447900092263252        0.000000000000003
        0.366666666666667        0.366666666666667       47.829838862886200       47.829838862886199        0.000000000000002
        0.300000000000000        0.400000000000000       36.249027836829646       36.249027836829640        0.000000000000006
        0.333333333333333        0.433333333333333       42.883060362214113       42.883060362214112        0.000000000000001
        0.366666666666667        0.466666666666667       42.883060362214116       42.883060362214120        0.000000000000004
        0.300000000000000        0.500000000000000       25.631933394842175       25.631933394842177        0.000000000000003
        0.333333333333333        0.533333333333333       22.197905468044035       22.197905468044043        0.000000000000007
        0.366666666666667        0.566666666666667       12.815966697421094       12.815966697421099        0.000000000000005
        0.300000000000000        0.600000000000000        0.000000000000007        0.000000000000006        0.000000000000001
        0.333333333333333        0.633333333333333      -11.490481393030351      -11.490481393030356        0.000000000000005
        0.366666666666667        0.666666666666667      -24.758546443799280      -24.758546443799285        0.000000000000005
        0.300000000000000        0.700000000000000      -25.631933394842165      -25.631933394842164        0.000000000000001
        0.333333333333333        0.733333333333333      -38.447900092263252      -38.447900092263253        0.000000000000000
        0.366666666666667        0.766666666666667      -47.829838862886199      -47.829838862886202        0.000000000000003
        0.300000000000000        0.800000000000000      -36.249027836829646      -36.249027836829645        0.000000000000001
        0.333333333333333        0.833333333333333      -42.883060362214114      -42.883060362214117        0.000000000000003
        0.366666666666667        0.866666666666667      -42.883060362214119      -42.883060362214117        0.000000000000002
        0.300000000000000        0.900000000000000      -25.631933394842178      -25.631933394842168        0.000000000000010
        0.333333333333333        0.933333333333333      -22.197905468044040      -22.197905468044027        0.000000000000013
        0.366666666666667        0.966666666666667      -12.815966697421100      -12.815966697421090        0.000000000000010
        0.300000000000000        1.000000000000000       -0.000000000000011       -0.000000000000011        0.000000000000000
        0.333333333333333        1.033333333333333       11.490481393030346       11.490481393030337        0.000000000000009
        0.366666666666667        1.066666666666667       24.758546443799275       24.758546443799261        0.000000000000014
        0.400000000000000        0.000000000000000      -51.263866789684346      -51.263866789684374        0.000000000000027
        0.433333333333333        0.033333333333333      -47.829838862886205      -47.829838862886226        0.000000000000021
        0.466666666666667        0.066666666666667      -38.447900092263263      -38.447900092263270        0.000000000000007
        0.400000000000000        0.100000000000000      -36.249027836829651      -36.249027836829636        0.000000000000015
        0.433333333333333        0.133333333333333      -24.758546443799292      -24.758546443799272        0.000000000000020
        0.466666666666667        0.166666666666667      -11.490481393030363      -11.490481393030352        0.000000000000011
        0.400000000000000        0.200000000000000       -0.000000000000003       -0.000000000000000        0.000000000000003
        0.433333333333333        0.233333333333333       12.815966697421084       12.815966697421078        0.000000000000006
        0.466666666666667        0.266666666666667       22.197905468044029       22.197905468044024        0.000000000000005
        0.400000000000000        0.300000000000000       36.249027836829646       36.249027836829640        0.000000000000006
        0.433333333333333        0.333333333333333       42.883060362214113       42.883060362214112        0.000000000000001
        0.466666666666667        0.366666666666667       42.883060362214116       42.883060362214120        0.000000000000004
        0.400000000000000        0.400000000000000       51.263866789684346       51.263866789684344        0.000000000000002
        0.433333333333333        0.433333333333333       47.829838862886207       47.829838862886208        0.000000000000001
        0.466666666666667        0.466666666666667       38.447900092263266       38.447900092263274        0.000000000000008
        0.400000000000000        0.500000000000000       36.249027836829655       36.249027836829663        0.000000000000008
        0.433333333333333        0.533333333333333       24.758546443799297       24.758546443799307        0.000000000000009
        0.466666666666667        0.566666666666667       11.490481393030369       11.490481393030374        0.000000000000006
        0.400000000000000        0.600000000000000        0.000000000000009        0.000000000000008        0.000000000000001
        0.433333333333333        0.633333333333333      -12.815966697421078      -12.815966697421084        0.000000000000006
        0.466666666666667        0.666666666666667      -22.197905468044024      -22.197905468044032        0.000000000000008
        0.400000000000000        0.700000000000000      -36.249027836829642      -36.249027836829644        0.000000000000003
        0.433333333333333        0.733333333333333      -42.883060362214110      -42.883060362214112        0.000000000000002
        0.466666666666667        0.766666666666667      -42.883060362214115      -42.883060362214123        0.000000000000008
        0.400000000000000        0.800000000000000      -51.263866789684346      -51.263866789684351        0.000000000000005
        0.433333333333333        0.833333333333333      -47.829838862886208      -47.829838862886214        0.000000000000005
        0.466666666666667        0.866666666666667      -38.447900092263269      -38.447900092263272        0.000000000000003
        0.400000000000000        0.900000000000000      -36.249027836829659      -36.249027836829649        0.000000000000010
        0.433333333333333        0.933333333333333      -24.758546443799302      -24.758546443799289        0.000000000000013
        0.466666666666667        0.966666666666667      -11.490481393030374      -11.490481393030366        0.000000000000007
        0.400000000000000        1.000000000000000       -0.000000000000016       -0.000000000000016        0.000000000000000
        0.433333333333333        1.033333333333333       12.815966697421072       12.815966697421062        0.000000000000010
        0.466666666666667        1.066666666666667       22.197905468044019       22.197905468044010        0.000000000000009
        0.500000000000000        0.000000000000000      -36.249027836829655      -36.249027836829684        0.000000000000029
        0.533333333333333        0.033333333333333      -24.758546443799296      -24.758546443799316        0.000000000000020
        0.566666666666667        0.066666666666667      -11.490481393030368      -11.490481393030373        0.000000000000005
        0.500000000000000        0.100000000000000      -25.631933394842178      -25.631933394842174        0.000000000000004
        0.533333333333333        0.133333333333333      -12.815966697421091      -12.815966697421086        0.000000000000005
        0.566666666666667        0.166666666666667       -3.434027926798146       -3.434027926798143        0.000000000000002
        0.500000000000000        0.200000000000000       -0.000000000000002       -0.000000000000000        0.000000000000002
        0.533333333333333        0.233333333333333        6.634032525384465        6.634032525384464        0.000000000000001
        0.566666666666667        0.266666666666667        6.634032525384468        6.634032525384468        0.000000000000000
        0.500000000000000        0.300000000000000       25.631933394842175       25.631933394842177        0.000000000000003
        0.533333333333333        0.333333333333333       22.197905468044035       22.197905468044043        0.000000000000007
        0.566666666666667        0.366666666666667       12.815966697421094       12.815966697421099        0.000000000000005
        0.500000000000000        0.400000000000000       36.249027836829655       36.249027836829663        0.000000000000008
        0.533333333333333        0.433333333333333       24.758546443799297       24.758546443799307        0.000000000000009
        0.566666666666667        0.466666666666667       11.490481393030369       11.490481393030374        0.000000000000006
        0.500000000000000        0.500000000000000       25.631933394842181       25.631933394842194        0.000000000000013
        0.533333333333333        0.533333333333333       12.815966697421094       12.815966697421103        0.000000000000010
        0.566666666666667        0.566666666666667        3.434027926798147        3.434027926798150        0.000000000000003
        0.500000000000000        0.600000000000000        0.000000000000007        0.000000000000006        0.000000000000001
        0.533333333333333        0.633333333333333       -6.634032525384462       -6.634032525384467        0.000000000000005
        0.566666666666667        0.666666666666667       -6.634032525384466       -6.634032525384471        0.000000000000004
        0.500000000000000        0.700000000000000      -25.631933394842172      -25.631933394842180        0.000000000000009
        0.533333333333333        0.733333333333333      -22.197905468044034      -22.197905468044043        0.000000000000009
        0.566666666666667        0.766666666666667      -12.815966697421094      -12.815966697421100        0.000000000000006
        0.500000000000000        0.800000000000000      -36.249027836829655      -36.249027836829668        0.000000000000013
        0.533333333333333        0.833333333333333      -24.758546443799298      -24.758546443799310        0.000000000000012
        0.566666666666667        0.866666666666667      -11.490481393030369      -11.490481393030374        0.000000000000004
        0.500000000000000        0.900000000000000      -25.631933394842184      -25.631933394842184        0.000000000000000
        0.533333333333333        0.933333333333333      -12.815966697421096      -12.815966697421094        0.000000000000002
        0.566666666666667        0.966666666666667       -3.434027926798149       -3.434027926798148        0.000000000000001
        0.500000000000000        1.000000000000000       -0.000000000000011       -0.000000000000011        0.000000000000000
        0.533333333333333        1.033333333333333        6.634032525384459        6.634032525384456        0.000000000000003
        0.566666666666667        1.066666666666667        6.634032525384465        6.634032525384464        0.000000000000001
        0.600000000000000        0.000000000000000       -0.000000000000009       -0.000000000000008        0.000000000000001
        0.633333333333333        0.033333333333333       12.815966697421077       12.815966697421088        0.000000000000011
        0.666666666666667        0.066666666666667       22.197905468044023       22.197905468044029        0.000000000000007
        0.600000000000000        0.100000000000000       -0.000000000000007       -0.000000000000006        0.000000000000001
        0.633333333333333        0.133333333333333        6.634032525384460        6.634032525384458        0.000000000000002
        0.666666666666667        0.166666666666667        6.634032525384463        6.634032525384458        0.000000000000006
        0.600000000000000        0.200000000000000       -0.000000000000000       -0.000000000000000        0.000000000000000
        0.633333333333333        0.233333333333333       -3.434027926798139       -3.434027926798139        0.000000000000000
        0.666666666666667        0.266666666666667      -12.815966697421080      -12.815966697421079        0.000000000000001
        0.600000000000000        0.300000000000000        0.000000000000007        0.000000000000006        0.000000000000001
        0.633333333333333        0.333333333333333      -11.490481393030351      -11.490481393030356        0.000000000000005
        0.666666666666667        0.366666666666667      -24.758546443799280      -24.758546443799285        0.000000000000005
        0.600000000000000        0.400000000000000        0.000000000000009        0.000000000000008        0.000000000000001
        0.633333333333333        0.433333333333333      -12.815966697421078      -12.815966697421084        0.000000000000006
        0.666666666666667        0.466666666666667      -22.197905468044024      -22.197905468044032        0.000000000000008
        0.600000000000000        0.500000000000000        0.000000000000007        0.000000000000006        0.000000000000001
        0.633333333333333        0.533333333333333       -6.634032525384462       -6.634032525384467        0.000000000000005
        0.666666666666667        0.566666666666667       -6.634032525384466       -6.634032525384471        0.000000000000004
        0.600000000000000        0.600000000000000        0.000000000000000        0.000000000000000        0.000000000000000
        0.633333333333333        0.633333333333333        3.434027926798138        3.434027926798141        0.000000000000003
        0.666666666666667        0.666666666666667       12.815966697421077       12.815966697421083        0.000000000000006
        0.600000000000000        0.700000000000000       -0.000000000000007       -0.000000000000006        0.000000000000001
        0.633333333333333        0.733333333333333       11.490481393030350       11.490481393030356        0.000000000000006
        0.666666666666667        0.766666666666667       24.758546443799279       24.758546443799287        0.000000000000008
        0.600000000000000        0.800000000000000       -0.000000000000009       -0.000000000000008        0.000000000000001
        0.633333333333333        0.833333333333333       12.815966697421078       12.815966697421085        0.000000000000007
        0.666666666666667        0.866666666666667       22.197905468044026       22.197905468044030        0.000000000000005
        0.600000000000000        0.900000000000000       -0.000000000000007       -0.000000000000006        0.000000000000001
        0.633333333333333        0.933333333333333        6.634032525384463        6.634032525384462        0.000000000000001
        0.666666666666667        0.966666666666667        6.634032525384469        6.634032525384466        0.000000000000003
        0.600000000000000        1.000000000000000       -0.000000000000000       -0.000000000000000        0.000000000000000
        0.633333333333333        1.033333333333333       -3.434027926798136       -3.434027926798135        0.000000000000001
        0.666666666666667        1.066666666666667      -12.815966697421075      -12.815966697421071        0.000000000000004
        0.700000000000000        0.000000000000000       36.249027836829642       36.249027836829665        0.000000000000024
        0.733333333333333        0.033333333333333       42.883060362214109       42.883060362214129        0.000000000000020
        0.766666666666667        0.066666666666667       42.883060362214112       42.883060362214118        0.000000000000006
        0.700000000000000        0.100000000000000       25.631933394842168       25.631933394842161        0.000000000000008
        0.733333333333333        0.133333333333333       22.197905468044029       22.197905468044012        0.000000000000017
        0.766666666666667        0.166666666666667       12.815966697421088       12.815966697421075        0.000000000000013
        0.700000000000000        0.200000000000000        0.000000000000002        0.000000000000000        0.000000000000002
        0.733333333333333        0.233333333333333      -11.490481393030356      -11.490481393030351        0.000000000000005
        0.766666666666667        0.266666666666667      -24.758546443799284      -24.758546443799278        0.000000000000006
        0.700000000000000        0.300000000000000      -25.631933394842165      -25.631933394842164        0.000000000000001
        0.733333333333333        0.333333333333333      -38.447900092263252      -38.447900092263253        0.000000000000000
        0.766666666666667        0.366666666666667      -47.829838862886199      -47.829838862886202        0.000000000000003
        0.700000000000000        0.400000000000000      -36.249027836829642      -36.249027836829644        0.000000000000003
        0.733333333333333        0.433333333333333      -42.883060362214110      -42.883060362214112        0.000000000000002
        0.766666666666667        0.466666666666667      -42.883060362214115      -42.883060362214123        0.000000000000008
        0.700000000000000        0.500000000000000      -25.631933394842172      -25.631933394842180        0.000000000000009
        0.733333333333333        0.533333333333333      -22.197905468044034      -22.197905468044043        0.000000000000009
        0.766666666666667        0.566666666666667      -12.815966697421094      -12.815966697421100        0.000000000000006
        0.700000000000000        0.600000000000000       -0.000000000000007       -0.000000000000006        0.000000000000001
        0.733333333333333        0.633333333333333       11.490481393030350       11.490481393030356        0.000000000000006
        0.766666666666667        0.666666666666667       24.758546443799279       24.758546443799287        0.000000000000008
        0.700000000000000        0.700000000000000       25.631933394842162       25.631933394842167        0.000000000000005
        0.733333333333333        0.733333333333333       38.447900092263250       38.447900092263253        0.000000000000004
        0.766666666666667        0.766666666666667       47.829838862886197       47.829838862886204        0.000000000000007
        0.700000000000000        0.800000000000000       36.249027836829642       36.249027836829650        0.000000000000008
        0.733333333333333        0.833333333333333       42.883060362214111       42.883060362214118        0.000000000000006
        0.766666666666667        0.866666666666667       42.883060362214118       42.883060362214120        0.000000000000002
        0.700000000000000        0.900000000000000       25.631933394842175       25.631933394842171        0.000000000000004
        0.733333333333333        0.933333333333333       22.197905468044038       22.197905468044028        0.000000000000011
        0.766666666666667        0.966666666666667       12.815966697421100       12.815966697421091        0.000000000000009
        0.700000000000000        1.000000000000000        0.000000000000011        0.000000000000011        0.000000000000000
        0.733333333333333        1.033333333333333      -11.490481393030345      -11.490481393030337        0.000000000000008
        0.766666666666667        1.066666666666667      -24.758546443799274      -24.758546443799262        0.000000000000011
        0.800000000000000        0.000000000000000       51.263866789684346       51.263866789684381        0.000000000000035
        0.833333333333333        0.033333333333333       47.829838862886207       47.829838862886232        0.000000000000025
        0.866666666666667        0.066666666666667       38.447900092263266       38.447900092263268        0.000000000000002
        0.800000000000000        0.100000000000000       36.249027836829651       36.249027836829641        0.000000000000010
        0.833333333333333        0.133333333333333       24.758546443799293       24.758546443799275        0.000000000000017
        0.866666666666667        0.166666666666667       11.490481393030364       11.490481393030351        0.000000000000013
        0.800000000000000        0.200000000000000        0.000000000000003        0.000000000000000        0.000000000000003
        0.833333333333333        0.233333333333333      -12.815966697421084      -12.815966697421079        0.000000000000005
        0.866666666666667        0.266666666666667      -22.197905468044030      -22.197905468044023        0.000000000000008
        0.800000000000000        0.300000000000000      -36.249027836829646      -36.249027836829645        0.000000000000001
        0.833333333333333        0.333333333333333      -42.883060362214114      -42.883060362214117        0.000000000000003
        0.866666666666667        0.366666666666667      -42.883060362214119      -42.883060362214117        0.000000000000002
        0.800000000000000        0.400000000000000      -51.263866789684346      -51.263866789684351        0.000000000000005
        0.833333333333333        0.433333333333333      -47.829838862886208      -47.829838862886214        0.000000000000005
        0.866666666666667        0.466666666666667      -38.447900092263269      -38.447900092263272        0.000000000000003
        0.800000000000000        0.500000000000000      -36.249027836829655      -36.249027836829668        0.000000000000013
        0.833333333333333        0.533333333333333      -24.758546443799298      -24.758546443799310        0.000000000000012
        0.866666666666667        0.566666666666667      -11.490481393030369      -11.490481393030374        0.000000000000004
        0.800000000000000        0.600000000000000       -0.000000000000009       -0.000000000000008        0.000000000000001
        0.833333333333333        0.633333333333333       12.815966697421078       12.815966697421085        0.000000000000007
        0.866666666666667        0.666666666666667       22.197905468044026       22.197905468044030        0.000000000000005
        0.800000000000000        0.700000000000000       36.249027836829642       36.249027836829649        0.000000000000008
        0.833333333333333        0.733333333333333       42.883060362214111       42.883060362214118        0.000000000000006
        0.866666666666667        0.766666666666667       42.883060362214118       42.883060362214120        0.000000000000002
        0.800000000000000        0.800000000000000       51.263866789684346       51.263866789684358        0.000000000000012
        0.833333333333333        0.833333333333333       47.829838862886210       47.829838862886220        0.000000000000010
        0.866666666666667        0.866666666666667       38.447900092263271       38.447900092263270        0.000000000000002
        0.800000000000000        0.900000000000000       36.249027836829659       36.249027836829654        0.000000000000005
        0.833333333333333        0.933333333333333       24.758546443799303       24.758546443799293        0.000000000000011
        0.866666666666667        0.966666666666667       11.490481393030375       11.490481393030366        0.000000000000009
        0.800000000000000        1.000000000000000        0.000000000000016        0.000000000000016        0.000000000000000
        0.833333333333333        1.033333333333333      -12.815966697421072      -12.815966697421064        0.000000000000008
        0.866666666666667        1.066666666666667      -22.197905468044021      -22.197905468044009        0.000000000000012
        0.900000000000000        0.000000000000000       36.249027836829659       36.249027836829670        0.000000000000011
        0.933333333333333        0.033333333333333       24.758546443799302       24.758546443799299        0.000000000000003
        0.966666666666667        0.066666666666667       11.490481393030373       11.490481393030365        0.000000000000008
        0.900000000000000        0.100000000000000       25.631933394842181       25.631933394842164        0.000000000000017
        0.933333333333333        0.133333333333333       12.815966697421094       12.815966697421077        0.000000000000017
        0.966666666666667        0.166666666666667        3.434027926798147        3.434027926798141        0.000000000000006
        0.900000000000000        0.200000000000000        0.000000000000002        0.000000000000000        0.000000000000002
        0.933333333333333        0.233333333333333       -6.634032525384466       -6.634032525384459        0.000000000000007
        0.966666666666667        0.266666666666667       -6.634032525384471       -6.634032525384464        0.000000000000007
        0.900000000000000        0.300000000000000      -25.631933394842178      -25.631933394842168        0.000000000000010
        0.933333333333333        0.333333333333333      -22.197905468044040      -22.197905468044027        0.000000000000013
        0.966666666666667        0.366666666666667      -12.815966697421100      -12.815966697421090        0.000000000000010
        0.900000000000000        0.400000000000000      -36.249027836829659      -36.249027836829649        0.000000000000010
        0.933333333333333        0.433333333333333      -24.758546443799302      -24.758546443799289        0.000000000000013
        0.966666666666667        0.466666666666667      -11.490481393030374      -11.490481393030366        0.000000000000007
        0.900000000000000        0.500000000000000      -25.631933394842184      -25.631933394842184        0.000000000000000
        0.933333333333333        0.533333333333333      -12.815966697421096      -12.815966697421094        0.000000000000002
        0.966666666666667        0.566666666666667       -3.434027926798149       -3.434027926798148        0.000000000000001
        0.900000000000000        0.600000000000000       -0.000000000000007       -0.000000000000006        0.000000000000001
        0.933333333333333        0.633333333333333        6.634032525384463        6.634032525384462        0.000000000000001
        0.966666666666667        0.666666666666667        6.634032525384469        6.634032525384466        0.000000000000003
        0.900000000000000        0.700000000000000       25.631933394842175       25.631933394842171        0.000000000000004
        0.933333333333333        0.733333333333333       22.197905468044038       22.197905468044028        0.000000000000011
        0.966666666666667        0.766666666666667       12.815966697421100       12.815966697421091        0.000000000000009
        0.900000000000000        0.800000000000000       36.249027836829659       36.249027836829654        0.000000000000005
        0.933333333333333        0.833333333333333       24.758546443799303       24.758546443799293        0.000000000000011
        0.966666666666667        0.866666666666667       11.490481393030375       11.490481393030366        0.000000000000009
        0.900000000000000        0.900000000000000       25.631933394842187       25.631933394842174        0.000000000000013
        0.933333333333333        0.933333333333333       12.815966697421099       12.815966697421086        0.000000000000014
        0.966666666666667        0.966666666666667        3.434027926798150        3.434027926798145        0.000000000000005
        0.900000000000000        1.000000000000000        0.000000000000011        0.000000000000011        0.000000000000000
        0.933333333333333        1.033333333333333       -6.634032525384460       -6.634032525384451        0.000000000000009
        0.966666666666667        1.066666666666667       -6.634032525384468       -6.634032525384460        0.000000000000009
        1.000000000000000        0.000000000000000        0.000000000000016        0.000000000000016        0.000000000000000
        1.033333333333333        0.033333333333333      -12.815966697421071      -12.815966697421067        0.000000000000004
        1.066666666666667        0.066666666666667      -22.197905468044018      -22.197905468044008        0.000000000000010
        1.000000000000000        0.100000000000000        0.000000000000011        0.000000000000011        0.000000000000000
        1.033333333333333        0.133333333333333       -6.634032525384457       -6.634032525384447        0.000000000000010
        1.066666666666667        0.166666666666667       -6.634032525384462       -6.634032525384451        0.000000000000011
        1.000000000000000        0.200000000000000        0.000000000000000        0.000000000000000        0.000000000000000
        1.033333333333333        0.233333333333333        3.434027926798138        3.434027926798134        0.000000000000004
        1.066666666666667        0.266666666666667       12.815966697421077       12.815966697421067        0.000000000000011
        1.000000000000000        0.300000000000000       -0.000000000000011       -0.000000000000011        0.000000000000000
        1.033333333333333        0.333333333333333       11.490481393030346       11.490481393030337        0.000000000000009
        1.066666666666667        0.366666666666667       24.758546443799275       24.758546443799261        0.000000000000014
        1.000000000000000        0.400000000000000       -0.000000000000016       -0.000000000000016        0.000000000000000
        1.033333333333333        0.433333333333333       12.815966697421072       12.815966697421062        0.000000000000010
        1.066666666666667        0.466666666666667       22.197905468044019       22.197905468044010        0.000000000000009
        1.000000000000000        0.500000000000000       -0.000000000000011       -0.000000000000011        0.000000000000000
        1.033333333333333        0.533333333333333        6.634032525384459        6.634032525384456        0.000000000000003
        1.066666666666667        0.566666666666667        6.634032525384465        6.634032525384464        0.000000000000001
        1.000000000000000        0.600000000000000       -0.000000000000000       -0.000000000000000        0.000000000000000
        1.033333333333333        0.633333333333333       -3.434027926798136       -3.434027926798135        0.000000000000001
        1.066666666666667        0.666666666666667      -12.815966697421075      -12.815966697421071        0.000000000000004
        1.000000000000000        0.700000000000000        0.000000000000011        0.000000000000011        0.000000000000000
        1.033333333333333        0.733333333333333      -11.490481393030345      -11.490481393030337        0.000000000000008
        1.066666666666667        0.766666666666667      -24.758546443799274      -24.758546443799262        0.000000000000011
        1.000000000000000        0.800000000000000        0.000000000000016        0.000000000000016        0.000000000000000
        1.033333333333333        0.833333333333333      -12.815966697421072      -12.815966697421064        0.000000000000008
        1.066666666666667        0.866666666666667      -22.197905468044021      -22.197905468044009        0.000000000000012
        1.000000000000000        0.900000000000000        0.000000000000011        0.000000000000011        0.000000000000000
        1.033333333333333        0.933333333333333       -6.634032525384460       -6.634032525384451        0.000000000000009
        1.066666666666667        0.966666666666667       -6.634032525384468       -6.634032525384460        0.000000000000009
        1.000000000000000        1.000000000000000        0.000000000000000        0.000000000000000        0.000000000000000
        1.033333333333333        1.033333333333333        3.434027926798135        3.434027926798130        0.000000000000005
        1.066666666666667        1.066666666666667       12.815966697421072       12.815966697421058        0.000000000000014
