        0.000000000000000        0.000000000000000       50.479377980035763       50.479377980035819        0.000000000000056
        0.033333333333333        0.033333333333333       47.097900838991768       47.097900838991807        0.000000000000040
        0.066666666666667        0.066666666666667       37.859533485026823       37.859533485026828        0.000000000000005
        0.000000000000000        0.100000000000000       35.694310479762174       35.694310479762180        0.000000000000006
        0.033333333333333        0.133333333333333       24.379667442962123       24.379667442962114        0.000000000000009
        0.066666666666667        0.166666666666667       11.314643036800054       11.314643036800042        0.000000000000012
        0.000000000000000        0.200000000000000        0.000000000000003        0.000000000000000        0.000000000000003
        0.033333333333333        0.233333333333333      -12.619844495008937      -12.619844495008937        0.000000000000000
        0.066666666666667        0.266666666666667      -21.858211848973883      -21.858211848973878        0.000000000000006
        0.000000000000000        0.300000000000000      -35.694310479762170      -35.694310479762185        0.000000000000015
        0.033333333333333        0.333333333333333      -42.226822682843206      -42.226822682843222        0.000000000000016
        0.066666666666667        0.366666666666667      -42.226822682843207      -42.226822682843209        0.000000000000002
        0.000000000000000        0.400000000000000      -50.479377980035763      -50.479377980035790        0.000000000000027
        0.033333333333333        0.433333333333333      -47.097900838991769      -47.097900838991790        0.000000000000020
        0.066666666666667        0.466666666666667      -37.859533485026825      -37.859533485026832        0.000000000000006
        0.000000000000000        0.500000000000000      -35.694310479762179      -35.694310479762208        0.000000000000029
        0.033333333333333        0.533333333333333      -24.379667442962128      -24.379667442962148        0.000000000000019
        0.066666666666667        0.566666666666667      -11.314643036800059      -11.314643036800065        0.000000000000005
        0.000000000000000        0.600000000000000       -0.000000000000009       -0.000000000000008        0.000000000000001
        0.033333333333333        0.633333333333333       12.619844495008932       12.619844495008943        0.000000000000011
        0.066666666666667        0.666666666666667       21.858211848973879       21.858211848973885        0.000000000000007
        0.000000000000000        0.700000000000000       35.694310479762166       35.694310479762189        0.000000000000023
        0.033333333333333        0.733333333333333       42.226822682843203       42.226822682843223        0.000000000000020
        0.066666666666667        0.766666666666667       42.226822682843206       42.226822682843212        0.000000000000006
        0.000000000000000        0.800000000000000       50.479377980035763       50.479377980035797        0.000000000000034
        0.033333333333333        0.833333333333333       47.097900838991771       47.097900838991795        0.000000000000025
        0.066666666666667        0.866666666666667       37.859533485026828       37.859533485026830        0.000000000000002
        0.000000000000000        0.900000000000000       35.694310479762183       35.694310479762194        0.000000000000011
        0.033333333333333        0.933333333333333       24.379667442962133       24.379667442962131        0.000000000000003
        0.066666666666667        0.966666666666667       11.314643036800065       11.314643036800057        0.000000000000008
        0.000000000000000        1.000000000000000        0.000000000000015        0.000000000000015        0.000000000000000
        0.033333333333333        1.033333333333333      -12.619844495008926      -12.619844495008922        0.000000000000004
        0.066666666666667        1.066666666666667      -21.858211848973874      -21.858211848973864        0.000000000000010
        0.100000000000000        0.000000000000000       35.694310479762174       35.694310479762180        0.000000000000006
        0.133333333333333        0.033333333333333       24.379667442962123       24.379667442962114        0.000000000000009
        0.166666666666667        0.066666666666667       11.314643036800054       11.314643036800042        0.000000000000012
        0.100000000000000        0.100000000000000       25.239688990017883       25.239688990017863        0.000000000000020
        0.133333333333333        0.133333333333333       12.619844495008942       12.619844495008922        0.000000000000020
        0.166666666666667        0.166666666666667        3.381477141043996        3.381477141043989        0.000000000000007
        0.100000000000000        0.200000000000000        0.000000000000002        0.000000000000000        0.000000000000002
        0.133333333333333        0.233333333333333       -6.532512203081033       -6.532512203081025        0.000000000000008
        0.166666666666667        0.266666666666667       -6.532512203081035       -6.532512203081026        0.000000000000009
        0.100000000000000        0.300000000000000      -25.239688990017880      -25.239688990017866        0.000000000000013
        0.133333333333333        0.333333333333333      -21.858211848973886      -21.858211848973868        0.000000000000018
        0.166666666666667        0.366666666666667      -12.619844495008943      -12.619844495008928        0.000000000000014
        0.100000000000000        0.400000000000000      -35.694310479762174      -35.694310479762160        0.000000000000015
        0.133333333333333        0.433333333333333      -24.379667442962124      -24.379667442962105        0.000000000000019
        0.166666666666667        0.466666666666667      -11.314643036800055      -11.314643036800044        0.000000000000011
        0.100000000000000        0.500000000000000      -25.239688990017886      -25.239688990017882        0.000000000000004
        0.133333333333333        0.533333333333333      -12.619844495008945      -12.619844495008940        0.000000000000005
        0.166666666666667        0.566666666666667       -3.381477141043998       -3.381477141043996        0.000000000000002
        0.100000000000000        0.600000000000000       -0.000000000000007       -0.000000000000006        0.000000000000001
        0.133333333333333        0.633333333333333        6.532512203081030        6.532512203081028        0.000000000000002
        0.166666666666667        0.666666666666667        6.532512203081034        6.532512203081028        0.000000000000006
        0.100000000000000        0.700000000000000       25.239688990017877       25.239688990017869        0.000000000000007
        0.133333333333333        0.733333333333333       21.858211848973885       21.858211848973868        0.000000000000016
        0.166666666666667        0.766666666666667       12.619844495008942       12.619844495008929        0.000000000000013
        0.100000000000000        0.800000000000000       35.694310479762174       35.694310479762165        0.000000000000010
        0.133333333333333        0.833333333333333       24.379667442962125       24.379667442962108        0.000000000000017
        0.166666666666667        0.866666666666667       11.314643036800056       11.314643036800043        0.000000000000013
        0.100000000000000        0.900000000000000       25.239688990017889       25.239688990017873        0.000000000000016
        0.133333333333333        0.933333333333333       12.619844495008948       12.619844495008931        0.000000000000017
        0.166666666666667        0.966666666666667        3.381477141044000        3.381477141043993        0.000000000000006
        0.100000000000000        1.000000000000000        0.000000000000011        0.000000000000011        0.000000000000000
        0.133333333333333        1.033333333333333       -6.532512203081027       -6.532512203081017        0.000000000000010
        0.166666666666667        1.066666666666667       -6.532512203081032       -6.532512203081022        0.000000000000011
        0.200000000000000        0.000000000000000        0.000000000000003        0.000000000000000        0.000000000000003
        0.233333333333333        0.033333333333333      -12.619844495008937      -12.619844495008937        0.000000000000000
        0.266666666666667        0.066666666666667      -21.858211848973883      -21.858211848973878        0.000000000000006
        0.200000000000000        0.100000000000000        0.000000000000002        0.000000000000000        0.000000000000002
        0.233333333333333        0.133333333333333       -6.532512203081033       -6.532512203081025        0.000000000000008
        0.266666666666667        0.166666666666667       -6.532512203081035       -6.532512203081026        0.000000000000009
        0.200000000000000        0.200000000000000        0.000000000000000        0.000000000000000        0.000000000000000
        0.233333333333333        0.233333333333333        3.381477141043993        3.381477141043990        0.000000000000003
        0.266666666666667        0.266666666666667       12.619844495008937       12.619844495008929        0.000000000000008
        0.200000000000000        0.300000000000000       -0.000000000000002       -0.000000000000000        0.000000000000002
        0.233333333333333        0.333333333333333       11.314643036800048       11.314643036800043        0.000000000000006
        0.266666666666667        0.366666666666667       24.379667442962117       24.379667442962109        0.000000000000008
        0.200000000000000        0.400000000000000       -0.000000000000003       -0.000000000000000        0.000000000000003
        0.233333333333333        0.433333333333333       12.619844495008938       12.619844495008932        0.000000000000006
        0.266666666666667        0.466666666666667       21.858211848973885       21.858211848973880        0.000000000000005
        0.200000000000000        0.500000000000000       -0.000000000000002       -0.000000000000000        0.000000000000002
        0.233333333333333        0.533333333333333        6.532512203081035        6.532512203081034        0.000000000000001
        0.266666666666667        0.566666666666667        6.532512203081038        6.532512203081039        0.000000000000000
        0.200000000000000        0.600000000000000       -0.000000000000000       -0.000000000000000        0.000000000000000
        0.233333333333333        0.633333333333333       -3.381477141043992       -3.381477141043992        0.000000000000000
        0.266666666666667        0.666666666666667      -12.619844495008934      -12.619844495008933        0.000000000000001
        0.200000000000000        0.700000000000000        0.000000000000002        0.000000000000000        0.000000000000002
        0.233333333333333        0.733333333333333      -11.314643036800047      -11.314643036800043        0.000000000000005
        0.266666666666667        0.766666666666667      -24.379667442962116      -24.379667442962110        0.000000000000006
        0.200000000000000        0.800000000000000        0.000000000000003        0.000000000000000        0.000000000000003
        0.233333333333333        0.833333333333333      -12.619844495008938      -12.619844495008934        0.000000000000004
        0.266666666666667        0.866666666666667      -21.858211848973886      -21.858211848973879        0.000000000000007
        0.200000000000000        0.900000000000000        0.000000000000002        0.000000000000000        0.000000000000002
        0.233333333333333        0.933333333333333       -6.532512203081036       -6.532512203081030        0.000000000000006
        0.266666666666667        0.966666666666667       -6.532512203081041       -6.532512203081034        0.000000000000007
        0.200000000000000        1.000000000000000        0.000000000000000        0.000000000000000        0.000000000000000
        0.233333333333333        1.033333333333333        3.381477141043990        3.381477141043986        0.000000000000004
        0.266666666666667        1.066666666666667       12.619844495008932       12.619844495008921        0.000000000000011
        0.300000000000000        0.000000000000000      -35.694310479762170      -35.694310479762185        0.000000000000015
        0.333333333333333        0.033333333333333      -42.226822682843206      -42.226822682843222        0.000000000000016
        0.366666666666667        0.066666666666667      -42.226822682843207      -42.226822682843209        0.000000000000002
        0.300000000000000        0.100000000000000      -25.239688990017880      -25.239688990017866        0.000000000000013
        0.333333333333333        0.133333333333333      -21.858211848973886      -21.858211848973868        0.000000000000018
        0.366666666666667        0.166666666666667      -12.619844495008943      -12.619844495008928        0.000000000000014
        0.300000000000000        0.200000000000000       -0.000000000000002       -0.000000000000000        0.000000000000002
        0.333333333333333        0.233333333333333       11.314643036800048       11.314643036800043        0.000000000000006
        0.366666666666667        0.266666666666667       24.379667442962117       24.379667442962109        0.000000000000008
        0.300000000000000        0.300000000000000       25.239688990017877       25.239688990017869        0.000000000000007
        0.333333333333333        0.333333333333333       37.859533485026817       37.859533485026814        0.000000000000003
        0.366666666666667        0.366666666666667       47.097900838991765       47.097900838991763        0.000000000000002
        0.300000000000000        0.400000000000000       35.694310479762170       35.694310479762164        0.000000000000006
        0.333333333333333        0.433333333333333       42.226822682843207       42.226822682843206        0.000000000000001
        0.366666666666667        0.466666666666667       42.226822682843210       42.226822682843214        0.000000000000004
        0.300000000000000        0.500000000000000       25.239688990017883       25.239688990017885        0.000000000000003
        0.333333333333333        0.533333333333333       21.858211848973891       21.858211848973898        0.000000000000007
        0.366666666666667        0.566666666666667       12.619844495008948       12.619844495008953        0.000000000000005
        0.300000000000000        0.600000000000000        0.000000000000007        0.000000000000006        0.000000000000001
        0.333333333333333        0.633333333333333      -11.314643036800043      -11.314643036800048        0.000000000000005
        0.366666666666667        0.666666666666667      -24.379667442962112      -24.379667442962117        0.000000000000005
        0.300000000000000        0.700000000000000      -25.239688990017874      -25.239688990017872        0.000000000000001
        0.333333333333333        0.733333333333333      -37.859533485026815      -37.859533485026815        0.000000000000000
        0.366666666666667        0.766666666666667      -47.097900838991763      -47.097900838991766        0.000000000000003
        0.300000000000000        0.800000000000000      -35.694310479762170      -35.694310479762169        0.000000000000001
        0.333333333333333        0.833333333333333      -42.226822682843208      -42.226822682843211        0.000000000000002
        0.366666666666667        0.866666666666667      -42.226822682843213      -42.226822682843211        0.000000000000002
        0.300000000000000        0.900000000000000      -25.239688990017886      -25.239688990017876        0.000000000000010
        0.333333333333333        0.933333333333333      -21.858211848973896      -21.858211848973883        0.000000000000013
        0.366666666666667        0.966666666666667      -12.619844495008954      -12.619844495008944        0.000000000000010
        0.300000000000000        1.000000000000000       -0.000000000000011       -0.000000000000011        0.000000000000000
        0.333333333333333        1.033333333333333       11.314643036800038       11.314643036800029        0.000000000000009
        0.366666666666667        1.066666666666667       24.379667442962107       24.379667442962093        0.000000000000013
        0.400000000000000        0.000000000000000      -50.479377980035763      -50.479377980035790        0.000000000000027
        0.433333333333333        0.033333333333333      -47.097900838991769      -47.097900838991789        0.000000000000020
        0.466666666666667        0.066666666666667      -37.859533485026825      -37.859533485026832        0.000000000000006
        0.400000000000000        0.100000000000000      -35.694310479762174      -35.694310479762160        0.000000000000015
        0.433333333333333        0.133333333333333      -24.379667442962124      -24.379667442962105        0.000000000000019
        0.466666666666667        0.166666666666667      -11.314643036800055      -11.314643036800044        0.000000000000011
        0.400000000000000        0.200000000000000       -0.000000000000003       -0.000000000000000        0.000000000000003
        0.433333333333333        0.233333333333333       12.619844495008938       12.619844495008932        0.000000000000006
        0.466666666666667        0.266666666666667       21.858211848973885       21.858211848973880        0.000000000000005
        0.400000000000000        0.300000000000000       35.694310479762170       35.694310479762164        0.000000000000006
        0.433333333333333        0.333333333333333       42.226822682843207       42.226822682843206        0.000000000000001
        0.466666666666667        0.366666666666667       42.226822682843210       42.226822682843214        0.000000000000004
        0.400000000000000        0.400000000000000       50.479377980035763       50.479377980035760        0.000000000000002
        0.433333333333333        0.433333333333333       47.097900838991771       47.097900838991772        0.000000000000001
        0.466666666666667        0.466666666666667       37.859533485026828       37.859533485026836        0.000000000000008
        0.400000000000000        0.500000000000000       35.694310479762179       35.694310479762187        0.000000000000008
        0.433333333333333        0.533333333333333       24.379667442962129       24.379667442962138        0.000000000000009
        0.466666666666667        0.566666666666667       11.314643036800060       11.314643036800066        0.000000000000006
        0.400000000000000        0.600000000000000        0.000000000000009        0.000000000000008        0.000000000000001
        0.433333333333333        0.633333333333333      -12.619844495008932      -12.619844495008938        0.000000000000006
        0.466666666666667        0.666666666666667      -21.858211848973880      -21.858211848973888        0.000000000000007
        0.400000000000000        0.700000000000000      -35.694310479762166      -35.694310479762168        0.000000000000003
        0.433333333333333        0.733333333333333      -42.226822682843204      -42.226822682843206        0.000000000000002
        0.466666666666667        0.766666666666667      -42.226822682843209      -42.226822682843217        0.000000000000008
        0.400000000000000        0.800000000000000      -50.479377980035763      -50.479377980035767        0.000000000000005
        0.433333333333333        0.833333333333333      -47.097900838991772      -47.097900838991777        0.000000000000005
        0.466666666666667        0.866666666666667      -37.859533485026831      -37.859533485026834        0.000000000000003
        0.400000000000000        0.900000000000000      -35.694310479762183      -35.694310479762173        0.000000000000010
        0.433333333333333        0.933333333333333      -24.379667442962134      -24.379667442962122        0.000000000000013
        0.466666666666667        0.966666666666667      -11.314643036800065      -11.314643036800058        0.000000000000007
        0.400000000000000        1.000000000000000       -0.000000000000015       -0.000000000000015        0.000000000000000
        0.433333333333333        1.033333333333333       12.619844495008926       12.619844495008917        0.000000000000009
        0.466666666666667        1.066666666666667       21.858211848973876       21.858211848973866        0.000000000000009
        0.500000000000000        0.000000000000000      -35.694310479762179      -35.694310479762208        0.000000000000029
        0.533333333333333        0.033333333333333      -24.379667442962128      -24.379667442962148        0.000000000000019
        0.566666666666667        0.066666666666667      -11.314643036800059      -11.314643036800065        0.000000000000005
        0.500000000000000        0.100000000000000      -25.239688990017886      -25.239688990017882        0.000000000000004
        0.533333333333333        0.133333333333333      -12.619844495008945      -12.619844495008940        0.000000000000005
        0.566666666666667        0.166666666666667       -3.381477141043998       -3.381477141043996        0.000000000000002
        0.500000000000000        0.200000000000000       -0.000000000000002       -0.000000000000000        0.000000000000002
        0.533333333333333        0.233333333333333        6.532512203081035        6.532512203081034        0.000000000000001
        0.566666666666667        0.266666666666667        6.532512203081038        6.532512203081039        0.000000000000000
        0.500000000000000        0.300000000000000       25.239688990017883       25.239688990017885        0.000000000000003
        0.533333333333333        0.333333333333333       21.858211848973891       21.858211848973898        0.000000000000007
        0.566666666666667        0.366666666666667       12.619844495008948       12.619844495008953        0.000000000000005
        0.500000000000000        0.400000000000000       35.694310479762179       35.694310479762187        0.000000000000008
        0.533333333333333        0.433333333333333       24.379667442962129       24.379667442962138        0.000000000000009
        0.566666666666667        0.466666666666667       11.314643036800060       11.314643036800066        0.000000000000006
        0.500000000000000        0.500000000000000       25.239688990017889       25.239688990017902        0.000000000000013
        0.533333333333333        0.533333333333333       12.619844495008948       12.619844495008957        0.000000000000009
        0.566666666666667        0.566666666666667        3.381477141044000        3.381477141044002        0.000000000000003
        0.500000000000000        0.600000000000000        0.000000000000007        0.000000000000006        0.000000000000001
        0.533333333333333        0.633333333333333       -6.532512203081032       -6.532512203081037        0.000000000000005
        0.566666666666667        0.666666666666667       -6.532512203081037       -6.532512203081041        0.000000000000004
        0.500000000000000        0.700000000000000      -25.239688990017880      -25.239688990017888        0.000000000000009
        0.533333333333333        0.733333333333333      -21.858211848973889      -21.858211848973899        0.000000000000009
        0.566666666666667        0.766666666666667      -12.619844495008948      -12.619844495008954        0.000000000000006
        0.500000000000000        0.800000000000000      -35.694310479762179      -35.694310479762192        0.000000000000013
        0.533333333333333        0.833333333333333      -24.379667442962130      -24.379667442962142        0.000000000000012
        0.566666666666667        0.866666666666667      -11.314643036800061      -11.314643036800065        0.000000000000004
        0.500000000000000        0.900000000000000      -25.239688990017892      -25.239688990017892        0.000000000000000
        0.533333333333333        0.933333333333333      -12.619844495008950      -12.619844495008948        0.000000000000002
        0.566666666666667        0.966666666666667       -3.381477141044001       -3.381477141044000        0.000000000000001
        0.500000000000000        1.000000000000000       -0.000000000000011       -0.000000000000011        0.000000000000000
        0.533333333333333        1.033333333333333        6.532512203081029        6.532512203081026        0.000000000000002
        0.566666666666667        1.066666666666667        6.532512203081035        6.532512203081034        0.000000000000001
        0.600000000000000        0.000000000000000       -0.000000000000009       -0.000000000000008        0.000000000000001
        0.633333333333333        0.033333333333333       12.619844495008932       12.619844495008943        0.000000000000011
        0.666666666666667        0.066666666666667       21.858211848973879       21.858211848973885        0.000000000000007
        0.600000000000000        0.100000000000000       -0.000000000000007       -0.000000000000006        0.000000000000001
        0.633333333333333        0.133333333333333        6.532512203081030        6.532512203081028        0.000000000000002
        0.666666666666667        0.166666666666667        6.532512203081034        6.532512203081028        0.000000000000006
        0.600000000000000        0.200000000000000       -0.000000000000000       -0.000000000000000        0.000000000000000
        0.633333333333333        0.233333333333333       -3.381477141043992       -3.381477141043992        0.000000000000000
        0.666666666666667        0.266666666666667      -12.619844495008934      -12.619844495008933        0.000000000000001
        0.600000000000000        0.300000000000000        0.000000000000007        0.000000000000006        0.000000000000001
        0.633333333333333        0.333333333333333      -11.314643036800043      -11.314643036800048        0.000000000000005
        0.666666666666667        0.366666666666667      -24.379667442962112      -24.379667442962117        0.000000000000005
        0.600000000000000        0.400000000000000        0.000000000000009        0.000000000000008        0.000000000000001
        0.633333333333333        0.433333333333333      -12.619844495008932      -12.619844495008938        0.000000000000006
        0.666666666666667        0.466666666666667      -21.858211848973880      -21.858211848973888        0.000000000000007
        0.600000000000000        0.500000000000000        0.000000000000007        0.000000000000006        0.000000000000001
        0.633333333333333        0.533333333333333       -6.532512203081032       -6.532512203081037        0.000000000000005
        0.666666666666667        0.566666666666667       -6.532512203081037       -6.532512203081041        0.000000000000004
        0.600000000000000        0.600000000000000        0.000000000000000        0.000000000000000        0.000000000000000
        0.633333333333333        0.633333333333333        3.381477141043990        3.381477141043993        0.000000000000003
        0.666666666666667        0.666666666666667       12.619844495008932       12.619844495008938        0.000000000000006
        0.600000000000000        0.700000000000000       -0.000000000000007       -0.000000000000006        0.000000000000001
        0.633333333333333        0.733333333333333       11.314643036800042       11.314643036800048        0.000000000000006
        0.666666666666667        0.766666666666667       24.379667442962111       24.379667442962119        0.000000000000008
        0.600000000000000        0.800000000000000       -0.000000000000009       -0.000000000000008        0.000000000000001
        0.633333333333333        0.833333333333333       12.619844495008932       12.619844495008939        0.000000000000007
        0.666666666666667        0.866666666666667       21.858211848973882       21.858211848973886        0.000000000000005
        0.600000000000000        0.900000000000000       -0.000000000000007       -0.000000000000006        0.000000000000001
        0.633333333333333        0.933333333333333        6.532512203081033        6.532512203081033        0.000000000000001
        0.666666666666667        0.966666666666667        6.532512203081040        6.532512203081036        0.000000000000003
        0.600000000000000        1.000000000000000       -0.000000000000000       -0.000000000000000        0.000000000000000
        0.633333333333333        1.033333333333333       -3.381477141043989       -3.381477141043988        0.000000000000001
        0.666666666666667        1.066666666666667      -12.619844495008929      -12.619844495008925        0.000000000000004
        0.700000000000000        0.000000000000000       35.694310479762166       35.694310479762189        0.000000000000023
        0.733333333333333        0.033333333333333       42.226822682843203       42.226822682843223        0.000000000000020
        0.766666666666667        0.066666666666667       42.226822682843206       42.226822682843212        0.000000000000006
        0.700000000000000        0.100000000000000       25.239688990017877       25.239688990017869        0.000000000000007
        0.733333333333333        0.133333333333333       21.858211848973885       21.858211848973868        0.000000000000016
        0.766666666666667        0.166666666666667       12.619844495008942       12.619844495008929        0.000000000000013
        0.700000000000000        0.200000000000000        0.000000000000002        0.000000000000000        0.000000000000002
        0.733333333333333        0.233333333333333      -11.314643036800047      -11.314643036800043        0.000000000000005
        0.766666666666667        0.266666666666667      -24.379667442962116      -24.379667442962110        0.000000000000006
        0.700000000000000        0.300000000000000      -25.239688990017874      -25.239688990017872        0.000000000000001
        0.733333333333333        0.333333333333333      -37.859533485026815      -37.859533485026815        0.000000000000000
        0.766666666666667        0.366666666666667      -47.097900838991763      -47.097900838991766        0.000000000000003
        0.700000000000000        0.400000000000000      -35.694310479762166      -35.694310479762168        0.000000000000003
        0.733333333333333        0.433333333333333      -42.226822682843204      -42.226822682843206        0.000000000000002
        0.766666666666667        0.466666666666667      -42.226822682843209      -42.226822682843217        0.000000000000008
        0.700000000000000        0.500000000000000      -25.239688990017880      -25.239688990017888        0.000000000000009
        0.733333333333333        0.533333333333333      -21.858211848973889      -21.858211848973899        0.000000000000009
        0.766666666666667        0.566666666666667      -12.619844495008948      -12.619844495008954        0.000000000000006
        0.700000000000000        0.600000000000000       -0.000000000000007       -0.000000000000006        0.000000000000001
        0.733333333333333        0.633333333333333       11.314643036800042       11.314643036800048        0.000000000000006
        0.766666666666667        0.666666666666667       24.379667442962111       24.379667442962119        0.000000000000008
        0.700000000000000        0.700000000000000       25.239688990017870       25.239688990017875        0.000000000000005
        0.733333333333333        0.733333333333333       37.859533485026812       37.859533485026816        0.000000000000004
        0.766666666666667        0.766666666666667       47.097900838991761       47.097900838991769        0.000000000000007
        0.700000000000000        0.800000000000000       35.694310479762166       35.694310479762173        0.000000000000008
        0.733333333333333        0.833333333333333       42.226822682843205       42.226822682843212        0.000000000000006
        0.766666666666667        0.866666666666667       42.226822682843212       42.226822682843214        0.000000000000002
        0.700000000000000        0.900000000000000       25.239688990017883       25.239688990017879        0.000000000000004
        0.733333333333333        0.933333333333333       21.858211848973894       21.858211848973884        0.000000000000011
        0.766666666666667        0.966666666666667       12.619844495008954       12.619844495008945        0.000000000000009
        0.700000000000000        1.000000000000000        0.000000000000011        0.000000000000011        0.000000000000000
        0.733333333333333        1.033333333333333      -11.314643036800037      -11.314643036800029        0.000000000000008
        0.766666666666667        1.066666666666667      -24.379667442962106      -24.379667442962095        0.000000000000011
        0.800000000000000        0.000000000000000       50.479377980035763       50.479377980035797        0.000000000000034
        0.833333333333333        0.033333333333333       47.097900838991771       47.097900838991795        0.000000000000025
        0.866666666666667        0.066666666666667       37.859533485026828       37.859533485026830        0.000000000000002
        0.800000000000000        0.100000000000000       35.694310479762174       35.694310479762165        0.000000000000010
        0.833333333333333        0.133333333333333       24.379667442962125       24.379667442962108        0.000000000000017
        0.866666666666667        0.166666666666667       11.314643036800056       11.314643036800043        0.000000000000013
        0.800000000000000        0.200000000000000        0.000000000000003        0.000000000000000        0.000000000000003
        0.833333333333333        0.233333333333333      -12.619844495008938      -12.619844495008934        0.000000000000004
        0.866666666666667        0.266666666666667      -21.858211848973886      -21.858211848973879        0.000000000000007
        0.800000000000000        0.300000000000000      -35.694310479762170      -35.694310479762169        0.000000000000001
        0.833333333333333        0.333333333333333      -42.226822682843208      -42.226822682843211        0.000000000000002
        0.866666666666667        0.366666666666667      -42.226822682843213      -42.226822682843211        0.000000000000002
        0.800000000000000        0.400000000000000      -50.479377980035763      -50.479377980035767        0.000000000000005
        0.833333333333333        0.433333333333333      -47.097900838991772      -47.097900838991777        0.000000000000005
        0.866666666666667        0.466666666666667      -37.859533485026831      -37.859533485026834        0.000000000000003
        0.800000000000000        0.500000000000000      -35.694310479762179      -35.694310479762192        0.000000000000013
        0.833333333333333        0.533333333333333      -24.379667442962130      -24.379667442962142        0.000000000000012
        0.866666666666667        0.566666666666667      -11.314643036800061      -11.314643036800065        0.000000000000004
        0.800000000000000        0.600000000000000       -0.000000000000009       -0.000000000000008        0.000000000000001
        0.833333333333333        0.633333333333333       12.619844495008932       12.619844495008939        0.000000000000007
        0.866666666666667        0.666666666666667       21.858211848973882       21.858211848973886        0.000000000000005
        0.800000000000000        0.700000000000000       35.694310479762166       35.694310479762173        0.000000000000008
        0.833333333333333        0.733333333333333       42.226822682843205       42.226822682843212        0.000000000000006
        0.866666666666667        0.766666666666667       42.226822682843212       42.226822682843214        0.000000000000002
        0.800000000000000        0.800000000000000       50.479377980035763       50.479377980035774        0.000000000000012
        0.833333333333333        0.833333333333333       47.097900838991774       47.097900838991783        0.000000000000010
        0.866666666666667        0.866666666666667       37.859533485026834       37.859533485026832        0.000000000000002
        0.800000000000000        0.900000000000000       35.694310479762183       35.694310479762178        0.000000000000005
        0.833333333333333        0.933333333333333       24.379667442962135       24.379667442962125        0.000000000000010
        0.866666666666667        0.966666666666667       11.314643036800066       11.314643036800057        0.000000000000009
        0.800000000000000        1.000000000000000        0.000000000000015        0.000000000000015        0.000000000000000
        0.833333333333333        1.033333333333333      -12.619844495008927      -12.619844495008918        0.000000000000008
        0.866666666666667        1.066666666666667      -21.858211848973877      -21.858211848973865        0.000000000000012
        0.900000000000000        0.000000000000000       35.694310479762183       35.694310479762194        0.000000000000011
        0.933333333333333        0.033333333333333       24.379667442962133       24.379667442962131        0.000000000000003
        0.966666666666667        0.066666666666667       11.314643036800065       11.314643036800057        0.000000000000008
        0.900000000000000        0.100000000000000       25.239688990017889       25.239688990017873        0.000000000000016
        0.933333333333333        0.133333333333333       12.619844495008948       12.619844495008931        0.000000000000017
        0.966666666666667        0.166666666666667        3.381477141044000        3.381477141043993        0.000000000000006
        0.900000000000000        0.200000000000000        0.000000000000002        0.000000000000000        0.000000000000002
        0.933333333333333        0.233333333333333       -6.532512203081036       -6.532512203081030        0.000000000000006
        0.966666666666667        0.266666666666667       -6.532512203081041       -6.532512203081034        0.000000000000007
        0.900000000000000        0.300000000000000      -25.239688990017886      -25.239688990017876        0.000000000000010
        0.933333333333333        0.333333333333333      -21.858211848973896      -21.858211848973883        0.000000000000013
        0.966666666666667        0.366666666666667      -12.619844495008954      -12.619844495008944        0.000000000000010
        0.900000000000000        0.400000000000000      -35.694310479762183      -35.694310479762173        0.000000000000010
        0.933333333333333        0.433333333333333      -24.379667442962134      -24.379667442962122        0.000000000000013
        0.966666666666667        0.466666666666667      -11.314643036800065      -11.314643036800058        0.000000000000007
        0.900000000000000        0.500000000000000      -25.239688990017892      -25.239688990017892        0.000000000000000
        0.933333333333333        0.533333333333333      -12.619844495008950      -12.619844495008948        0.000000000000002
        0.966666666666667        0.566666666666667       -3.381477141044001       -3.381477141044000        0.000000000000001
        0.900000000000000        0.600000000000000       -0.000000000000007       -0.000000000000006        0.000000000000001
        0.933333333333333        0.633333333333333        6.532512203081033        6.532512203081033        0.000000000000001
        0.966666666666667        0.666666666666667        6.532512203081040        6.532512203081036        0.000000000000003
        0.900000000000000        0.700000000000000       25.239688990017883       25.239688990017879        0.000000000000004
        0.933333333333333        0.733333333333333       21.858211848973894       21.858211848973883        0.000000000000011
        0.966666666666667        0.766666666666667       12.619844495008954       12.619844495008945        0.000000000000009
        0.900000000000000        0.800000000000000       35.694310479762183       35.694310479762178        0.000000000000005
        0.933333333333333        0.833333333333333       24.379667442962135       24.379667442962125        0.000000000000010
        0.966666666666667        0.866666666666667       11.314643036800066       11.314643036800057        0.000000000000009
        0.900000000000000        0.900000000000000       25.239688990017895       25.239688990017882        0.000000000000013
        0.933333333333333        0.933333333333333       12.619844495008953       12.619844495008940        0.000000000000013
        0.966666666666667        0.966666666666667        3.381477141044003        3.381477141043998        0.000000000000005
        0.900000000000000        1.000000000000000        0.000000000000011        0.000000000000011        0.000000000000000
        0.933333333333333        1.033333333333333       -6.532512203081030       -6.532512203081022        0.000000000000008
        0.966666666666667        1.066666666666667       -6.532512203081038       -6.532512203081030        0.000000000000008
        1.000000000000000        0.000000000000000        0.000000000000015        0.000000000000015        0.000000000000000
        1.033333333333333        0.033333333333333      -12.619844495008926      -12.619844495008922        0.000000000000004
        1.066666666666667        0.066666666666667      -21.858211848973874      -21.858211848973864        0.000000000000010
        1.000000000000000        0.100000000000000        0.000000000000011        0.000000000000011        0.000000000000000
        1.033333333333333        0.133333333333333       -6.532512203081027       -6.532512203081017        0.000000000000010
        1.066666666666667        0.166666666666667       -6.532512203081032       -6.532512203081022        0.000000000000011
        1.000000000000000        0.200000000000000        0.000000000000000        0.000000000000000        0.000000000000000
        1.033333333333333        0.233333333333333        3.381477141043990        3.381477141043986        0.000000000000004
        1.066666666666667        0.266666666666667       12.619844495008932       12.619844495008921        0.000000000000011
        1.000000000000000        0.300000000000000       -0.000000000000011       -0.000000000000011        0.000000000000000
        1.033333333333333        0.333333333333333       11.314643036800038       11.314643036800029        0.000000000000009
        1.066666666666667        0.366666666666667       24.379667442962107       24.379667442962093        0.000000000000013
        1.000000000000000        0.400000000000000       -0.000000000000015       -0.000000000000015        0.000000000000000
        1.033333333333333        0.433333333333333       12.619844495008926       12.619844495008917        0.000000000000009
        1.066666666666667        0.466666666666667       21.858211848973876       21.858211848973866        0.000000000000009
        1.000000000000000        0.500000000000000       -0.000000000000011       -0.000000000000011        0.000000000000000
        1.033333333333333        0.533333333333333        6.532512203081029        6.532512203081026        0.000000000000002
        1.066666666666667        0.566666666666667        6.532512203081035        6.532512203081034        0.000000000000001
        1.000000000000000        0.600000000000000       -0.000000000000000       -0.000000000000000        0.000000000000000
        1.033333333333333        0.633333333333333       -3.381477141043989       -3.381477141043988        0.000000000000001
        1.066666666666667        0.666666666666667      -12.619844495008929      -12.619844495008925        0.000000000000004
        1.000000000000000        0.700000000000000        0.000000000000011        0.000000000000011        0.000000000000000
        1.033333333333333        0.733333333333333      -11.314643036800037      -11.314643036800029        0.000000000000008
        1.066666666666667        0.766666666666667      -24.379667442962106      -24.379667442962095        0.000000000000011
        1.000000000000000        0.800000000000000        0.000000000000015        0.000000000000015        0.000000000000000
        1.033333333333333        0.833333333333333      -12.619844495008927      -12.619844495008918        0.000000000000008
        1.066666666666667        0.866666666666667      -21.858211848973877      -21.858211848973865        0.000000000000012
        1.000000000000000        0.900000000000000        0.000000000000011        0.000000000000011        0.000000000000000
        1.033333333333333        0.933333333333333       -6.532512203081030       -6.532512203081022        0.000000000000008
        1.066666666666667        0.966666666666667       -6.532512203081038       -6.532512203081030        0.000000000000008
        1.000000000000000        1.000000000000000        0.000000000000000        0.000000000000000        0.000000000000000
        1.033333333333333        1.033333333333333        3.381477141043987        3.381477141043982        0.000000000000005
        1.066666666666667        1.066666666666667       12.619844495008926       12.619844495008913        0.000000000000013
