        0.000000000000000        0.000000000000000       49.676241913391140       49.676241913391196        0.000000000000056
        0.033333333333333        0.033333333333333       46.348564687464579       46.348564687464618        0.000000000000039
        0.066666666666667        0.066666666666667       37.257181435043356       37.257181435043361        0.000000000000005
        0.000000000000000        0.100000000000000       35.126407520822271       35.126407520822277        0.000000000000006
        0.033333333333333        0.133333333333333       23.991782508563994       23.991782508563984        0.000000000000009
        0.066666666666667        0.166666666666667       11.134625012258280       11.134625012258269        0.000000000000012
        0.000000000000000        0.200000000000000        0.000000000000003        0.000000000000000        0.000000000000003
        0.033333333333333        0.233333333333333      -12.419060478347782      -12.419060478347781        0.000000000000000
        0.066666666666667        0.266666666666667      -21.510443730769006      -21.510443730769000        0.000000000000005
        0.000000000000000        0.300000000000000      -35.126407520822267      -35.126407520822281        0.000000000000015
        0.033333333333333        0.333333333333333      -41.554986268975124      -41.554986268975140        0.000000000000016
        0.066666666666667        0.366666666666667      -41.554986268975126      -41.554986268975128        0.000000000000002
        0.000000000000000        0.400000000000000      -49.676241913391140      -49.676241913391167        0.000000000000027
        0.033333333333333        0.433333333333333      -46.348564687464580      -46.348564687464600        0.000000000000020
        0.066666666666667        0.466666666666667      -37.257181435043359      -37.257181435043365        0.000000000000006
        0.000000000000000        0.500000000000000      -35.126407520822275      -35.126407520822304        0.000000000000028
        0.033333333333333        0.533333333333333      -23.991782508563999      -23.991782508564018        0.000000000000019
        0.066666666666667        0.566666666666667      -11.134625012258285      -11.134625012258290        0.000000000000005
        0.000000000000000        0.600000000000000       -0.000000000000009       -0.000000000000008        0.000000000000001
        0.033333333333333        0.633333333333333       12.419060478347776       12.419060478347787        0.000000000000011
        0.066666666666667        0.666666666666667       21.510443730769001       21.510443730769008        0.000000000000006
        0.000000000000000        0.700000000000000       35.126407520822262       35.126407520822285        0.000000000000023
        0.033333333333333        0.733333333333333       41.554986268975121       41.554986268975141        0.000000000000020
        0.066666666666667        0.766666666666667       41.554986268975125       41.554986268975130        0.000000000000006
        0.000000000000000        0.800000000000000       49.676241913391140       49.676241913391174        0.000000000000034
        0.033333333333333        0.833333333333333       46.348564687464582       46.348564687464606        0.000000000000024
        0.066666666666667        0.866666666666667       37.257181435043361       37.257181435043363        0.000000000000002
        0.000000000000000        0.900000000000000       35.126407520822279       35.126407520822290        0.000000000000011
        0.033333333333333        0.933333333333333       23.991782508564004       23.991782508564001        0.000000000000003
        0.066666666666667        0.966666666666667       11.134625012258290       11.134625012258283        0.000000000000008
        0.000000000000000        1.000000000000000        0.000000000000015        0.000000000000015        0.000000000000000
        0.033333333333333        1.033333333333333      -12.419060478347770      -12.419060478347766        0.000000000000004
        0.066666666666667        1.066666666666667      -21.510443730768997      -21.510443730768987        0.000000000000010
        0.100000000000000        0.000000000000000       35.126407520822271       35.126407520822277        0.000000000000006
        0.133333333333333        0.033333333333333       23.991782508563994       23.991782508563984        0.000000000000009
        0.166666666666667        0.066666666666667       11.134625012258280       11.134625012258269        0.000000000000012
        0.100000000000000        0.100000000000000       24.838120956695572       24.838120956695552        0.000000000000019
        0.133333333333333        0.133333333333333       12.419060478347787       12.419060478347767        0.000000000000020
        0.166666666666667        0.166666666666667        3.327677225926563        3.327677225926555        0.000000000000007
        0.100000000000000        0.200000000000000        0.000000000000002        0.000000000000000        0.000000000000002
        0.133333333333333        0.233333333333333       -6.428578748152856       -6.428578748152848        0.000000000000008
        0.166666666666667        0.266666666666667       -6.428578748152857       -6.428578748152848        0.000000000000009
        0.100000000000000        0.300000000000000      -24.838120956695568      -24.838120956695555        0.000000000000013
        0.133333333333333        0.333333333333333      -21.510443730769009      -21.510443730768991        0.000000000000018
        0.166666666666667        0.366666666666667      -12.419060478347787      -12.419060478347773        0.000000000000014
        0.100000000000000        0.400000000000000      -35.126407520822271      -35.126407520822256        0.000000000000015
        0.133333333333333        0.433333333333333      -23.991782508563994      -23.991782508563975        0.000000000000019
        0.166666666666667        0.466666666666667      -11.134625012258281      -11.134625012258270        0.000000000000011
        0.100000000000000        0.500000000000000      -24.838120956695575      -24.838120956695571        0.000000000000004
        0.133333333333333        0.533333333333333      -12.419060478347789      -12.419060478347784        0.000000000000005
        0.166666666666667        0.566666666666667       -3.327677225926564       -3.327677225926562        0.000000000000002
        0.100000000000000        0.600000000000000       -0.000000000000006       -0.000000000000005        0.000000000000001
        0.133333333333333        0.633333333333333        6.428578748152853        6.428578748152850        0.000000000000002
        0.166666666666667        0.666666666666667        6.428578748152856        6.428578748152850        0.000000000000006
        0.100000000000000        0.700000000000000       24.838120956695565       24.838120956695558        0.000000000000007
        0.133333333333333        0.733333333333333       21.510443730769007       21.510443730768991        0.000000000000016
        0.166666666666667        0.766666666666667       12.419060478347787       12.419060478347774        0.000000000000013
        0.100000000000000        0.800000000000000       35.126407520822271       35.126407520822261        0.000000000000010
        0.133333333333333        0.833333333333333       23.991782508563995       23.991782508563978        0.000000000000017
        0.166666666666667        0.866666666666667       11.134625012258282       11.134625012258269        0.000000000000013
        0.100000000000000        0.900000000000000       24.838120956695578       24.838120956695562        0.000000000000016
        0.133333333333333        0.933333333333333       12.419060478347792       12.419060478347775        0.000000000000017
        0.166666666666667        0.966666666666667        3.327677225926566        3.327677225926560        0.000000000000006
        0.100000000000000        1.000000000000000        0.000000000000011        0.000000000000011        0.000000000000000
        0.133333333333333        1.033333333333333       -6.428578748152850       -6.428578748152840        0.000000000000010
        0.166666666666667        1.066666666666667       -6.428578748152854       -6.428578748152844        0.000000000000011
        0.200000000000000        0.000000000000000        0.000000000000003        0.000000000000000        0.000000000000003
        0.233333333333333        0.033333333333333      -12.419060478347782      -12.419060478347781        0.000000000000000
        0.266666666666667        0.066666666666667      -21.510443730769006      -21.510443730769000        0.000000000000005
        0.200000000000000        0.100000000000000        0.000000000000002        0.000000000000000        0.000000000000002
        0.233333333333333        0.133333333333333       -6.428578748152856       -6.428578748152848        0.000000000000008
        0.266666666666667        0.166666666666667       -6.428578748152857       -6.428578748152848        0.000000000000009
        0.200000000000000        0.200000000000000        0.000000000000000       -0.000000000000000        0.000000000000000
        0.233333333333333        0.233333333333333        3.327677225926560        3.327677225926557        0.000000000000003
        0.266666666666667        0.266666666666667       12.419060478347781       12.419060478347774        0.000000000000008
        0.200000000000000        0.300000000000000       -0.000000000000002       -0.000000000000000        0.000000000000002
        0.233333333333333        0.333333333333333       11.134625012258274       11.134625012258269        0.000000000000006
        0.266666666666667        0.366666666666667       23.991782508563988       23.991782508563980        0.000000000000008
        0.200000000000000        0.400000000000000       -0.000000000000003       -0.000000000000000        0.000000000000003
        0.233333333333333        0.433333333333333       12.419060478347782       12.419060478347777        0.000000000000006
        0.266666666666667        0.466666666666667       21.510443730769007       21.510443730769003        0.000000000000005
        0.200000000000000        0.500000000000000       -0.000000000000002       -0.000000000000000        0.000000000000002
        0.233333333333333        0.533333333333333        6.428578748152857        6.428578748152856        0.000000000000001
        0.266666666666667        0.566666666666667        6.428578748152860        6.428578748152861        0.000000000000000
        0.200000000000000        0.600000000000000       -0.000000000000000       -0.000000000000000        0.000000000000000
        0.233333333333333        0.633333333333333       -3.327677225926558       -3.327677225926558        0.000000000000000
        0.266666666666667        0.666666666666667      -12.419060478347779      -12.419060478347778        0.000000000000001
        0.200000000000000        0.700000000000000        0.000000000000002        0.000000000000000        0.000000000000002
        0.233333333333333        0.733333333333333      -11.134625012258274      -11.134625012258269        0.000000000000005
        0.266666666666667        0.766666666666667      -23.991782508563987      -23.991782508563981        0.000000000000006
        0.200000000000000        0.800000000000000        0.000000000000003        0.000000000000000        0.000000000000003
        0.233333333333333        0.833333333333333      -12.419060478347783      -12.419060478347778        0.000000000000004
        0.266666666666667        0.866666666666667      -21.510443730769009      -21.510443730769001        0.000000000000007
        0.200000000000000        0.900000000000000        0.000000000000002        0.000000000000000        0.000000000000002
        0.233333333333333        0.933333333333333       -6.428578748152858       -6.428578748152852        0.000000000000006
        0.266666666666667        0.966666666666667       -6.428578748152863       -6.428578748152856        0.000000000000007
        0.200000000000000        1.000000000000000        0.000000000000000        0.000000000000000        0.000000000000000
        0.233333333333333        1.033333333333333        3.327677225926557        3.327677225926553        0.000000000000004
        0.266666666666667        1.066666666666667       12.419060478347776       12.419060478347766        0.000000000000011
        0.300000000000000        0.000000000000000      -35.126407520822267      -35.126407520822281        0.000000000000015
        0.333333333333333        0.033333333333333      -41.554986268975124      -41.554986268975140        0.000000000000016
        0.366666666666667        0.066666666666667      -41.554986268975126      -41.554986268975128        0.000000000000002
        0.300000000000000        0.100000000000000      -24.838120956695568      -24.838120956695555        0.000000000000013
        0.333333333333333        0.133333333333333      -21.510443730769009      -21.510443730768991        0.000000000000018
        0.366666666666667        0.166666666666667      -12.419060478347787      -12.419060478347773        0.000000000000014
        0.300000000000000        0.200000000000000       -0.000000000000002       -0.000000000000000        0.000000000000002
        0.333333333333333        0.233333333333333       11.134625012258274       11.134625012258269        0.000000000000006
        0.366666666666667        0.266666666666667       23.991782508563988       23.991782508563980        0.000000000000008
        0.300000000000000        0.300000000000000       24.838120956695565       24.838120956695558        0.000000000000007
        0.333333333333333        0.333333333333333       37.257181435043351       37.257181435043347        0.000000000000003
        0.366666666666667        0.366666666666667       46.348564687464576       46.348564687464574        0.000000000000002
        0.300000000000000        0.400000000000000       35.126407520822267       35.126407520822261        0.000000000000006
        0.333333333333333        0.433333333333333       41.554986268975126       41.554986268975124        0.000000000000001
        0.366666666666667        0.466666666666667       41.554986268975129       41.554986268975132        0.000000000000004
        0.300000000000000        0.500000000000000       24.838120956695572       24.838120956695574        0.000000000000003
        0.333333333333333        0.533333333333333       21.510443730769013       21.510443730769020        0.000000000000007
        0.366666666666667        0.566666666666667       12.419060478347793       12.419060478347797        0.000000000000005
        0.300000000000000        0.600000000000000        0.000000000000006        0.000000000000005        0.000000000000001
        0.333333333333333        0.633333333333333      -11.134625012258269      -11.134625012258274        0.000000000000004
        0.366666666666667        0.666666666666667      -23.991782508563983      -23.991782508563988        0.000000000000005
        0.300000000000000        0.700000000000000      -24.838120956695562      -24.838120956695561        0.000000000000001
        0.333333333333333        0.733333333333333      -37.257181435043348      -37.257181435043348        0.000000000000000
        0.366666666666667        0.766666666666667      -46.348564687464574      -46.348564687464577        0.000000000000003
        0.300000000000000        0.800000000000000      -35.126407520822267      -35.126407520822266        0.000000000000001
        0.333333333333333        0.833333333333333      -41.554986268975127      -41.554986268975129        0.000000000000002
        0.366666666666667        0.866666666666667      -41.554986268975132      -41.554986268975130        0.000000000000002
        0.300000000000000        0.900000000000000      -24.838120956695575      -24.838120956695565        0.000000000000010
        0.333333333333333        0.933333333333333      -21.510443730769018      -21.510443730769006        0.000000000000012
        0.366666666666667        0.966666666666667      -12.419060478347798      -12.419060478347789        0.000000000000010
        0.300000000000000        1.000000000000000       -0.000000000000011       -0.000000000000011        0.000000000000000
        0.333333333333333        1.033333333333333       11.134625012258264       11.134625012258255        0.000000000000009
        0.366666666666667        1.066666666666667       23.991782508563977       23.991782508563964        0.000000000000013
        0.400000000000000        0.000000000000000      -49.676241913391140      -49.676241913391167        0.000000000000027
        0.433333333333333        0.033333333333333      -46.348564687464580      -46.348564687464600        0.000000000000020
        0.466666666666667        0.066666666666667      -37.257181435043359      -37.257181435043365        0.000000000000006
        0.400000000000000        0.100000000000000      -35.126407520822271      -35.126407520822256        0.000000000000015
        0.433333333333333        0.133333333333333      -23.991782508563994      -23.991782508563975        0.000000000000019
        0.466666666666667        0.166666666666667      -11.134625012258281      -11.134625012258270        0.000000000000011
        0.400000000000000        0.200000000000000       -0.000000000000003       -0.000000000000000        0.000000000000003
        0.433333333333333        0.233333333333333       12.419060478347782       12.419060478347777        0.000000000000006
        0.466666666666667        0.266666666666667       21.510443730769007       21.510443730769003        0.000000000000005
        0.400000000000000        0.300000000000000       35.126407520822267       35.126407520822261        0.000000000000006
        0.433333333333333        0.333333333333333       41.554986268975126       41.554986268975124        0.000000000000001
        0.466666666666667        0.366666666666667       41.554986268975129       41.554986268975132        0.000000000000004
        0.400000000000000        0.400000000000000       49.676241913391140       49.676241913391138        0.000000000000002
        0.433333333333333        0.433333333333333       46.348564687464582       46.348564687464583        0.000000000000001
        0.466666666666667        0.466666666666667       37.257181435043361       37.257181435043369        0.000000000000008
        0.400000000000000        0.500000000000000       35.126407520822275       35.126407520822283        0.000000000000008
        0.433333333333333        0.533333333333333       23.991782508563999       23.991782508564009        0.000000000000009
        0.466666666666667        0.566666666666667       11.134625012258286       11.134625012258292        0.000000000000006
        0.400000000000000        0.600000000000000        0.000000000000009        0.000000000000008        0.000000000000001
        0.433333333333333        0.633333333333333      -12.419060478347776      -12.419060478347782        0.000000000000006
        0.466666666666667        0.666666666666667      -21.510443730769003      -21.510443730769010        0.000000000000007
        0.400000000000000        0.700000000000000      -35.126407520822262      -35.126407520822265        0.000000000000003
        0.433333333333333        0.733333333333333      -41.554986268975123      -41.554986268975125        0.000000000000002
        0.466666666666667        0.766666666666667      -41.554986268975127      -41.554986268975135        0.000000000000008
        0.400000000000000        0.800000000000000      -49.676241913391140      -49.676241913391145        0.000000000000005
        0.433333333333333        0.833333333333333      -46.348564687464583      -46.348564687464589        0.000000000000005
        0.466666666666667        0.866666666666667      -37.257181435043364      -37.257181435043367        0.000000000000003
        0.400000000000000        0.900000000000000      -35.126407520822279      -35.126407520822270        0.000000000000010
        0.433333333333333        0.933333333333333      -23.991782508564004      -23.991782508563992        0.000000000000013
        0.466666666666667        0.966666666666667      -11.134625012258291      -11.134625012258284        0.000000000000007
        0.400000000000000        1.000000000000000       -0.000000000000015       -0.000000000000015        0.000000000000000
        0.433333333333333        1.033333333333333       12.419060478347771       12.419060478347762        0.000000000000009
        0.466666666666667        1.066666666666667       21.510443730768998       21.510443730768989        0.000000000000009
        0.500000000000000        0.000000000000000      -35.126407520822275      -35.126407520822304        0.000000000000028
        0.533333333333333        0.033333333333333      -23.991782508563999      -23.991782508564018        0.000000000000019
        0.566666666666667        0.066666666666667      -11.134625012258285      -11.134625012258290        0.000000000000005
        0.500000000000000        0.100000000000000      -24.838120956695575      -24.838120956695571        0.000000000000004
        0.533333333333333        0.133333333333333      -12.419060478347789      -12.419060478347784        0.000000000000005
        0.566666666666667        0.166666666666667       -3.327677225926564       -3.327677225926562        0.000000000000002
        0.500000000000000        0.200000000000000       -0.000000000000002       -0.000000000000000        0.000000000000002
        0.533333333333333        0.233333333333333        6.428578748152857        6.428578748152856        0.000000000000001
        0.566666666666667        0.266666666666667        6.428578748152860        6.428578748152861        0.000000000000000
        0.500000000000000        0.300000000000000       24.838120956695572       24.838120956695574        0.000000000000003
        0.533333333333333        0.333333333333333       21.510443730769013       21.510443730769020        0.000000000000007
        0.566666666666667        0.366666666666667       12.419060478347793       12.419060478347797        0.000000000000005
        0.500000000000000        0.400000000000000       35.126407520822275       35.126407520822283        0.000000000000008
        0.533333333333333        0.433333333333333       23.991782508563999       23.991782508564009        0.000000000000009
        0.566666666666667        0.466666666666667       11.134625012258286       11.134625012258292        0.000000000000006
        0.500000000000000        0.500000000000000       24.838120956695578       24.838120956695590        0.000000000000012
        0.533333333333333        0.533333333333333       12.419060478347792       12.419060478347801        0.000000000000009
        0.566666666666667        0.566666666666667        3.327677225926566        3.327677225926568        0.000000000000003
        0.500000000000000        0.600000000000000        0.000000000000006        0.000000000000005        0.000000000000001
        0.533333333333333        0.633333333333333       -6.428578748152854       -6.428578748152859        0.000000000000005
        0.566666666666667        0.666666666666667       -6.428578748152859       -6.428578748152863        0.000000000000004
        0.500000000000000        0.700000000000000      -24.838120956695568      -24.838120956695577        0.000000000000009
        0.533333333333333        0.733333333333333      -21.510443730769012      -21.510443730769021        0.000000000000009
        0.566666666666667        0.766666666666667      -12.419060478347792      -12.419060478347798        0.000000000000006
        0.500000000000000        0.800000000000000      -35.126407520822275      -35.126407520822288        0.000000000000013
        0.533333333333333        0.833333333333333      -23.991782508564000      -23.991782508564012        0.000000000000011
        0.566666666666667        0.866666666666667      -11.134625012258287      -11.134625012258291        0.000000000000004
        0.500000000000000        0.900000000000000      -24.838120956695581      -24.838120956695580        0.000000000000000
        0.533333333333333        0.933333333333333      -12.419060478347795      -12.419060478347793        0.000000000000002
        0.566666666666667        0.966666666666667       -3.327677225926567       -3.327677225926566        0.000000000000001
        0.500000000000000        1.000000000000000       -0.000000000000011       -0.000000000000011        0.000000000000000
        0.533333333333333        1.033333333333333        6.428578748152851        6.428578748152849        0.000000000000002
        0.566666666666667        1.066666666666667        6.428578748152857        6.428578748152857        0.000000000000001
        0.600000000000000        0.000000000000000       -0.000000000000009       -0.000000000000008        0.000000000000001
        0.633333333333333        0.033333333333333       12.419060478347776       12.419060478347787        0.000000000000011
        0.666666666666667        0.066666666666667       21.510443730769001       21.510443730769008        0.000000000000006
        0.600000000000000        0.100000000000000       -0.000000000000006       -0.000000000000005        0.000000000000001
        0.633333333333333        0.133333333333333        6.428578748152853        6.428578748152850        0.000000000000002
        0.666666666666667        0.166666666666667        6.428578748152856        6.428578748152850        0.000000000000006
        0.600000000000000        0.200000000000000       -0.000000000000000       -0.000000000000000        0.000000000000000
        0.633333333333333        0.233333333333333       -3.327677225926558       -3.327677225926558        0.000000000000000
        0.666666666666667        0.266666666666667      -12.419060478347779      -12.419060478347778        0.000000000000001
        0.600000000000000        0.300000000000000        0.000000000000006        0.000000000000005        0.000000000000001
        0.633333333333333        0.333333333333333      -11.134625012258269      -11.134625012258274        0.000000000000004
        0.666666666666667        0.366666666666667      -23.991782508563983      -23.991782508563988        0.000000000000005
        0.600000000000000        0.400000000000000        0.000000000000009        0.000000000000008        0.000000000000001
        0.633333333333333        0.433333333333333      -12.419060478347776      -12.419060478347782        0.000000000000006
        0.666666666666667        0.466666666666667      -21.510443730769003      -21.510443730769010        0.000000000000007
        0.600000000000000        0.500000000000000        0.000000000000006        0.000000000000005        0.000000000000001
        0.633333333333333        0.533333333333333       -6.428578748152854       -6.428578748152859        0.000000000000005
        0.666666666666667        0.566666666666667       -6.428578748152859       -6.428578748152863        0.000000000000004
        0.600000000000000        0.600000000000000        0.000000000000000        0.000000000000000        0.000000000000000
        0.633333333333333        0.633333333333333        3.327677225926557        3.327677225926560        0.000000000000003
        0.666666666666667        0.666666666666667       12.419060478347776       12.419060478347782        0.000000000000006
        0.600000000000000        0.700000000000000       -0.000000000000006       -0.000000000000005        0.000000000000001
        0.633333333333333        0.733333333333333       11.134625012258269       11.134625012258274        0.000000000000005
        0.666666666666667        0.766666666666667       23.991782508563982       23.991782508563989        0.000000000000007
        0.600000000000000        0.800000000000000       -0.000000000000009       -0.000000000000008        0.000000000000001
        0.633333333333333        0.833333333333333       12.419060478347777       12.419060478347784        0.000000000000007
        0.666666666666667        0.866666666666667       21.510443730769004       21.510443730769009        0.000000000000005
        0.600000000000000        0.900000000000000       -0.000000000000006       -0.000000000000005        0.000000000000001
        0.633333333333333        0.933333333333333        6.428578748152855        6.428578748152855        0.000000000000001
        0.666666666666667        0.966666666666667        6.428578748152862        6.428578748152858        0.000000000000003
        0.600000000000000        1.000000000000000       -0.000000000000000       -0.000000000000000        0.000000000000000
        0.633333333333333        1.033333333333333       -3.327677225926555       -3.327677225926554        0.000000000000001
        0.666666666666667        1.066666666666667      -12.419060478347774      -12.419060478347770        0.000000000000004
        0.700000000000000        0.000000000000000       35.126407520822262       35.126407520822285        0.000000000000023
        0.733333333333333        0.033333333333333       41.554986268975121       41.554986268975141        0.000000000000020
        0.766666666666667        0.066666666666667       41.554986268975125       41.554986268975130        0.000000000000006
        0.700000000000000        0.100000000000000       24.838120956695565       24.838120956695558        0.000000000000007
        0.733333333333333        0.133333333333333       21.510443730769007       21.510443730768991        0.000000000000016
        0.766666666666667        0.166666666666667       12.419060478347787       12.419060478347774        0.000000000000013
        0.700000000000000        0.200000000000000        0.000000000000002        0.000000000000000        0.000000000000002
        0.733333333333333        0.233333333333333      -11.134625012258274      -11.134625012258269        0.000000000000005
        0.766666666666667        0.266666666666667      -23.991782508563987      -23.991782508563981        0.000000000000006
        0.700000000000000        0.300000000000000      -24.838120956695562      -24.838120956695561        0.000000000000001
        0.733333333333333        0.333333333333333      -37.257181435043348      -37.257181435043348        0.000000000000000
        0.766666666666667        0.366666666666667      -46.348564687464574      -46.348564687464577        0.000000000000003
        0.700000000000000        0.400000000000000      -35.126407520822262      -35.126407520822265        0.000000000000003
        0.733333333333333        0.433333333333333      -41.554986268975123      -41.554986268975125        0.000000000000002
        0.766666666666667        0.466666666666667      -41.554986268975127      -41.554986268975135        0.000000000000008
        0.700000000000000        0.500000000000000      -24.838120956695568      -24.838120956695577        0.000000000000009
        0.733333333333333        0.533333333333333      -21.510443730769012      -21.510443730769021        0.000000000000009
        0.766666666666667        0.566666666666667      -12.419060478347792      -12.419060478347798        0.000000000000006
        0.700000000000000        0.600000000000000       -0.000000000000006       -0.000000000000005        0.000000000000001
        0.733333333333333        0.633333333333333       11.134625012258269       11.134625012258274        0.000000000000005
        0.766666666666667        0.666666666666667       23.991782508563982       23.991782508563989        0.000000000000007
        0.700000000000000        0.700000000000000       24.838120956695559       24.838120956695564        0.000000000000005
        0.733333333333333        0.733333333333333       37.257181435043345       37.257181435043349        0.000000000000004
        0.766666666666667        0.766666666666667       46.348564687464573       46.348564687464580        0.000000000000007
        0.700000000000000        0.800000000000000       35.126407520822262       35.126407520822270        0.000000000000008
        0.733333333333333        0.833333333333333       41.554986268975124       41.554986268975130        0.000000000000006
        0.766666666666667        0.866666666666667       41.554986268975130       41.554986268975133        0.000000000000002
        0.700000000000000        0.900000000000000       24.838120956695572       24.838120956695568        0.000000000000004
        0.733333333333333        0.933333333333333       21.510443730769016       21.510443730769006        0.000000000000010
        0.766666666666667        0.966666666666667       12.419060478347798       12.419060478347790        0.000000000000008
        0.700000000000000        1.000000000000000        0.000000000000011        0.000000000000011        0.000000000000000
        0.733333333333333        1.033333333333333      -11.134625012258263      -11.134625012258256        0.000000000000008
        0.766666666666667        1.066666666666667      -23.991782508563977      -23.991782508563966        0.000000000000011
        0.800000000000000        0.000000000000000       49.676241913391140       49.676241913391174        0.000000000000034
        0.833333333333333        0.033333333333333       46.348564687464582       46.348564687464606        0.000000000000024
        0.866666666666667        0.066666666666667       37.257181435043361       37.257181435043363        0.000000000000002
        0.800000000000000        0.100000000000000       35.126407520822271       35.126407520822261        0.000000000000010
        0.833333333333333        0.133333333333333       23.991782508563995       23.991782508563978        0.000000000000017
        0.866666666666667        0.166666666666667       11.134625012258282       11.134625012258269        0.000000000000013
        0.800000000000000        0.200000000000000        0.000000000000003        0.000000000000000        0.000000000000003
        0.833333333333333        0.233333333333333      -12.419060478347783      -12.419060478347778        0.000000000000004
        0.866666666666667        0.266666666666667      -21.510443730769009      -21.510443730769001        0.000000000000007
        0.800000000000000        0.300000000000000      -35.126407520822267      -35.126407520822266        0.000000000000001
        0.833333333333333        0.333333333333333      -41.554986268975127      -41.554986268975129        0.000000000000002
        0.866666666666667        0.366666666666667      -41.554986268975132      -41.554986268975130        0.000000000000002
        0.800000000000000        0.400000000000000      -49.676241913391140      -49.676241913391145        0.000000000000005
        0.833333333333333        0.433333333333333      -46.348564687464583      -46.348564687464589        0.000000000000005
        0.866666666666667        0.466666666666667      -37.257181435043364      -37.257181435043367        0.000000000000003
        0.800000000000000        0.500000000000000      -35.126407520822275      -35.126407520822288        0.000000000000013
        0.833333333333333        0.533333333333333      -23.991782508564000      -23.991782508564012        0.000000000000011
        0.866666666666667        0.566666666666667      -11.134625012258287      -11.134625012258291        0.000000000000004
        0.800000000000000        0.600000000000000       -0.000000000000009       -0.000000000000008        0.000000000000001
        0.833333333333333        0.633333333333333       12.419060478347777       12.419060478347784        0.000000000000007
        0.866666666666667        0.666666666666667       21.510443730769004       21.510443730769009        0.000000000000005
        0.800000000000000        0.700000000000000       35.126407520822262       35.126407520822270        0.000000000000008
        0.833333333333333        0.733333333333333       41.554986268975124       41.554986268975130        0.000000000000006
        0.866666666666667        0.766666666666667       41.554986268975130       41.554986268975133        0.000000000000002
        0.800000000000000        0.800000000000000       49.676241913391140       49.676241913391152        0.000000000000012
        0.833333333333333        0.833333333333333       46.348564687464585       46.348564687464594        0.000000000000009
        0.866666666666667        0.866666666666667       37.257181435043366       37.257181435043365        0.000000000000002
        0.800000000000000        0.900000000000000       35.126407520822279       35.126407520822275        0.000000000000005
        0.833333333333333        0.933333333333333       23.991782508564005       23.991782508563995        0.000000000000010
        0.866666666666667        0.966666666666667       11.134625012258292       11.134625012258283        0.000000000000009
        0.800000000000000        1.000000000000000        0.000000000000015        0.000000000000015        0.000000000000000
        0.833333333333333        1.033333333333333      -12.419060478347771      -12.419060478347763        0.000000000000008
        0.866666666666667        1.066666666666667      -21.510443730769000      -21.510443730768988        0.000000000000012
        0.900000000000000        0.000000000000000       35.126407520822279       35.126407520822290        0.000000000000011
        0.933333333333333        0.033333333333333       23.991782508564004       23.991782508564001        0.000000000000003
        0.966666666666667        0.066666666666667       11.134625012258290       11.134625012258283        0.000000000000008
        0.900000000000000        0.100000000000000       24.838120956695578       24.838120956695562        0.000000000000016
        0.933333333333333        0.133333333333333       12.419060478347792       12.419060478347775        0.000000000000017
        0.966666666666667        0.166666666666667        3.327677225926566        3.327677225926560        0.000000000000006
        0.900000000000000        0.200000000000000        0.000000000000002        0.000000000000000        0.000000000000002
        0.933333333333333        0.233333333333333       -6.428578748152858       -6.428578748152852        0.000000000000006
        0.966666666666667        0.266666666666667       -6.428578748152863       -6.428578748152856        0.000000000000007
        0.900000000000000        0.300000000000000      -24.838120956695575      -24.838120956695565        0.000000000000010
        0.933333333333333        0.333333333333333      -21.510443730769018      -21.510443730769006        0.000000000000012
        0.966666666666667        0.366666666666667      -12.419060478347798      -12.419060478347789        0.000000000000010
        0.900000000000000        0.400000000000000      -35.126407520822279      -35.126407520822270        0.000000000000010
        0.933333333333333        0.433333333333333      -23.991782508564004      -23.991782508563992        0.000000000000013
        0.966666666666667        0.466666666666667      -11.134625012258291      -11.134625012258284        0.000000000000007
        0.900000000000000        0.500000000000000      -24.838120956695581      -24.838120956695580        0.000000000000000
        0.933333333333333        0.533333333333333      -12.419060478347795      -12.419060478347793        0.000000000000002
        0.966666666666667        0.566666666666667       -3.327677225926567       -3.327677225926566        0.000000000000001
        0.900000000000000        0.600000000000000       -0.000000000000006       -0.000000000000005        0.000000000000001
        0.933333333333333        0.633333333333333        6.428578748152855        6.428578748152855        0.000000000000001
        0.966666666666667        0.666666666666667        6.428578748152862        6.428578748152858        0.000000000000003
        0.900000000000000        0.700000000000000       24.838120956695572       24.838120956695568        0.000000000000004
        0.933333333333333        0.733333333333333       21.510443730769016       21.510443730769006        0.000000000000010
        0.966666666666667        0.766666666666667       12.419060478347798       12.419060478347790        0.000000000000008
        0.900000000000000        0.800000000000000       35.126407520822279       35.126407520822275        0.000000000000005
        0.933333333333333        0.833333333333333       23.991782508564005       23.991782508563995        0.000000000000010
        0.966666666666667        0.866666666666667       11.134625012258292       11.134625012258283        0.000000000000009
        0.900000000000000        0.900000000000000       24.838120956695584       24.838120956695571        0.000000000000013
        0.933333333333333        0.933333333333333       12.419060478347797       12.419060478347784        0.000000000000013
        0.966666666666667        0.966666666666667        3.327677225926569        3.327677225926564        0.000000000000005
        0.900000000000000        1.000000000000000        0.000000000000011        0.000000000000011        0.000000000000000
        0.933333333333333        1.033333333333333       -6.428578748152852       -6.428578748152844        0.000000000000008
        0.966666666666667        1.066666666666667       -6.428578748152860       -6.428578748152852        0.000000000000008
        1.000000000000000        0.000000000000000        0.000000000000015        0.000000000000015        0.000000000000000
        1.033333333333333        0.033333333333333      -12.419060478347770      -12.419060478347766        0.000000000000004
        1.066666666666667        0.066666666666667      -21.510443730768997      -21.510443730768987        0.000000000000010
        1.000000000000000        0.100000000000000        0.000000000000011        0.000000000000011        0.000000000000000
        1.033333333333333        0.133333333333333       -6.428578748152850       -6.428578748152840        0.000000000000010
        1.066666666666667        0.166666666666667       -6.428578748152854       -6.428578748152844        0.000000000000011
        1.000000000000000        0.200000000000000        0.000000000000000        0.000000000000000        0.000000000000000
        1.033333333333333        0.233333333333333        3.327677225926557        3.327677225926553        0.000000000000004
        1.066666666666667        0.266666666666667       12.419060478347776       12.419060478347766        0.000000000000011
        1.000000000000000        0.300000000000000       -0.000000000000011       -0.000000000000011        0.000000000000000
        1.033333333333333        0.333333333333333       11.134625012258264       11.134625012258255        0.000000000000009
        1.066666666666667        0.366666666666667       23.991782508563977       23.991782508563964        0.000000000000013
        1.000000000000000        0.400000000000000       -0.000000000000015       -0.000000000000015        0.000000000000000
        1.033333333333333        0.433333333333333       12.419060478347771       12.419060478347762        0.000000000000009
        1.066666666666667        0.466666666666667       21.510443730768998       21.510443730768989        0.000000000000009
        1.000000000000000        0.500000000000000       -0.000000000000011       -0.000000000000011        0.000000000000000
        1.033333333333333        0.533333333333333        6.428578748152851        6.428578748152849        0.000000000000002
        1.066666666666667        0.566666666666667        6.428578748152857        6.428578748152857        0.000000000000001
        1.000000000000000        0.600000000000000       -0.000000000000000       -0.000000000000000        0.000000000000000
        1.033333333333333        0.633333333333333       -3.327677225926555       -3.327677225926554        0.000000000000001
        1.066666666666667        0.666666666666667      -12.419060478347774      -12.419060478347770        0.000000000000004
        1.000000000000000        0.700000000000000        0.000000000000011        0.000000000000011        0.000000000000000
        1.033333333333333        0.733333333333333      -11.134625012258263      -11.134625012258256        0.000000000000008
        1.066666666666667        0.766666666666667      -23.991782508563977      -23.991782508563966        0.000000000000011
        1.000000000000000        0.800000000000000        0.000000000000015        0.000000000000015        0.000000000000000
        1.033333333333333        0.833333333333333      -12.419060478347771      -12.419060478347763        0.000000000000008
        1.066666666666667        0.866666666666667      -21.510443730769000      -21.510443730768988        0.000000000000012
        1.000000000000000        0.900000000000000        0.000000000000011        0.000000000000011        0.000000000000000
        1.033333333333333        0.933333333333333       -6.428578748152852       -6.428578748152844        0.000000000000008
        1.066666666666667        0.966666666666667       -6.428578748152860       -6.428578748152852        0.000000000000008
        1.000000000000000        1.000000000000000        0.000000000000000        0.000000000000000        0.000000000000000
        1.033333333333333        1.033333333333333        3.327677225926554        3.327677225926549        0.000000000000005
        1.066666666666667        1.066666666666667       12.419060478347771       12.419060478347758        0.000000000000013
