        0.000000000000000        0.000000000000000       48.855737915160193       48.855737915160248        0.000000000000055
        0.033333333333333        0.033333333333333       45.583024035161754       45.583024035161793        0.000000000000039
        0.066666666666667        0.066666666666667       36.641803436370146       36.641803436370150        0.000000000000005
        0.000000000000000        0.100000000000000       34.546223579682493       34.546223579682499        0.000000000000006
        0.033333333333333        0.133333333333333       23.595509507331638       23.595509507331629        0.000000000000009
        0.066666666666667        0.166666666666667       10.950714072350858       10.950714072350847        0.000000000000011
        0.000000000000000        0.200000000000000        0.000000000000003        0.000000000000000        0.000000000000003
        0.033333333333333        0.233333333333333      -12.213934478790045      -12.213934478790045        0.000000000000000
        0.066666666666667        0.266666666666667      -21.155155077581655      -21.155155077581649        0.000000000000005
        0.000000000000000        0.300000000000000      -34.546223579682489      -34.546223579682503        0.000000000000014
        0.033333333333333        0.333333333333333      -40.868621297172880      -40.868621297172895        0.000000000000016
        0.066666666666667        0.366666666666667      -40.868621297172881      -40.868621297172883        0.000000000000002
        0.000000000000000        0.400000000000000      -48.855737915160193      -48.855737915160219        0.000000000000026
        0.033333333333333        0.433333333333333      -45.583024035161756      -45.583024035161775        0.000000000000020
        0.066666666666667        0.466666666666667      -36.641803436370148      -36.641803436370154        0.000000000000006
        0.000000000000000        0.500000000000000      -34.546223579682497      -34.546223579682525        0.000000000000028
        0.033333333333333        0.533333333333333      -23.595509507331643      -23.595509507331661        0.000000000000019
        0.066666666666667        0.566666666666667      -10.950714072350863      -10.950714072350868        0.000000000000005
        0.000000000000000        0.600000000000000       -0.000000000000009       -0.000000000000008        0.000000000000001
        0.033333333333333        0.633333333333333       12.213934478790039       12.213934478790050        0.000000000000011
        0.066666666666667        0.666666666666667       21.155155077581650       21.155155077581657        0.000000000000006
        0.000000000000000        0.700000000000000       34.546223579682485       34.546223579682507        0.000000000000023
        0.033333333333333        0.733333333333333       40.868621297172877       40.868621297172896        0.000000000000019
        0.066666666666667        0.766666666666667       40.868621297172880       40.868621297172886        0.000000000000006
        0.000000000000000        0.800000000000000       48.855737915160193       48.855737915160226        0.000000000000033
        0.033333333333333        0.833333333333333       45.583024035161757       45.583024035161781        0.000000000000024
        0.066666666666667        0.866666666666667       36.641803436370151       36.641803436370152        0.000000000000001
        0.000000000000000        0.900000000000000       34.546223579682502       34.546223579682512        0.000000000000010
        0.033333333333333        0.933333333333333       23.595509507331648       23.595509507331645        0.000000000000003
        0.066666666666667        0.966666666666667       10.950714072350868       10.950714072350861        0.000000000000008
        0.000000000000000        1.000000000000000        0.000000000000015        0.000000000000015        0.000000000000000
        0.033333333333333        1.033333333333333      -12.213934478790034      -12.213934478790030        0.000000000000004
        0.066666666666667        1.066666666666667      -21.155155077581646      -21.155155077581636        0.000000000000010
        0.100000000000000        0.000000000000000       34.546223579682493       34.546223579682499        0.000000000000006
        0.133333333333333        0.033333333333333       23.595509507331638       23.595509507331629        0.000000000000009
        0.166666666666667        0.066666666666667       10.950714072350858       10.950714072350847        0.000000000000011
        0.100000000000000        0.100000000000000       24.427868957580098       24.427868957580079        0.000000000000019
        0.133333333333333        0.133333333333333       12.213934478790050       12.213934478790030        0.000000000000020
        0.166666666666667        0.166666666666667        3.272713879998440        3.272713879998433        0.000000000000007
        0.100000000000000        0.200000000000000        0.000000000000002        0.000000000000000        0.000000000000002
        0.133333333333333        0.233333333333333       -6.322397717490389       -6.322397717490381        0.000000000000008
        0.166666666666667        0.266666666666667       -6.322397717490390       -6.322397717490381        0.000000000000009
        0.100000000000000        0.300000000000000      -24.427868957580095      -24.427868957580082        0.000000000000013
        0.133333333333333        0.333333333333333      -21.155155077581658      -21.155155077581640        0.000000000000018
        0.166666666666667        0.366666666666667      -12.213934478790050      -12.213934478790036        0.000000000000014
        0.100000000000000        0.400000000000000      -34.546223579682493      -34.546223579682479        0.000000000000014
        0.133333333333333        0.433333333333333      -23.595509507331638      -23.595509507331620        0.000000000000019
        0.166666666666667        0.466666666666667      -10.950714072350859      -10.950714072350848        0.000000000000011
        0.100000000000000        0.500000000000000      -24.427868957580101      -24.427868957580097        0.000000000000003
        0.133333333333333        0.533333333333333      -12.213934478790053      -12.213934478790047        0.000000000000005
        0.166666666666667        0.566666666666667       -3.272713879998442       -3.272713879998439        0.000000000000002
        0.100000000000000        0.600000000000000       -0.000000000000006       -0.000000000000005        0.000000000000001
        0.133333333333333        0.633333333333333        6.322397717490386        6.322397717490383        0.000000000000002
        0.166666666666667        0.666666666666667        6.322397717490389        6.322397717490383        0.000000000000006
        0.100000000000000        0.700000000000000       24.427868957580092       24.427868957580085        0.000000000000007
        0.133333333333333        0.733333333333333       21.155155077581656       21.155155077581640        0.000000000000016
        0.166666666666667        0.766666666666667       12.213934478790050       12.213934478790037        0.000000000000013
        0.100000000000000        0.800000000000000       34.546223579682493       34.546223579682484        0.000000000000009
        0.133333333333333        0.833333333333333       23.595509507331639       23.595509507331623        0.000000000000016
        0.166666666666667        0.866666666666667       10.950714072350860       10.950714072350848        0.000000000000012
        0.100000000000000        0.900000000000000       24.427868957580104       24.427868957580088        0.000000000000016
        0.133333333333333        0.933333333333333       12.213934478790055       12.213934478790039        0.000000000000016
        0.166666666666667        0.966666666666667        3.272713879998443        3.272713879998437        0.000000000000006
        0.100000000000000        1.000000000000000        0.000000000000011        0.000000000000011        0.000000000000000
        0.133333333333333        1.033333333333333       -6.322397717490383       -6.322397717490373        0.000000000000010
        0.166666666666667        1.066666666666667       -6.322397717490387       -6.322397717490377        0.000000000000010
        0.200000000000000        0.000000000000000        0.000000000000003        0.000000000000000        0.000000000000003
        0.233333333333333        0.033333333333333      -12.213934478790045      -12.213934478790045        0.000000000000000
        0.266666666666667        0.066666666666667      -21.155155077581655      -21.155155077581649        0.000000000000005
        0.200000000000000        0.100000000000000        0.000000000000002        0.000000000000000        0.000000000000002
        0.233333333333333        0.133333333333333       -6.322397717490389       -6.322397717490381        0.000000000000008
        0.266666666666667        0.166666666666667       -6.322397717490390       -6.322397717490381        0.000000000000009
        0.200000000000000        0.200000000000000        0.000000000000000       -0.000000000000000        0.000000000000000
        0.233333333333333        0.233333333333333        3.272713879998437        3.272713879998434        0.000000000000003
        0.266666666666667        0.266666666666667       12.213934478790045       12.213934478790037        0.000000000000008
        0.200000000000000        0.300000000000000       -0.000000000000002       -0.000000000000000        0.000000000000002
        0.233333333333333        0.333333333333333       10.950714072350853       10.950714072350847        0.000000000000005
        0.266666666666667        0.366666666666667       23.595509507331632       23.595509507331624        0.000000000000008
        0.200000000000000        0.400000000000000       -0.000000000000003       -0.000000000000000        0.000000000000003
        0.233333333333333        0.433333333333333       12.213934478790045       12.213934478790040        0.000000000000005
        0.266666666666667        0.466666666666667       21.155155077581656       21.155155077581652        0.000000000000004
        0.200000000000000        0.500000000000000       -0.000000000000002       -0.000000000000000        0.000000000000002
        0.233333333333333        0.533333333333333        6.322397717490390        6.322397717490389        0.000000000000001
        0.266666666666667        0.566666666666667        6.322397717490393        6.322397717490393        0.000000000000000
        0.200000000000000        0.600000000000000       -0.000000000000000       -0.000000000000000        0.000000000000000
        0.233333333333333        0.633333333333333       -3.272713879998436       -3.272713879998436        0.000000000000000
        0.266666666666667        0.666666666666667      -12.213934478790042      -12.213934478790041        0.000000000000001
        0.200000000000000        0.700000000000000        0.000000000000002        0.000000000000000        0.000000000000002
        0.233333333333333        0.733333333333333      -10.950714072350852      -10.950714072350847        0.000000000000004
        0.266666666666667        0.766666666666667      -23.595509507331631      -23.595509507331625        0.000000000000006
        0.200000000000000        0.800000000000000        0.000000000000003        0.000000000000000        0.000000000000003
        0.233333333333333        0.833333333333333      -12.213934478790046      -12.213934478790042        0.000000000000004
        0.266666666666667        0.866666666666667      -21.155155077581658      -21.155155077581650        0.000000000000007
        0.200000000000000        0.900000000000000        0.000000000000002        0.000000000000000        0.000000000000002
        0.233333333333333        0.933333333333333       -6.322397717490391       -6.322397717490385        0.000000000000006
        0.266666666666667        0.966666666666667       -6.322397717490396       -6.322397717490389        0.000000000000007
        0.200000000000000        1.000000000000000        0.000000000000000        0.000000000000000        0.000000000000000
        0.233333333333333        1.033333333333333        3.272713879998434        3.272713879998430        0.000000000000004
        0.266666666666667        1.066666666666667       12.213934478790040       12.213934478790029        0.000000000000010
        0.300000000000000        0.000000000000000      -34.546223579682489      -34.546223579682503        0.000000000000014
        0.333333333333333        0.033333333333333      -40.868621297172880      -40.868621297172895        0.000000000000016
        0.366666666666667        0.066666666666667      -40.868621297172881      -40.868621297172883        0.000000000000002
        0.300000000000000        0.100000000000000      -24.427868957580095      -24.427868957580082        0.000000000000013
        0.333333333333333        0.133333333333333      -21.155155077581658      -21.155155077581640        0.000000000000018
        0.366666666666667        0.166666666666667      -12.213934478790050      -12.213934478790036        0.000000000000014
        0.300000000000000        0.200000000000000       -0.000000000000002       -0.000000000000000        0.000000000000002
        0.333333333333333        0.233333333333333       10.950714072350853       10.950714072350847        0.000000000000005
        0.366666666666667        0.266666666666667       23.595509507331632       23.595509507331624        0.000000000000008
        0.300000000000000        0.300000000000000       24.427868957580092       24.427868957580085        0.000000000000007
        0.333333333333333        0.333333333333333       36.641803436370140       36.641803436370137        0.000000000000003
        0.366666666666667        0.366666666666667       45.583024035161751       45.583024035161749        0.000000000000002
        0.300000000000000        0.400000000000000       34.546223579682489       34.546223579682483        0.000000000000006
        0.333333333333333        0.433333333333333       40.868621297172881       40.868621297172880        0.000000000000001
        0.366666666666667        0.466666666666667       40.868621297172884       40.868621297172888        0.000000000000004
        0.300000000000000        0.500000000000000       24.427868957580098       24.427868957580101        0.000000000000003
        0.333333333333333        0.533333333333333       21.155155077581662       21.155155077581669        0.000000000000007
        0.366666666666667        0.566666666666667       12.213934478790056       12.213934478790060        0.000000000000005
        0.300000000000000        0.600000000000000        0.000000000000006        0.000000000000005        0.000000000000001
        0.333333333333333        0.633333333333333      -10.950714072350848      -10.950714072350852        0.000000000000004
        0.366666666666667        0.666666666666667      -23.595509507331627      -23.595509507331632        0.000000000000005
        0.300000000000000        0.700000000000000      -24.427868957580089      -24.427868957580088        0.000000000000001
        0.333333333333333        0.733333333333333      -36.641803436370138      -36.641803436370138        0.000000000000000
        0.366666666666667        0.766666666666667      -45.583024035161750      -45.583024035161752        0.000000000000003
        0.300000000000000        0.800000000000000      -34.546223579682489      -34.546223579682488        0.000000000000001
        0.333333333333333        0.833333333333333      -40.868621297172882      -40.868621297172885        0.000000000000002
        0.366666666666667        0.866666666666667      -40.868621297172887      -40.868621297172885        0.000000000000002
        0.300000000000000        0.900000000000000      -24.427868957580101      -24.427868957580091        0.000000000000010
        0.333333333333333        0.933333333333333      -21.155155077581667      -21.155155077581654        0.000000000000012
        0.366666666666667        0.966666666666667      -12.213934478790061      -12.213934478790052        0.000000000000009
        0.300000000000000        1.000000000000000       -0.000000000000011       -0.000000000000011        0.000000000000000
        0.333333333333333        1.033333333333333       10.950714072350843       10.950714072350834        0.000000000000009
        0.366666666666667        1.066666666666667       23.595509507331622       23.595509507331609        0.000000000000013
        0.400000000000000        0.000000000000000      -48.855737915160193      -48.855737915160219        0.000000000000026
        0.433333333333333        0.033333333333333      -45.583024035161756      -45.583024035161775        0.000000000000020
        0.466666666666667        0.066666666666667      -36.641803436370148      -36.641803436370154        0.000000000000006
        0.400000000000000        0.100000000000000      -34.546223579682493      -34.546223579682479        0.000000000000014
        0.433333333333333        0.133333333333333      -23.595509507331638      -23.595509507331620        0.000000000000019
        0.466666666666667        0.166666666666667      -10.950714072350859      -10.950714072350848        0.000000000000011
        0.400000000000000        0.200000000000000       -0.000000000000003       -0.000000000000000        0.000000000000003
        0.433333333333333        0.233333333333333       12.213934478790045       12.213934478790040        0.000000000000005
        0.466666666666667        0.266666666666667       21.155155077581656       21.155155077581652        0.000000000000004
        0.400000000000000        0.300000000000000       34.546223579682489       34.546223579682483        0.000000000000006
        0.433333333333333        0.333333333333333       40.868621297172881       40.868621297172880        0.000000000000001
        0.466666666666667        0.366666666666667       40.868621297172884       40.868621297172888        0.000000000000004
        0.400000000000000        0.400000000000000       48.855737915160193       48.855737915160191        0.000000000000002
        0.433333333333333        0.433333333333333       45.583024035161757       45.583024035161758        0.000000000000001
        0.466666666666667        0.466666666666667       36.641803436370151       36.641803436370158        0.000000000000008
        0.400000000000000        0.500000000000000       34.546223579682497       34.546223579682505        0.000000000000008
        0.433333333333333        0.533333333333333       23.595509507331643       23.595509507331652        0.000000000000009
        0.466666666666667        0.566666666666667       10.950714072350864       10.950714072350870        0.000000000000005
        0.400000000000000        0.600000000000000        0.000000000000009        0.000000000000008        0.000000000000001
        0.433333333333333        0.633333333333333      -12.213934478790040      -12.213934478790045        0.000000000000006
        0.466666666666667        0.666666666666667      -21.155155077581652      -21.155155077581659        0.000000000000007
        0.400000000000000        0.700000000000000      -34.546223579682485      -34.546223579682487        0.000000000000003
        0.433333333333333        0.733333333333333      -40.868621297172878      -40.868621297172880        0.000000000000002
        0.466666666666667        0.766666666666667      -40.868621297172883      -40.868621297172890        0.000000000000007
        0.400000000000000        0.800000000000000      -48.855737915160193      -48.855737915160198        0.000000000000005
        0.433333333333333        0.833333333333333      -45.583024035161759      -45.583024035161764        0.000000000000005
        0.466666666666667        0.866666666666667      -36.641803436370153      -36.641803436370156        0.000000000000003
        0.400000000000000        0.900000000000000      -34.546223579682502      -34.546223579682492        0.000000000000010
        0.433333333333333        0.933333333333333      -23.595509507331648      -23.595509507331636        0.000000000000012
        0.466666666666667        0.966666666666667      -10.950714072350869      -10.950714072350862        0.000000000000007
        0.400000000000000        1.000000000000000       -0.000000000000015       -0.000000000000015        0.000000000000000
        0.433333333333333        1.033333333333333       12.213934478790034       12.213934478790025        0.000000000000009
        0.466666666666667        1.066666666666667       21.155155077581647       21.155155077581638        0.000000000000009
        0.500000000000000        0.000000000000000      -34.546223579682497      -34.546223579682525        0.000000000000028
        0.533333333333333        0.033333333333333      -23.595509507331643      -23.595509507331661        0.000000000000019
        0.566666666666667        0.066666666666667      -10.950714072350863      -10.950714072350868        0.000000000000005
        0.500000000000000        0.100000000000000      -24.427868957580101      -24.427868957580097        0.000000000000003
        0.533333333333333        0.133333333333333      -12.213934478790053      -12.213934478790047        0.000000000000005
        0.566666666666667        0.166666666666667       -3.272713879998442       -3.272713879998439        0.000000000000002
        0.500000000000000        0.200000000000000       -0.000000000000002       -0.000000000000000        0.000000000000002
        0.533333333333333        0.233333333333333        6.322397717490390        6.322397717490389        0.000000000000001
        0.566666666666667        0.266666666666667        6.322397717490393        6.322397717490393        0.000000000000000
        0.500000000000000        0.300000000000000       24.427868957580098       24.427868957580101        0.000000000000003
        0.533333333333333        0.333333333333333       21.155155077581662       21.155155077581669        0.000000000000007
        0.566666666666667        0.366666666666667       12.213934478790056       12.213934478790060        0.000000000000005
        0.500000000000000        0.400000000000000       34.546223579682497       34.546223579682505        0.000000000000008
        0.533333333333333        0.433333333333333       23.595509507331643       23.595509507331652        0.000000000000009
        0.566666666666667        0.466666666666667       10.950714072350864       10.950714072350870        0.000000000000005
        0.500000000000000        0.500000000000000       24.427868957580104       24.427868957580116        0.000000000000012
        0.533333333333333        0.533333333333333       12.213934478790055       12.213934478790064        0.000000000000009
        0.566666666666667        0.566666666666667        3.272713879998443        3.272713879998446        0.000000000000003
        0.500000000000000        0.600000000000000        0.000000000000006        0.000000000000005        0.000000000000001
        0.533333333333333        0.633333333333333       -6.322397717490387       -6.322397717490392        0.000000000000005
        0.566666666666667        0.666666666666667       -6.322397717490392       -6.322397717490396        0.000000000000004
        0.500000000000000        0.700000000000000      -24.427868957580095      -24.427868957580103        0.000000000000008
        0.533333333333333        0.733333333333333      -21.155155077581661      -21.155155077581670        0.000000000000009
        0.566666666666667        0.766666666666667      -12.213934478790055      -12.213934478790061        0.000000000000006
        0.500000000000000        0.800000000000000      -34.546223579682497      -34.546223579682510        0.000000000000013
        0.533333333333333        0.833333333333333      -23.595509507331644      -23.595509507331655        0.000000000000011
        0.566666666666667        0.866666666666667      -10.950714072350865      -10.950714072350869        0.000000000000004
        0.500000000000000        0.900000000000000      -24.427868957580107      -24.427868957580107        0.000000000000000
        0.533333333333333        0.933333333333333      -12.213934478790058      -12.213934478790056        0.000000000000002
        0.566666666666667        0.966666666666667       -3.272713879998445       -3.272713879998444        0.000000000000001
        0.500000000000000        1.000000000000000       -0.000000000000011       -0.000000000000011        0.000000000000000
        0.533333333333333        1.033333333333333        6.322397717490384        6.322397717490382        0.000000000000002
        0.566666666666667        1.066666666666667        6.322397717490390        6.322397717490389        0.000000000000001
        0.600000000000000        0.000000000000000       -0.000000000000009       -0.000000000000008        0.000000000000001
        0.633333333333333        0.033333333333333       12.213934478790039       12.213934478790050        0.000000000000011
        0.666666666666667        0.066666666666667       21.155155077581650       21.155155077581657        0.000000000000006
        0.600000000000000        0.100000000000000       -0.000000000000006       -0.000000000000005        0.000000000000001
        0.633333333333333        0.133333333333333        6.322397717490386        6.322397717490383        0.000000000000002
        0.666666666666667        0.166666666666667        6.322397717490389        6.322397717490383        0.000000000000006
        0.600000000000000        0.200000000000000       -0.000000000000000       -0.000000000000000        0.000000000000000
        0.633333333333333        0.233333333333333       -3.272713879998436       -3.272713879998436        0.000000000000000
        0.666666666666667        0.266666666666667      -12.213934478790042      -12.213934478790041        0.000000000000001
        0.600000000000000        0.300000000000000        0.000000000000006        0.000000000000005        0.000000000000001
        0.633333333333333        0.333333333333333      -10.950714072350848      -10.950714072350852        0.000000000000004
        0.666666666666667        0.366666666666667      -23.595509507331627      -23.595509507331632        0.000000000000005
        0.600000000000000        0.400000000000000        0.000000000000009        0.000000000000008        0.000000000000001
        0.633333333333333        0.433333333333333      -12.213934478790040      -12.213934478790045        0.000000000000006
        0.666666666666667        0.466666666666667      -21.155155077581652      -21.155155077581659        0.000000000000007
        0.600000000000000        0.500000000000000        0.000000000000006        0.000000000000005        0.000000000000001
        0.633333333333333        0.533333333333333       -6.322397717490387       -6.322397717490392        0.000000000000005
        0.666666666666667        0.566666666666667       -6.322397717490392       -6.322397717490396        0.000000000000004
        0.600000000000000        0.600000000000000        0.000000000000000        0.000000000000000        0.000000000000000
        0.633333333333333        0.633333333333333        3.272713879998434        3.272713879998437        0.000000000000003
        0.666666666666667        0.666666666666667       12.213934478790040       12.213934478790045        0.000000000000006
        0.600000000000000        0.700000000000000       -0.000000000000006       -0.000000000000005        0.000000000000001
        0.633333333333333        0.733333333333333       10.950714072350847       10.950714072350852        0.000000000000005
        0.666666666666667        0.766666666666667       23.595509507331626       23.595509507331633        0.000000000000007
        0.600000000000000        0.800000000000000       -0.000000000000009       -0.000000000000008        0.000000000000001
        0.633333333333333        0.833333333333333       12.213934478790040       12.213934478790047        0.000000000000007
        0.666666666666667        0.866666666666667       21.155155077581653       21.155155077581658        0.000000000000004
        0.600000000000000        0.900000000000000       -0.000000000000006       -0.000000000000005        0.000000000000001
        0.633333333333333        0.933333333333333        6.322397717490388        6.322397717490388        0.000000000000001
        0.666666666666667        0.966666666666667        6.322397717490395        6.322397717490391        0.000000000000003
        0.600000000000000        1.000000000000000       -0.000000000000000       -0.000000000000000        0.000000000000000
        0.633333333333333        1.033333333333333       -3.272713879998433       -3.272713879998432        0.000000000000001
        0.666666666666667        1.066666666666667      -12.213934478790037      -12.213934478790033        0.000000000000004
        0.700000000000000        0.000000000000000       34.546223579682485       34.546223579682507        0.000000000000023
        0.733333333333333        0.033333333333333       40.868621297172877       40.868621297172896        0.000000000000019
        0.766666666666667        0.066666666666667       40.868621297172880       40.868621297172886        0.000000000000006
        0.700000000000000        0.100000000000000       24.427868957580092       24.427868957580085        0.000000000000007
        0.733333333333333        0.133333333333333       21.155155077581656       21.155155077581640        0.000000000000016
        0.766666666666667        0.166666666666667       12.213934478790050       12.213934478790037        0.000000000000013
        0.700000000000000        0.200000000000000        0.000000000000002        0.000000000000000        0.000000000000002
        0.733333333333333        0.233333333333333      -10.950714072350852      -10.950714072350847        0.000000000000004
        0.766666666666667        0.266666666666667      -23.595509507331631      -23.595509507331625        0.000000000000006
        0.700000000000000        0.300000000000000      -24.427868957580089      -24.427868957580088        0.000000000000001
        0.733333333333333        0.333333333333333      -36.641803436370138      -36.641803436370138        0.000000000000000
        0.766666666666667        0.366666666666667      -45.583024035161750      -45.583024035161752        0.000000000000003
        0.700000000000000        0.400000000000000      -34.546223579682485      -34.546223579682487        0.000000000000003
        0.733333333333333        0.433333333333333      -40.868621297172878      -40.868621297172880        0.000000000000002
        0.766666666666667        0.466666666666667      -40.868621297172883      -40.868621297172890        0.000000000000007
        0.700000000000000        0.500000000000000      -24.427868957580095      -24.427868957580103        0.000000000000008
        0.733333333333333        0.533333333333333      -21.155155077581661      -21.155155077581670        0.000000000000009
        0.766666666666667        0.566666666666667      -12.213934478790055      -12.213934478790061        0.000000000000006
        0.700000000000000        0.600000000000000       -0.000000000000006       -0.000000000000005        0.000000000000001
        0.733333333333333        0.633333333333333       10.950714072350847       10.950714072350852        0.000000000000005
        0.766666666666667        0.666666666666667       23.595509507331626       23.595509507331633        0.000000000000007
        0.700000000000000        0.700000000000000       24.427868957580086       24.427868957580091        0.000000000000005
        0.733333333333333        0.733333333333333       36.641803436370135       36.641803436370139        0.000000000000004
        0.766666666666667        0.766666666666667       45.583024035161748       45.583024035161755        0.000000000000007
        0.700000000000000        0.800000000000000       34.546223579682485       34.546223579682492        0.000000000000007
        0.733333333333333        0.833333333333333       40.868621297172879       40.868621297172886        0.000000000000006
        0.766666666666667        0.866666666666667       40.868621297172886       40.868621297172888        0.000000000000002
        0.700000000000000        0.900000000000000       24.427868957580098       24.427868957580094        0.000000000000004
        0.733333333333333        0.933333333333333       21.155155077581665       21.155155077581655        0.000000000000010
        0.766666666666667        0.966666666666667       12.213934478790061       12.213934478790053        0.000000000000008
        0.700000000000000        1.000000000000000        0.000000000000011        0.000000000000011        0.000000000000000
        0.733333333333333        1.033333333333333      -10.950714072350842      -10.950714072350834        0.000000000000008
        0.766666666666667        1.066666666666667      -23.595509507331621      -23.595509507331610        0.000000000000011
        0.800000000000000        0.000000000000000       48.855737915160193       48.855737915160226        0.000000000000033
        0.833333333333333        0.033333333333333       45.583024035161757       45.583024035161781        0.000000000000024
        0.866666666666667        0.066666666666667       36.641803436370151       36.641803436370152        0.000000000000001
        0.800000000000000        0.100000000000000       34.546223579682493       34.546223579682484        0.000000000000009
        0.833333333333333        0.133333333333333       23.595509507331639       23.595509507331623        0.000000000000016
        0.866666666666667        0.166666666666667       10.950714072350860       10.950714072350848        0.000000000000012
        0.800000000000000        0.200000000000000        0.000000000000003        0.000000000000000        0.000000000000003
        0.833333333333333        0.233333333333333      -12.213934478790046      -12.213934478790042        0.000000000000004
        0.866666666666667        0.266666666666667      -21.155155077581658      -21.155155077581650        0.000000000000007
        0.800000000000000        0.300000000000000      -34.546223579682489      -34.546223579682488        0.000000000000001
        0.833333333333333        0.333333333333333      -40.868621297172882      -40.868621297172885        0.000000000000002
        0.866666666666667        0.366666666666667      -40.868621297172887      -40.868621297172885        0.000000000000002
        0.800000000000000        0.400000000000000      -48.855737915160193      -48.855737915160198        0.000000000000005
        0.833333333333333        0.433333333333333      -45.583024035161759      -45.583024035161764        0.000000000000005
        0.866666666666667        0.466666666666667      -36.641803436370153      -36.641803436370156        0.000000000000003
        0.800000000000000        0.500000000000000      -34.546223579682497      -34.546223579682510        0.000000000000013
        0.833333333333333        0.533333333333333      -23.595509507331644      -23.595509507331655        0.000000000000011
        0.866666666666667        0.566666666666667      -10.950714072350865      -10.950714072350869        0.000000000000004
        0.800000000000000        0.600000000000000       -0.000000000000009       -0.000000000000008        0.000000000000001
        0.833333333333333        0.633333333333333       12.213934478790040       12.213934478790047        0.000000000000007
        0.866666666666667        0.666666666666667       21.155155077581653       21.155155077581658        0.000000000000004
        0.800000000000000        0.700000000000000       34.546223579682485       34.546223579682492        0.000000000000007
        0.833333333333333        0.733333333333333       40.868621297172879       40.868621297172886        0.000000000000006
        0.866666666666667        0.766666666666667       40.868621297172886       40.868621297172888        0.000000000000002
        0.800000000000000        0.800000000000000       48.855737915160193       48.855737915160204        0.000000000000012
        0.833333333333333        0.833333333333333       45.583024035161760       45.583024035161769        0.000000000000009
        0.866666666666667        0.866666666666667       36.641803436370156       36.641803436370154        0.000000000000002
        0.800000000000000        0.900000000000000       34.546223579682502       34.546223579682497        0.000000000000005
        0.833333333333333        0.933333333333333       23.595509507331649       23.595509507331639        0.000000000000010
        0.866666666666667        0.966666666666667       10.950714072350870       10.950714072350861        0.000000000000009
        0.800000000000000        1.000000000000000        0.000000000000015        0.000000000000015        0.000000000000000
        0.833333333333333        1.033333333333333      -12.213934478790035      -12.213934478790027        0.000000000000008
        0.866666666666667        1.066666666666667      -21.155155077581649      -21.155155077581637        0.000000000000012
        0.900000000000000        0.000000000000000       34.546223579682502       34.546223579682512        0.000000000000010
        0.933333333333333        0.033333333333333       23.595509507331648       23.595509507331645        0.000000000000003
        0.966666666666667        0.066666666666667       10.950714072350868       10.950714072350861        0.000000000000008
        0.900000000000000        0.100000000000000       24.427868957580104       24.427868957580088        0.000000000000016
        0.933333333333333        0.133333333333333       12.213934478790055       12.213934478790039        0.000000000000016
        0.966666666666667        0.166666666666667        3.272713879998443        3.272713879998437        0.000000000000006
        0.900000000000000        0.200000000000000        0.000000000000002        0.000000000000000        0.000000000000002
        0.933333333333333        0.233333333333333       -6.322397717490391       -6.322397717490385        0.000000000000006
        0.966666666666667        0.266666666666667       -6.322397717490396       -6.322397717490389        0.000000000000007
        0.900000000000000        0.300000000000000      -24.427868957580101      -24.427868957580091        0.000000000000010
        0.933333333333333        0.333333333333333      -21.155155077581667      -21.155155077581654        0.000000000000012
        0.966666666666667        0.366666666666667      -12.213934478790061      -12.213934478790052        0.000000000000009
        0.900000000000000        0.400000000000000      -34.546223579682502      -34.546223579682492        0.000000000000010
        0.933333333333333        0.433333333333333      -23.595509507331648      -23.595509507331636        0.000000000000012
        0.966666666666667        0.466666666666667      -10.950714072350869      -10.950714072350862        0.000000000000007
        0.900000000000000        0.500000000000000      -24.427868957580107      -24.427868957580107        0.000000000000000
        0.933333333333333        0.533333333333333      -12.213934478790058      -12.213934478790056        0.000000000000002
        0.966666666666667        0.566666666666667       -3.272713879998445       -3.272713879998444        0.000000000000001
        0.900000000000000        0.600000000000000       -0.000000000000006       -0.000000000000005        0.000000000000001
        0.933333333333333        0.633333333333333        6.322397717490388        6.322397717490388        0.000000000000001
        0.966666666666667        0.666666666666667        6.322397717490395        6.322397717490391        0.000000000000003
        0.900000000000000        0.700000000000000       24.427868957580098       24.427868957580094        0.000000000000004
        0.933333333333333        0.733333333333333       21.155155077581665       21.155155077581655        0.000000000000010
        0.966666666666667        0.766666666666667       12.213934478790061       12.213934478790053        0.000000000000008
        0.900000000000000        0.800000000000000       34.546223579682502       34.546223579682497        0.000000000000005
        0.933333333333333        0.833333333333333       23.595509507331649       23.595509507331639        0.000000000000010
        0.966666666666667        0.866666666666667       10.950714072350870       10.950714072350861        0.000000000000009
        0.900000000000000        0.900000000000000       24.427868957580110       24.427868957580097        0.000000000000013
        0.933333333333333        0.933333333333333       12.213934478790060       12.213934478790047        0.000000000000013
        0.966666666666667        0.966666666666667        3.272713879998446        3.272713879998441        0.000000000000005
        0.900000000000000        1.000000000000000        0.000000000000011        0.000000000000011        0.000000000000000
        0.933333333333333        1.033333333333333       -6.322397717490385       -6.322397717490377        0.000000000000008
        0.966666666666667        1.066666666666667       -6.322397717490393       -6.322397717490385        0.000000000000008
        1.000000000000000        0.000000000000000        0.000000000000015        0.000000000000015        0.000000000000000
        1.033333333333333        0.033333333333333      -12.213934478790034      -12.213934478790030        0.000000000000004
        1.066666666666667        0.066666666666667      -21.155155077581646      -21.155155077581636        0.000000000000010
        1.000000000000000        0.100000000000000        0.000000000000011        0.000000000000011        0.000000000000000
        1.033333333333333        0.133333333333333       -6.322397717490383       -6.322397717490373        0.000000000000010
        1.066666666666667        0.166666666666667       -6.322397717490387       -6.322397717490377        0.000000000000010
        1.000000000000000        0.200000000000000        0.000000000000000        0.000000000000000        0.000000000000000
        1.033333333333333        0.233333333333333        3.272713879998434        3.272713879998430        0.000000000000004
        1.066666666666667        0.266666666666667       12.213934478790040       12.213934478790029        0.000000000000010
        1.000000000000000        0.300000000000000       -0.000000000000011       -0.000000000000011        0.000000000000000
        1.033333333333333        0.333333333333333       10.950714072350843       10.950714072350834        0.000000000000009
        1.066666666666667        0.366666666666667       23.595509507331622       23.595509507331609        0.000000000000013
        1.000000000000000        0.400000000000000       -0.000000000000015       -0.000000000000015        0.000000000000000
        1.033333333333333        0.433333333333333       12.213934478790034       12.213934478790025        0.000000000000009
        1.066666666666667        0.466666666666667       21.155155077581647       21.155155077581638        0.000000000000009
        1.000000000000000        0.500000000000000       -0.000000000000011       -0.000000000000011        0.000000000000000
        1.033333333333333        0.533333333333333        6.322397717490384        6.322397717490382        0.000000000000002
        1.066666666666667        0.566666666666667        6.322397717490390        6.322397717490389        0.000000000000001
        1.000000000000000        0.600000000000000       -0.000000000000000       -0.000000000000000        0.000000000000000
        1.033333333333333        0.633333333333333       -3.272713879998433       -3.272713879998432        0.000000000000001
        1.066666666666667        0.666666666666667      -12.213934478790037      -12.213934478790033        0.000000000000004
        1.000000000000000        0.700000000000000        0.000000000000011        0.000000000000011        0.000000000000000
        1.033333333333333        0.733333333333333      -10.950714072350842      -10.950714072350834        0.000000000000008
        1.066666666666667        0.766666666666667      -23.595509507331621      -23.595509507331610        0.000000000000011
        1.000000000000000        0.800000000000000        0.000000000000015        0.000000000000015        0.000000000000000
        1.033333333333333        0.833333333333333      -12.213934478790035      -12.213934478790027        0.000000000000008
        1.066666666666667        0.866666666666667      -21.155155077581649      -21.155155077581637        0.000000000000012
        1.000000000000000        0.900000000000000        0.000000000000011        0.000000000000011        0.000000000000000
        1.033333333333333        0.933333333333333       -6.322397717490385       -6.322397717490377        0.000000000000008
        1.066666666666667        0.966666666666667       -6.322397717490393       -6.322397717490385        0.000000000000008
        1.000000000000000        1.000000000000000        0.000000000000000        0.000000000000000        0.000000000000000
        1.033333333333333        1.033333333333333        3.272713879998431        3.272713879998426        0.000000000000005
        1.066666666666667        1.066666666666667       12.213934478790034       12.213934478790021        0.000000000000013
