        0.000000000000000        0.000000000000000       48.019156438934301       48.019156438934355        0.000000000000054
        0.033333333333333        0.033333333333333       44.802482891675253       44.802482891675291        0.000000000000038
        0.066666666666667        0.066666666666667       36.014367329200727       36.014367329200731        0.000000000000005
        0.000000000000000        0.100000000000000       33.954671144828113       33.954671144828118        0.000000000000006
        0.033333333333333        0.133333333333333       23.191471680490826       23.191471680490817        0.000000000000009
        0.066666666666667        0.166666666666667       10.763199464337289       10.763199464337278        0.000000000000011
        0.000000000000000        0.200000000000000        0.000000000000003        0.000000000000000        0.000000000000003
        0.033333333333333        0.233333333333333      -12.004789109733572      -12.004789109733572        0.000000000000000
        0.066666666666667        0.266666666666667      -20.792904672208100      -20.792904672208095        0.000000000000005
        0.000000000000000        0.300000000000000      -33.954671144828108      -33.954671144828123        0.000000000000014
        0.033333333333333        0.333333333333333      -40.168807252904878      -40.168807252904893        0.000000000000015
        0.066666666666667        0.366666666666667      -40.168807252904879      -40.168807252904881        0.000000000000002
        0.000000000000000        0.400000000000000      -48.019156438934301      -48.019156438934327        0.000000000000026
        0.033333333333333        0.433333333333333      -44.802482891675255      -44.802482891675274        0.000000000000019
        0.066666666666667        0.466666666666667      -36.014367329200729      -36.014367329200735        0.000000000000006
        0.000000000000000        0.500000000000000      -33.954671144828117      -33.954671144828144        0.000000000000027
        0.033333333333333        0.533333333333333      -23.191471680490831      -23.191471680490849        0.000000000000018
        0.066666666666667        0.566666666666667      -10.763199464337294      -10.763199464337299        0.000000000000005
        0.000000000000000        0.600000000000000       -0.000000000000009       -0.000000000000007        0.000000000000001
        0.033333333333333        0.633333333333333       12.004789109733567       12.004789109733577        0.000000000000010
        0.066666666666667        0.666666666666667       20.792904672208095       20.792904672208102        0.000000000000006
        0.000000000000000        0.700000000000000       33.954671144828104       33.954671144828127        0.000000000000022
        0.033333333333333        0.733333333333333       40.168807252904875       40.168807252904894        0.000000000000019
        0.066666666666667        0.766666666666667       40.168807252904878       40.168807252904884        0.000000000000006
        0.000000000000000        0.800000000000000       48.019156438934301       48.019156438934334        0.000000000000033
        0.033333333333333        0.833333333333333       44.802482891675256       44.802482891675280        0.000000000000024
        0.066666666666667        0.866666666666667       36.014367329200732       36.014367329200733        0.000000000000001
        0.000000000000000        0.900000000000000       33.954671144828121       33.954671144828131        0.000000000000010
        0.033333333333333        0.933333333333333       23.191471680490836       23.191471680490833        0.000000000000002
        0.066666666666667        0.966666666666667       10.763199464337299       10.763199464337292        0.000000000000007
        0.000000000000000        1.000000000000000        0.000000000000015        0.000000000000015        0.000000000000000
        0.033333333333333        1.033333333333333      -12.004789109733561      -12.004789109733557        0.000000000000004
        0.066666666666667        1.066666666666667      -20.792904672208091      -20.792904672208081        0.000000000000010
        0.100000000000000        0.000000000000000       33.954671144828113       33.954671144828118        0.000000000000006
        0.133333333333333        0.033333333333333       23.191471680490826       23.191471680490817        0.000000000000009
        0.166666666666667        0.066666666666667       10.763199464337289       10.763199464337278        0.000000000000011
        0.100000000000000        0.100000000000000       24.009578219467152       24.009578219467133        0.000000000000019
        0.133333333333333        0.133333333333333       12.004789109733577       12.004789109733558        0.000000000000019
        0.166666666666667        0.166666666666667        3.216673547259049        3.216673547259042        0.000000000000007
        0.100000000000000        0.200000000000000        0.000000000000002        0.000000000000000        0.000000000000002
        0.133333333333333        0.233333333333333       -6.214136108076767       -6.214136108076760        0.000000000000008
        0.166666666666667        0.266666666666667       -6.214136108076769       -6.214136108076760        0.000000000000009
        0.100000000000000        0.300000000000000      -24.009578219467149      -24.009578219467136        0.000000000000013
        0.133333333333333        0.333333333333333      -20.792904672208103      -20.792904672208085        0.000000000000018
        0.166666666666667        0.366666666666667      -12.004789109733577      -12.004789109733564        0.000000000000014
        0.100000000000000        0.400000000000000      -33.954671144828113      -33.954671144828099        0.000000000000014
        0.133333333333333        0.433333333333333      -23.191471680490827      -23.191471680490808        0.000000000000018
        0.166666666666667        0.466666666666667      -10.763199464337290      -10.763199464337279        0.000000000000011
        0.100000000000000        0.500000000000000      -24.009578219467155      -24.009578219467152        0.000000000000003
        0.133333333333333        0.533333333333333      -12.004789109733580      -12.004789109733574        0.000000000000005
        0.166666666666667        0.566666666666667       -3.216673547259051       -3.216673547259048        0.000000000000002
        0.100000000000000        0.600000000000000       -0.000000000000006       -0.000000000000005        0.000000000000001
        0.133333333333333        0.633333333333333        6.214136108076765        6.214136108076762        0.000000000000002
        0.166666666666667        0.666666666666667        6.214136108076768        6.214136108076762        0.000000000000005
        0.100000000000000        0.700000000000000       24.009578219467146       24.009578219467139        0.000000000000007
        0.133333333333333        0.733333333333333       20.792904672208101       20.792904672208086        0.000000000000016
        0.166666666666667        0.766666666666667       12.004789109733577       12.004789109733564        0.000000000000012
        0.100000000000000        0.800000000000000       33.954671144828113       33.954671144828103        0.000000000000009
        0.133333333333333        0.833333333333333       23.191471680490828       23.191471680490811        0.000000000000016
        0.166666666666667        0.866666666666667       10.763199464337291       10.763199464337279        0.000000000000012
        0.100000000000000        0.900000000000000       24.009578219467158       24.009578219467142        0.000000000000016
        0.133333333333333        0.933333333333333       12.004789109733582       12.004789109733566        0.000000000000016
        0.166666666666667        0.966666666666667        3.216673547259052        3.216673547259046        0.000000000000006
        0.100000000000000        1.000000000000000        0.000000000000010        0.000000000000010        0.000000000000000
        0.133333333333333        1.033333333333333       -6.214136108076762       -6.214136108076752        0.000000000000010
        0.166666666666667        1.066666666666667       -6.214136108076766       -6.214136108076756        0.000000000000010
        0.200000000000000        0.000000000000000        0.000000000000003        0.000000000000000        0.000000000000003
        0.233333333333333        0.033333333333333      -12.004789109733572      -12.004789109733572        0.000000000000000
        0.266666666666667        0.066666666666667      -20.792904672208100      -20.792904672208095        0.000000000000005
        0.200000000000000        0.100000000000000        0.000000000000002        0.000000000000000        0.000000000000002
        0.233333333333333        0.133333333333333       -6.214136108076767       -6.214136108076760        0.000000000000008
        0.266666666666667        0.166666666666667       -6.214136108076769       -6.214136108076760        0.000000000000009
        0.200000000000000        0.200000000000000        0.000000000000000        0.000000000000000        0.000000000000000
        0.233333333333333        0.233333333333333        3.216673547259046        3.216673547259043        0.000000000000003
        0.266666666666667        0.266666666666667       12.004789109733572       12.004789109733564        0.000000000000008
        0.200000000000000        0.300000000000000       -0.000000000000002       -0.000000000000000        0.000000000000002
        0.233333333333333        0.333333333333333       10.763199464337284       10.763199464337278        0.000000000000005
        0.266666666666667        0.366666666666667       23.191471680490820       23.191471680490813        0.000000000000008
        0.200000000000000        0.400000000000000       -0.000000000000003       -0.000000000000000        0.000000000000003
        0.233333333333333        0.433333333333333       12.004789109733573       12.004789109733567        0.000000000000005
        0.266666666666667        0.466666666666667       20.792904672208101       20.792904672208097        0.000000000000004
        0.200000000000000        0.500000000000000       -0.000000000000002       -0.000000000000000        0.000000000000002
        0.233333333333333        0.533333333333333        6.214136108076769        6.214136108076768        0.000000000000000
        0.266666666666667        0.566666666666667        6.214136108076772        6.214136108076772        0.000000000000000
        0.200000000000000        0.600000000000000       -0.000000000000000       -0.000000000000000        0.000000000000000
        0.233333333333333        0.633333333333333       -3.216673547259045       -3.216673547259045        0.000000000000000
        0.266666666666667        0.666666666666667      -12.004789109733569      -12.004789109733568        0.000000000000001
        0.200000000000000        0.700000000000000        0.000000000000002        0.000000000000000        0.000000000000002
        0.233333333333333        0.733333333333333      -10.763199464337283      -10.763199464337279        0.000000000000004
        0.266666666666667        0.766666666666667      -23.191471680490820      -23.191471680490814        0.000000000000006
        0.200000000000000        0.800000000000000        0.000000000000003        0.000000000000000        0.000000000000003
        0.233333333333333        0.833333333333333      -12.004789109733573      -12.004789109733569        0.000000000000004
        0.266666666666667        0.866666666666667      -20.792904672208103      -20.792904672208096        0.000000000000007
        0.200000000000000        0.900000000000000        0.000000000000002        0.000000000000000        0.000000000000002
        0.233333333333333        0.933333333333333       -6.214136108076770       -6.214136108076764        0.000000000000006
        0.266666666666667        0.966666666666667       -6.214136108076775       -6.214136108076768        0.000000000000007
        0.200000000000000        1.000000000000000        0.000000000000000        0.000000000000000        0.000000000000000
        0.233333333333333        1.033333333333333        3.216673547259043        3.216673547259039        0.000000000000004
        0.266666666666667        1.066666666666667       12.004789109733567       12.004789109733557        0.000000000000010
        0.300000000000000        0.000000000000000      -33.954671144828108      -33.954671144828123        0.000000000000014
        0.333333333333333        0.033333333333333      -40.168807252904878      -40.168807252904893        0.000000000000015
        0.366666666666667        0.066666666666667      -40.168807252904879      -40.168807252904881        0.000000000000002
        0.300000000000000        0.100000000000000      -24.009578219467149      -24.009578219467136        0.000000000000013
        0.333333333333333        0.133333333333333      -20.792904672208103      -20.792904672208085        0.000000000000018
        0.366666666666667        0.166666666666667      -12.004789109733577      -12.004789109733564        0.000000000000014
        0.300000000000000        0.200000000000000       -0.000000000000002       -0.000000000000000        0.000000000000002
        0.333333333333333        0.233333333333333       10.763199464337284       10.763199464337278        0.000000000000005
        0.366666666666667        0.266666666666667       23.191471680490820       23.191471680490813        0.000000000000008
        0.300000000000000        0.300000000000000       24.009578219467146       24.009578219467139        0.000000000000007
        0.333333333333333        0.333333333333333       36.014367329200722       36.014367329200719        0.000000000000003
        0.366666666666667        0.366666666666667       44.802482891675250       44.802482891675249        0.000000000000002
        0.300000000000000        0.400000000000000       33.954671144828108       33.954671144828103        0.000000000000006
        0.333333333333333        0.433333333333333       40.168807252904879       40.168807252904878        0.000000000000001
        0.366666666666667        0.466666666666667       40.168807252904882       40.168807252904886        0.000000000000003
        0.300000000000000        0.500000000000000       24.009578219467152       24.009578219467155        0.000000000000003
        0.333333333333333        0.533333333333333       20.792904672208107       20.792904672208114        0.000000000000007
        0.366666666666667        0.566666666666667       12.004789109733583       12.004789109733587        0.000000000000004
        0.300000000000000        0.600000000000000        0.000000000000006        0.000000000000005        0.000000000000001
        0.333333333333333        0.633333333333333      -10.763199464337279      -10.763199464337283        0.000000000000004
        0.366666666666667        0.666666666666667      -23.191471680490815      -23.191471680490820        0.000000000000005
        0.300000000000000        0.700000000000000      -24.009578219467143      -24.009578219467142        0.000000000000001
        0.333333333333333        0.733333333333333      -36.014367329200719      -36.014367329200719        0.000000000000000
        0.366666666666667        0.766666666666667      -44.802482891675249      -44.802482891675252        0.000000000000002
        0.300000000000000        0.800000000000000      -33.954671144828108      -33.954671144828108        0.000000000000001
        0.333333333333333        0.833333333333333      -40.168807252904881      -40.168807252904883        0.000000000000002
        0.366666666666667        0.866666666666667      -40.168807252904885      -40.168807252904883        0.000000000000002
        0.300000000000000        0.900000000000000      -24.009578219467155      -24.009578219467145        0.000000000000010
        0.333333333333333        0.933333333333333      -20.792904672208112      -20.792904672208100        0.000000000000012
        0.366666666666667        0.966666666666667      -12.004789109733588      -12.004789109733579        0.000000000000009
        0.300000000000000        1.000000000000000       -0.000000000000010       -0.000000000000010        0.000000000000000
        0.333333333333333        1.033333333333333       10.763199464337274       10.763199464337265        0.000000000000009
        0.366666666666667        1.066666666666667       23.191471680490811       23.191471680490798        0.000000000000013
        0.400000000000000        0.000000000000000      -48.019156438934301      -48.019156438934327        0.000000000000026
        0.433333333333333        0.033333333333333      -44.802482891675255      -44.802482891675274        0.000000000000019
        0.466666666666667        0.066666666666667      -36.014367329200729      -36.014367329200735        0.000000000000006
        0.400000000000000        0.100000000000000      -33.954671144828113      -33.954671144828099        0.000000000000014
        0.433333333333333        0.133333333333333      -23.191471680490827      -23.191471680490808        0.000000000000018
        0.466666666666667        0.166666666666667      -10.763199464337290      -10.763199464337279        0.000000000000011
        0.400000000000000        0.200000000000000       -0.000000000000003       -0.000000000000000        0.000000000000003
        0.433333333333333        0.233333333333333       12.004789109733573       12.004789109733567        0.000000000000005
        0.466666666666667        0.266666666666667       20.792904672208101       20.792904672208097        0.000000000000004
        0.400000000000000        0.300000000000000       33.954671144828108       33.954671144828103        0.000000000000006
        0.433333333333333        0.333333333333333       40.168807252904879       40.168807252904878        0.000000000000001
        0.466666666666667        0.366666666666667       40.168807252904882       40.168807252904886        0.000000000000003
        0.400000000000000        0.400000000000000       48.019156438934301       48.019156438934299        0.000000000000002
        0.433333333333333        0.433333333333333       44.802482891675256       44.802482891675257        0.000000000000001
        0.466666666666667        0.466666666666667       36.014367329200732       36.014367329200739        0.000000000000008
        0.400000000000000        0.500000000000000       33.954671144828117       33.954671144828124        0.000000000000008
        0.433333333333333        0.533333333333333       23.191471680490832       23.191471680490841        0.000000000000009
        0.466666666666667        0.566666666666667       10.763199464337295       10.763199464337300        0.000000000000005
        0.400000000000000        0.600000000000000        0.000000000000009        0.000000000000007        0.000000000000001
        0.433333333333333        0.633333333333333      -12.004789109733567      -12.004789109733573        0.000000000000005
        0.466666666666667        0.666666666666667      -20.792904672208097      -20.792904672208104        0.000000000000007
        0.400000000000000        0.700000000000000      -33.954671144828104      -33.954671144828107        0.000000000000003
        0.433333333333333        0.733333333333333      -40.168807252904876      -40.168807252904879        0.000000000000002
        0.466666666666667        0.766666666666667      -40.168807252904881      -40.168807252904888        0.000000000000007
        0.400000000000000        0.800000000000000      -48.019156438934301      -48.019156438934306        0.000000000000005
        0.433333333333333        0.833333333333333      -44.802482891675258      -44.802482891675263        0.000000000000005
        0.466666666666667        0.866666666666667      -36.014367329200734      -36.014367329200737        0.000000000000003
        0.400000000000000        0.900000000000000      -33.954671144828121      -33.954671144828111        0.000000000000009
        0.433333333333333        0.933333333333333      -23.191471680490837      -23.191471680490825        0.000000000000012
        0.466666666666667        0.966666666666667      -10.763199464337300      -10.763199464337293        0.000000000000007
        0.400000000000000        1.000000000000000       -0.000000000000015       -0.000000000000015        0.000000000000000
        0.433333333333333        1.033333333333333       12.004789109733562       12.004789109733553        0.000000000000009
        0.466666666666667        1.066666666666667       20.792904672208093       20.792904672208084        0.000000000000009
        0.500000000000000        0.000000000000000      -33.954671144828117      -33.954671144828144        0.000000000000027
        0.533333333333333        0.033333333333333      -23.191471680490831      -23.191471680490849        0.000000000000019
        0.566666666666667        0.066666666666667      -10.763199464337294      -10.763199464337299        0.000000000000005
        0.500000000000000        0.100000000000000      -24.009578219467155      -24.009578219467152        0.000000000000003
        0.533333333333333        0.133333333333333      -12.004789109733580      -12.004789109733574        0.000000000000005
        0.566666666666667        0.166666666666667       -3.216673547259051       -3.216673547259048        0.000000000000002
        0.500000000000000        0.200000000000000       -0.000000000000002       -0.000000000000000        0.000000000000002
        0.533333333333333        0.233333333333333        6.214136108076769        6.214136108076768        0.000000000000000
        0.566666666666667        0.266666666666667        6.214136108076772        6.214136108076772        0.000000000000000
        0.500000000000000        0.300000000000000       24.009578219467152       24.009578219467155        0.000000000000003
        0.533333333333333        0.333333333333333       20.792904672208107       20.792904672208114        0.000000000000007
        0.566666666666667        0.366666666666667       12.004789109733583       12.004789109733587        0.000000000000004
        0.500000000000000        0.400000000000000       33.954671144828117       33.954671144828124        0.000000000000008
        0.533333333333333        0.433333333333333       23.191471680490832       23.191471680490841        0.000000000000009
        0.566666666666667        0.466666666666667       10.763199464337295       10.763199464337300        0.000000000000005
        0.500000000000000        0.500000000000000       24.009578219467158       24.009578219467170        0.000000000000012
        0.533333333333333        0.533333333333333       12.004789109733582       12.004789109733591        0.000000000000009
        0.566666666666667        0.566666666666667        3.216673547259052        3.216673547259055        0.000000000000003
        0.500000000000000        0.600000000000000        0.000000000000006        0.000000000000005        0.000000000000001
        0.533333333333333        0.633333333333333       -6.214136108076766       -6.214136108076771        0.000000000000005
        0.566666666666667        0.666666666666667       -6.214136108076770       -6.214136108076774        0.000000000000004
        0.500000000000000        0.700000000000000      -24.009578219467149      -24.009578219467157        0.000000000000008
        0.533333333333333        0.733333333333333      -20.792904672208106      -20.792904672208115        0.000000000000009
        0.566666666666667        0.766666666666667      -12.004789109733582      -12.004789109733588        0.000000000000006
        0.500000000000000        0.800000000000000      -33.954671144828117      -33.954671144828129        0.000000000000012
        0.533333333333333        0.833333333333333      -23.191471680490832      -23.191471680490844        0.000000000000011
        0.566666666666667        0.866666666666667      -10.763199464337296      -10.763199464337300        0.000000000000004
        0.500000000000000        0.900000000000000      -24.009578219467161      -24.009578219467161        0.000000000000000
        0.533333333333333        0.933333333333333      -12.004789109733585      -12.004789109733583        0.000000000000002
        0.566666666666667        0.966666666666667       -3.216673547259054       -3.216673547259052        0.000000000000001
        0.500000000000000        1.000000000000000       -0.000000000000010       -0.000000000000010        0.000000000000000
        0.533333333333333        1.033333333333333        6.214136108076763        6.214136108076761        0.000000000000002
        0.566666666666667        1.066666666666667        6.214136108076769        6.214136108076768        0.000000000000001
        0.600000000000000        0.000000000000000       -0.000000000000009       -0.000000000000007        0.000000000000001
        0.633333333333333        0.033333333333333       12.004789109733567       12.004789109733577        0.000000000000010
        0.666666666666667        0.066666666666667       20.792904672208095       20.792904672208102        0.000000000000006
        0.600000000000000        0.100000000000000       -0.000000000000006       -0.000000000000005        0.000000000000001
        0.633333333333333        0.133333333333333        6.214136108076765        6.214136108076762        0.000000000000002
        0.666666666666667        0.166666666666667        6.214136108076768        6.214136108076762        0.000000000000005
        0.600000000000000        0.200000000000000       -0.000000000000000       -0.000000000000000        0.000000000000000
        0.633333333333333        0.233333333333333       -3.216673547259045       -3.216673547259045        0.000000000000000
        0.666666666666667        0.266666666666667      -12.004789109733569      -12.004789109733568        0.000000000000001
        0.600000000000000        0.300000000000000        0.000000000000006        0.000000000000005        0.000000000000001
        0.633333333333333        0.333333333333333      -10.763199464337279      -10.763199464337283        0.000000000000004
        0.666666666666667        0.366666666666667      -23.191471680490815      -23.191471680490820        0.000000000000005
        0.600000000000000        0.400000000000000        0.000000000000009        0.000000000000007        0.000000000000001
        0.633333333333333        0.433333333333333      -12.004789109733567      -12.004789109733573        0.000000000000005
        0.666666666666667        0.466666666666667      -20.792904672208097      -20.792904672208104        0.000000000000007
        0.600000000000000        0.500000000000000        0.000000000000006        0.000000000000005        0.000000000000001
        0.633333333333333        0.533333333333333       -6.214136108076766       -6.214136108076771        0.000000000000005
        0.666666666666667        0.566666666666667       -6.214136108076770       -6.214136108076774        0.000000000000004
        0.600000000000000        0.600000000000000        0.000000000000000        0.000000000000000        0.000000000000000
        0.633333333333333        0.633333333333333        3.216673547259043        3.216673547259046        0.000000000000003
        0.666666666666667        0.666666666666667       12.004789109733567       12.004789109733572        0.000000000000006
        0.600000000000000        0.700000000000000       -0.000000000000006       -0.000000000000005        0.000000000000001
        0.633333333333333        0.733333333333333       10.763199464337278       10.763199464337283        0.000000000000005
        0.666666666666667        0.766666666666667       23.191471680490815       23.191471680490822        0.000000000000007
        0.600000000000000        0.800000000000000       -0.000000000000009       -0.000000000000007        0.000000000000001
        0.633333333333333        0.833333333333333       12.004789109733567       12.004789109733574        0.000000000000007
        0.666666666666667        0.866666666666667       20.792904672208098       20.792904672208103        0.000000000000004
        0.600000000000000        0.900000000000000       -0.000000000000006       -0.000000000000005        0.000000000000001
        0.633333333333333        0.933333333333333        6.214136108076767        6.214136108076767        0.000000000000001
        0.666666666666667        0.966666666666667        6.214136108076773        6.214136108076770        0.000000000000003
        0.600000000000000        1.000000000000000       -0.000000000000000       -0.000000000000000        0.000000000000000
        0.633333333333333        1.033333333333333       -3.216673547259042       -3.216673547259041        0.000000000000001
        0.666666666666667        1.066666666666667      -12.004789109733564      -12.004789109733561        0.000000000000004
        0.700000000000000        0.000000000000000       33.954671144828104       33.954671144828127        0.000000000000022
        0.733333333333333        0.033333333333333       40.168807252904875       40.168807252904894        0.000000000000019
        0.766666666666667        0.066666666666667       40.168807252904878       40.168807252904884        0.000000000000006
        0.700000000000000        0.100000000000000       24.009578219467146       24.009578219467139        0.000000000000007
        0.733333333333333        0.133333333333333       20.792904672208101       20.792904672208086        0.000000000000016
        0.766666666666667        0.166666666666667       12.004789109733577       12.004789109733564        0.000000000000012
        0.700000000000000        0.200000000000000        0.000000000000002        0.000000000000000        0.000000000000002
        0.733333333333333        0.233333333333333      -10.763199464337283      -10.763199464337279        0.000000000000004
        0.766666666666667        0.266666666666667      -23.191471680490820      -23.191471680490814        0.000000000000006
        0.700000000000000        0.300000000000000      -24.009578219467143      -24.009578219467142        0.000000000000001
        0.733333333333333        0.333333333333333      -36.014367329200719      -36.014367329200719        0.000000000000000
        0.766666666666667        0.366666666666667      -44.802482891675249      -44.802482891675251        0.000000000000002
        0.700000000000000        0.400000000000000      -33.954671144828104      -33.954671144828107        0.000000000000003
        0.733333333333333        0.433333333333333      -40.168807252904876      -40.168807252904879        0.000000000000002
        0.766666666666667        0.466666666666667      -40.168807252904881      -40.168807252904888        0.000000000000007
        0.700000000000000        0.500000000000000      -24.009578219467149      -24.009578219467157        0.000000000000008
        0.733333333333333        0.533333333333333      -20.792904672208106      -20.792904672208115        0.000000000000009
        0.766666666666667        0.566666666666667      -12.004789109733582      -12.004789109733588        0.000000000000006
        0.700000000000000        0.600000000000000       -0.000000000000006       -0.000000000000005        0.000000000000001
        0.733333333333333        0.633333333333333       10.763199464337278       10.763199464337283        0.000000000000005
        0.766666666666667        0.666666666666667       23.191471680490815       23.191471680490822        0.000000000000007
        0.700000000000000        0.700000000000000       24.009578219467140       24.009578219467145        0.000000000000005
        0.733333333333333        0.733333333333333       36.014367329200717       36.014367329200720        0.000000000000004
        0.766666666666667        0.766666666666667       44.802482891675248       44.802482891675254        0.000000000000007
        0.700000000000000        0.800000000000000       33.954671144828104       33.954671144828112        0.000000000000007
        0.733333333333333        0.833333333333333       40.168807252904878       40.168807252904884        0.000000000000006
        0.766666666666667        0.866666666666667       40.168807252904884       40.168807252904886        0.000000000000002
        0.700000000000000        0.900000000000000       24.009578219467152       24.009578219467148        0.000000000000004
        0.733333333333333        0.933333333333333       20.792904672208110       20.792904672208100        0.000000000000010
        0.766666666666667        0.966666666666667       12.004789109733588       12.004789109733580        0.000000000000008
        0.700000000000000        1.000000000000000        0.000000000000010        0.000000000000010        0.000000000000000
        0.733333333333333        1.033333333333333      -10.763199464337273      -10.763199464337265        0.000000000000008
        0.766666666666667        1.066666666666667      -23.191471680490810      -23.191471680490799        0.000000000000011
        0.800000000000000        0.000000000000000       48.019156438934301       48.019156438934334        0.000000000000033
        0.833333333333333        0.033333333333333       44.802482891675256       44.802482891675280        0.000000000000024
        0.866666666666667        0.066666666666667       36.014367329200732       36.014367329200733        0.000000000000001
        0.800000000000000        0.100000000000000       33.954671144828113       33.954671144828103        0.000000000000009
        0.833333333333333        0.133333333333333       23.191471680490828       23.191471680490811        0.000000000000016
        0.866666666666667        0.166666666666667       10.763199464337291       10.763199464337279        0.000000000000012
        0.800000000000000        0.200000000000000        0.000000000000003        0.000000000000000        0.000000000000003
        0.833333333333333        0.233333333333333      -12.004789109733573      -12.004789109733569        0.000000000000004
        0.866666666666667        0.266666666666667      -20.792904672208103      -20.792904672208096        0.000000000000007
        0.800000000000000        0.300000000000000      -33.954671144828108      -33.954671144828108        0.000000000000001
        0.833333333333333        0.333333333333333      -40.168807252904881      -40.168807252904883        0.000000000000002
        0.866666666666667        0.366666666666667      -40.168807252904885      -40.168807252904883        0.000000000000002
        0.800000000000000        0.400000000000000      -48.019156438934301      -48.019156438934306        0.000000000000005
        0.833333333333333        0.433333333333333      -44.802482891675258      -44.802482891675263        0.000000000000005
        0.866666666666667        0.466666666666667      -36.014367329200734      -36.014367329200737        0.000000000000003
        0.800000000000000        0.500000000000000      -33.954671144828117      -33.954671144828129        0.000000000000012
        0.833333333333333        0.533333333333333      -23.191471680490832      -23.191471680490844        0.000000000000011
        0.866666666666667        0.566666666666667      -10.763199464337296      -10.763199464337300        0.000000000000004
        0.800000000000000        0.600000000000000       -0.000000000000009       -0.000000000000007        0.000000000000001
        0.833333333333333        0.633333333333333       12.004789109733567       12.004789109733574        0.000000000000007
        0.866666666666667        0.666666666666667       20.792904672208098       20.792904672208103        0.000000000000004
        0.800000000000000        0.700000000000000       33.954671144828104       33.954671144828112        0.000000000000007
        0.833333333333333        0.733333333333333       40.168807252904878       40.168807252904884        0.000000000000006
        0.866666666666667        0.766666666666667       40.168807252904884       40.168807252904886        0.000000000000002
        0.800000000000000        0.800000000000000       48.019156438934301       48.019156438934313        0.000000000000011
        0.833333333333333        0.833333333333333       44.802482891675259       44.802482891675268        0.000000000000009
        0.866666666666667        0.866666666666667       36.014367329200737       36.014367329200735        0.000000000000002
        0.800000000000000        0.900000000000000       33.954671144828121       33.954671144828116        0.000000000000005
        0.833333333333333        0.933333333333333       23.191471680490837       23.191471680490827        0.000000000000010
        0.866666666666667        0.966666666666667       10.763199464337301       10.763199464337292        0.000000000000008
        0.800000000000000        1.000000000000000        0.000000000000015        0.000000000000015        0.000000000000000
        0.833333333333333        1.033333333333333      -12.004789109733562      -12.004789109733554        0.000000000000008
        0.866666666666667        1.066666666666667      -20.792904672208094      -20.792904672208082        0.000000000000012
        0.900000000000000        0.000000000000000       33.954671144828121       33.954671144828131        0.000000000000010
        0.933333333333333        0.033333333333333       23.191471680490836       23.191471680490833        0.000000000000002
        0.966666666666667        0.066666666666667       10.763199464337299       10.763199464337292        0.000000000000007
        0.900000000000000        0.100000000000000       24.009578219467158       24.009578219467142        0.000000000000016
        0.933333333333333        0.133333333333333       12.004789109733582       12.004789109733566        0.000000000000016
        0.966666666666667        0.166666666666667        3.216673547259052        3.216673547259046        0.000000000000006
        0.900000000000000        0.200000000000000        0.000000000000002        0.000000000000000        0.000000000000002
        0.933333333333333        0.233333333333333       -6.214136108076770       -6.214136108076764        0.000000000000006
        0.966666666666667        0.266666666666667       -6.214136108076775       -6.214136108076768        0.000000000000007
        0.900000000000000        0.300000000000000      -24.009578219467155      -24.009578219467145        0.000000000000010
        0.933333333333333        0.333333333333333      -20.792904672208112      -20.792904672208100        0.000000000000012
        0.966666666666667        0.366666666666667      -12.004789109733588      -12.004789109733579        0.000000000000009
        0.900000000000000        0.400000000000000      -33.954671144828121      -33.954671144828111        0.000000000000009
        0.933333333333333        0.433333333333333      -23.191471680490837      -23.191471680490825        0.000000000000012
        0.966666666666667        0.466666666666667      -10.763199464337300      -10.763199464337293        0.000000000000007
        0.900000000000000        0.500000000000000      -24.009578219467161      -24.009578219467161        0.000000000000000
        0.933333333333333        0.533333333333333      -12.004789109733585      -12.004789109733583        0.000000000000002
        0.966666666666667        0.566666666666667       -3.216673547259054       -3.216673547259052        0.000000000000001
        0.900000000000000        0.600000000000000       -0.000000000000006       -0.000000000000005        0.000000000000001
        0.933333333333333        0.633333333333333        6.214136108076767        6.214136108076767        0.000000000000001
        0.966666666666667        0.666666666666667        6.214136108076773        6.214136108076770        0.000000000000003
        0.900000000000000        0.700000000000000       24.009578219467152       24.009578219467148        0.000000000000004
        0.933333333333333        0.733333333333333       20.792904672208110       20.792904672208100        0.000000000000010
        0.966666666666667        0.766666666666667       12.004789109733588       12.004789109733580        0.000000000000008
        0.900000000000000        0.800000000000000       33.954671144828121       33.954671144828116        0.000000000000005
        0.933333333333333        0.833333333333333       23.191471680490837       23.191471680490827        0.000000000000010
        0.966666666666667        0.866666666666667       10.763199464337301       10.763199464337292        0.000000000000008
        0.900000000000000        0.900000000000000       24.009578219467164       24.009578219467152        0.000000000000012
        0.933333333333333        0.933333333333333       12.004789109733587       12.004789109733574        0.000000000000013
        0.966666666666667        0.966666666666667        3.216673547259055        3.216673547259050        0.000000000000005
        0.900000000000000        1.000000000000000        0.000000000000010        0.000000000000010        0.000000000000000
        0.933333333333333        1.033333333333333       -6.214136108076764       -6.214136108076756        0.000000000000008
        0.966666666666667        1.066666666666667       -6.214136108076772       -6.214136108076764        0.000000000000008
        1.000000000000000        0.000000000000000        0.000000000000015        0.000000000000015        0.000000000000000
        1.033333333333333        0.033333333333333      -12.004789109733561      -12.004789109733557        0.000000000000004
        1.066666666666667        0.066666666666667      -20.792904672208091      -20.792904672208081        0.000000000000010
        1.000000000000000        0.100000000000000        0.000000000000010        0.000000000000010        0.000000000000000
        1.033333333333333        0.133333333333333       -6.214136108076762       -6.214136108076752        0.000000000000010
        1.066666666666667        0.166666666666667       -6.214136108076766       -6.214136108076756        0.000000000000010
        1.000000000000000        0.200000000000000        0.000000000000000        0.000000000000000        0.000000000000000
        1.033333333333333        0.233333333333333        3.216673547259043        3.216673547259039        0.000000000000004
        1.066666666666667        0.266666666666667       12.004789109733567       12.004789109733557        0.000000000000010
        1.000000000000000        0.300000000000000       -0.000000000000010       -0.000000000000010        0.000000000000000
        1.033333333333333        0.333333333333333       10.763199464337274       10.763199464337265        0.000000000000009
        1.066666666666667        0.366666666666667       23.191471680490811       23.191471680490798        0.000000000000013
        1.000000000000000        0.400000000000000       -0.000000000000015       -0.000000000000015        0.000000000000000
        1.033333333333333        0.433333333333333       12.004789109733562       12.004789109733553        0.000000000000009
        1.066666666666667        0.466666666666667       20.792904672208093       20.792904672208084        0.000000000000009
        1.000000000000000        0.500000000000000       -0.000000000000010       -0.000000000000010        0.000000000000000
        1.033333333333333        0.533333333333333        6.214136108076763        6.214136108076761        0.000000000000002
        1.066666666666667        0.566666666666667        6.214136108076769        6.214136108076768        0.000000000000001
        1.000000000000000        0.600000000000000       -0.000000000000000       -0.000000000000000        0.000000000000000
        1.033333333333333        0.633333333333333       -3.216673547259042       -3.216673547259041        0.000000000000001
        1.066666666666667        0.666666666666667      -12.004789109733564      -12.004789109733561        0.000000000000004
        1.000000000000000        0.700000000000000        0.000000000000010        0.000000000000010        0.000000000000000
        1.033333333333333        0.733333333333333      -10.763199464337273      -10.763199464337265        0.000000000000008
        1.066666666666667        0.766666666666667      -23.191471680490810      -23.191471680490799        0.000000000000011
        1.000000000000000        0.800000000000000        0.000000000000015        0.000000000000015        0.000000000000000
        1.033333333333333        0.833333333333333      -12.004789109733562      -12.004789109733554        0.000000000000008
        1.066666666666667        0.866666666666667      -20.792904672208094      -20.792904672208082        0.000000000000012
        1.000000000000000        0.900000000000000        0.000000000000010        0.000000000000010        0.000000000000000
        1.033333333333333        0.933333333333333       -6.214136108076764       -6.214136108076756        0.000000000000008
        1.066666666666667        0.966666666666667       -6.214136108076772       -6.214136108076764        0.000000000000008
        1.000000000000000        1.000000000000000        0.000000000000000        0.000000000000000        0.000000000000000
        1.033333333333333        1.033333333333333        3.216673547259040        3.216673547259036        0.000000000000005
        1.066666666666667        1.066666666666667       12.004789109733562       12.004789109733549        0.000000000000013
