        0.000000000000000        0.000000000000000       47.167795726476479       47.167795726476532        0.000000000000053
        0.033333333333333        0.033333333333333       44.008152533060096       44.008152533060134        0.000000000000037
        0.066666666666667        0.066666666666667       35.375846794857360       35.375846794857365        0.000000000000005
        0.000000000000000        0.100000000000000       33.352668211813376       33.352668211813382        0.000000000000006
        0.033333333333333        0.133333333333333       22.780296030665390       22.780296030665382        0.000000000000009
        0.066666666666667        0.166666666666667       10.572372181147989       10.572372181147978        0.000000000000011
        0.000000000000000        0.200000000000000        0.000000000000003        0.000000000000000        0.000000000000003
        0.033333333333333        0.233333333333333      -11.791948931619117      -11.791948931619116        0.000000000000000
        0.066666666666667        0.266666666666667      -20.424254669821854      -20.424254669821849        0.000000000000005
        0.000000000000000        0.300000000000000      -33.352668211813372      -33.352668211813386        0.000000000000014
        0.033333333333333        0.333333333333333      -39.456630136572074      -39.456630136572089        0.000000000000015
        0.066666666666667        0.366666666666667      -39.456630136572076      -39.456630136572077        0.000000000000002
        0.000000000000000        0.400000000000000      -47.167795726476479      -47.167795726476505        0.000000000000025
        0.033333333333333        0.433333333333333      -44.008152533060098      -44.008152533060117        0.000000000000019
        0.066666666666667        0.466666666666667      -35.375846794857363      -35.375846794857369        0.000000000000006
        0.000000000000000        0.500000000000000      -33.352668211813380      -33.352668211813407        0.000000000000027
        0.033333333333333        0.533333333333333      -22.780296030665395      -22.780296030665413        0.000000000000018
        0.066666666666667        0.566666666666667      -10.572372181147994      -10.572372181147998        0.000000000000005
        0.000000000000000        0.600000000000000       -0.000000000000009       -0.000000000000007        0.000000000000001
        0.033333333333333        0.633333333333333       11.791948931619111       11.791948931619122        0.000000000000010
        0.066666666666667        0.666666666666667       20.424254669821849       20.424254669821855        0.000000000000006
        0.000000000000000        0.700000000000000       33.352668211813368       33.352668211813390        0.000000000000022
        0.033333333333333        0.733333333333333       39.456630136572071       39.456630136572090        0.000000000000019
        0.066666666666667        0.766666666666667       39.456630136572074       39.456630136572080        0.000000000000006
        0.000000000000000        0.800000000000000       47.167795726476479       47.167795726476511        0.000000000000032
        0.033333333333333        0.833333333333333       44.008152533060099       44.008152533060122        0.000000000000023
        0.066666666666667        0.866666666666667       35.375846794857365       35.375846794857367        0.000000000000001
        0.000000000000000        0.900000000000000       33.352668211813385       33.352668211813395        0.000000000000010
        0.033333333333333        0.933333333333333       22.780296030665400       22.780296030665398        0.000000000000002
        0.066666666666667        0.966666666666667       10.572372181147998       10.572372181147991        0.000000000000007
        0.000000000000000        1.000000000000000        0.000000000000014        0.000000000000014        0.000000000000000
        0.033333333333333        1.033333333333333      -11.791948931619106      -11.791948931619102        0.000000000000004
        0.066666666666667        1.066666666666667      -20.424254669821845      -20.424254669821836        0.000000000000010
        0.100000000000000        0.000000000000000       33.352668211813376       33.352668211813382        0.000000000000006
        0.133333333333333        0.033333333333333       22.780296030665390       22.780296030665382        0.000000000000009
        0.166666666666667        0.066666666666667       10.572372181147989       10.572372181147978        0.000000000000011
        0.100000000000000        0.100000000000000       23.583897863238241       23.583897863238223        0.000000000000018
        0.133333333333333        0.133333333333333       11.791948931619122       11.791948931619103        0.000000000000019
        0.166666666666667        0.166666666666667        3.159643193416385        3.159643193416378        0.000000000000007
        0.100000000000000        0.200000000000000        0.000000000000002        0.000000000000000        0.000000000000002
        0.133333333333333        0.233333333333333       -6.103961924758700       -6.103961924758692        0.000000000000008
        0.166666666666667        0.266666666666667       -6.103961924758701       -6.103961924758693        0.000000000000009
        0.100000000000000        0.300000000000000      -23.583897863238238      -23.583897863238226        0.000000000000013
        0.133333333333333        0.333333333333333      -20.424254669821857      -20.424254669821839        0.000000000000017
        0.166666666666667        0.366666666666667      -11.791948931619122      -11.791948931619108        0.000000000000013
        0.100000000000000        0.400000000000000      -33.352668211813376      -33.352668211813363        0.000000000000014
        0.133333333333333        0.433333333333333      -22.780296030665391      -22.780296030665373        0.000000000000018
        0.166666666666667        0.466666666666667      -10.572372181147990      -10.572372181147979        0.000000000000011
        0.100000000000000        0.500000000000000      -23.583897863238244      -23.583897863238241        0.000000000000003
        0.133333333333333        0.533333333333333      -11.791948931619124      -11.791948931619119        0.000000000000005
        0.166666666666667        0.566666666666667       -3.159643193416386       -3.159643193416384        0.000000000000002
        0.100000000000000        0.600000000000000       -0.000000000000006       -0.000000000000005        0.000000000000001
        0.133333333333333        0.633333333333333        6.103961924758697        6.103961924758695        0.000000000000002
        0.166666666666667        0.666666666666667        6.103961924758700        6.103961924758695        0.000000000000005
        0.100000000000000        0.700000000000000       23.583897863238235       23.583897863238228        0.000000000000007
        0.133333333333333        0.733333333333333       20.424254669821855       20.424254669821840        0.000000000000015
        0.166666666666667        0.766666666666667       11.791948931619121       11.791948931619109        0.000000000000012
        0.100000000000000        0.800000000000000       33.352668211813376       33.352668211813367        0.000000000000009
        0.133333333333333        0.833333333333333       22.780296030665392       22.780296030665376        0.000000000000016
        0.166666666666667        0.866666666666667       10.572372181147990       10.572372181147978        0.000000000000012
        0.100000000000000        0.900000000000000       23.583897863238247       23.583897863238232        0.000000000000015
        0.133333333333333        0.933333333333333       11.791948931619127       11.791948931619111        0.000000000000016
        0.166666666666667        0.966666666666667        3.159643193416387        3.159643193416382        0.000000000000006
        0.100000000000000        1.000000000000000        0.000000000000010        0.000000000000010        0.000000000000000
        0.133333333333333        1.033333333333333       -6.103961924758694       -6.103961924758685        0.000000000000009
        0.166666666666667        1.066666666666667       -6.103961924758699       -6.103961924758689        0.000000000000010
        0.200000000000000        0.000000000000000        0.000000000000003        0.000000000000000        0.000000000000003
        0.233333333333333        0.033333333333333      -11.791948931619117      -11.791948931619116        0.000000000000000
        0.266666666666667        0.066666666666667      -20.424254669821854      -20.424254669821849        0.000000000000005
        0.200000000000000        0.100000000000000        0.000000000000002        0.000000000000000        0.000000000000002
        0.233333333333333        0.133333333333333       -6.103961924758700       -6.103961924758692        0.000000000000008
        0.266666666666667        0.166666666666667       -6.103961924758701       -6.103961924758693        0.000000000000009
        0.200000000000000        0.200000000000000        0.000000000000000        0.000000000000000        0.000000000000000
        0.233333333333333        0.233333333333333        3.159643193416382        3.159643193416379        0.000000000000003
        0.266666666666667        0.266666666666667       11.791948931619117       11.791948931619109        0.000000000000007
        0.200000000000000        0.300000000000000       -0.000000000000002       -0.000000000000000        0.000000000000002
        0.233333333333333        0.333333333333333       10.572372181147983       10.572372181147978        0.000000000000005
        0.266666666666667        0.366666666666667       22.780296030665385       22.780296030665377        0.000000000000008
        0.200000000000000        0.400000000000000       -0.000000000000003       -0.000000000000000        0.000000000000003
        0.233333333333333        0.433333333333333       11.791948931619117       11.791948931619112        0.000000000000005
        0.266666666666667        0.466666666666667       20.424254669821855       20.424254669821851        0.000000000000004
        0.200000000000000        0.500000000000000       -0.000000000000002       -0.000000000000000        0.000000000000002
        0.233333333333333        0.533333333333333        6.103961924758701        6.103961924758701        0.000000000000000
        0.266666666666667        0.566666666666667        6.103961924758704        6.103961924758705        0.000000000000000
        0.200000000000000        0.600000000000000       -0.000000000000000       -0.000000000000000        0.000000000000000
        0.233333333333333        0.633333333333333       -3.159643193416380       -3.159643193416380        0.000000000000000
        0.266666666666667        0.666666666666667      -11.791948931619114      -11.791948931619113        0.000000000000001
        0.200000000000000        0.700000000000000        0.000000000000002        0.000000000000000        0.000000000000002
        0.233333333333333        0.733333333333333      -10.572372181147982      -10.572372181147978        0.000000000000004
        0.266666666666667        0.766666666666667      -22.780296030665384      -22.780296030665379        0.000000000000006
        0.200000000000000        0.800000000000000        0.000000000000003        0.000000000000000        0.000000000000003
        0.233333333333333        0.833333333333333      -11.791948931619118      -11.791948931619113        0.000000000000004
        0.266666666666667        0.866666666666667      -20.424254669821857      -20.424254669821850        0.000000000000007
        0.200000000000000        0.900000000000000        0.000000000000002        0.000000000000000        0.000000000000002
        0.233333333333333        0.933333333333333       -6.103961924758702       -6.103961924758696        0.000000000000006
        0.266666666666667        0.966666666666667       -6.103961924758707       -6.103961924758700        0.000000000000007
        0.200000000000000        1.000000000000000        0.000000000000000        0.000000000000000        0.000000000000000
        0.233333333333333        1.033333333333333        3.159643193416379        3.159643193416375        0.000000000000004
        0.266666666666667        1.066666666666667       11.791948931619112       11.791948931619102        0.000000000000010
        0.300000000000000        0.000000000000000      -33.352668211813372      -33.352668211813386        0.000000000000014
        0.333333333333333        0.033333333333333      -39.456630136572074      -39.456630136572089        0.000000000000015
        0.366666666666667        0.066666666666667      -39.456630136572076      -39.456630136572077        0.000000000000002
        0.300000000000000        0.100000000000000      -23.583897863238238      -23.583897863238226        0.000000000000013
        0.333333333333333        0.133333333333333      -20.424254669821857      -20.424254669821839        0.000000000000017
        0.366666666666667        0.166666666666667      -11.791948931619122      -11.791948931619108        0.000000000000013
        0.300000000000000        0.200000000000000       -0.000000000000002       -0.000000000000000        0.000000000000002
        0.333333333333333        0.233333333333333       10.572372181147983       10.572372181147978        0.000000000000005
        0.366666666666667        0.266666666666667       22.780296030665385       22.780296030665377        0.000000000000008
        0.300000000000000        0.300000000000000       23.583897863238235       23.583897863238229        0.000000000000007
        0.333333333333333        0.333333333333333       35.375846794857355       35.375846794857352        0.000000000000003
        0.366666666666667        0.366666666666667       44.008152533060093       44.008152533060092        0.000000000000002
        0.300000000000000        0.400000000000000       33.352668211813372       33.352668211813367        0.000000000000006
        0.333333333333333        0.433333333333333       39.456630136572075       39.456630136572074        0.000000000000001
        0.366666666666667        0.466666666666667       39.456630136572078       39.456630136572082        0.000000000000003
        0.300000000000000        0.500000000000000       23.583897863238241       23.583897863238244        0.000000000000002
        0.333333333333333        0.533333333333333       20.424254669821861       20.424254669821868        0.000000000000007
        0.366666666666667        0.566666666666667       11.791948931619127       11.791948931619132        0.000000000000004
        0.300000000000000        0.600000000000000        0.000000000000006        0.000000000000005        0.000000000000001
        0.333333333333333        0.633333333333333      -10.572372181147978      -10.572372181147983        0.000000000000004
        0.366666666666667        0.666666666666667      -22.780296030665380      -22.780296030665385        0.000000000000005
        0.300000000000000        0.700000000000000      -23.583897863238232      -23.583897863238231        0.000000000000001
        0.333333333333333        0.733333333333333      -35.375846794857353      -35.375846794857353        0.000000000000000
        0.366666666666667        0.766666666666667      -44.008152533060092      -44.008152533060094        0.000000000000002
        0.300000000000000        0.800000000000000      -33.352668211813372      -33.352668211813371        0.000000000000001
        0.333333333333333        0.833333333333333      -39.456630136572077      -39.456630136572079        0.000000000000002
        0.366666666666667        0.866666666666667      -39.456630136572081      -39.456630136572079        0.000000000000002
        0.300000000000000        0.900000000000000      -23.583897863238244      -23.583897863238235        0.000000000000009
        0.333333333333333        0.933333333333333      -20.424254669821865      -20.424254669821854        0.000000000000012
        0.366666666666667        0.966666666666667      -11.791948931619133      -11.791948931619123        0.000000000000009
        0.300000000000000        1.000000000000000       -0.000000000000010       -0.000000000000010        0.000000000000000
        0.333333333333333        1.033333333333333       10.572372181147974       10.572372181147965        0.000000000000008
        0.366666666666667        1.066666666666667       22.780296030665375       22.780296030665363        0.000000000000013
        0.400000000000000        0.000000000000000      -47.167795726476479      -47.167795726476505        0.000000000000025
        0.433333333333333        0.033333333333333      -44.008152533060098      -44.008152533060117        0.000000000000019
        0.466666666666667        0.066666666666667      -35.375846794857363      -35.375846794857369        0.000000000000006
        0.400000000000000        0.100000000000000      -33.352668211813376      -33.352668211813363        0.000000000000014
        0.433333333333333        0.133333333333333      -22.780296030665391      -22.780296030665373        0.000000000000018
        0.466666666666667        0.166666666666667      -10.572372181147990      -10.572372181147979        0.000000000000011
        0.400000000000000        0.200000000000000       -0.000000000000003       -0.000000000000000        0.000000000000003
        0.433333333333333        0.233333333333333       11.791948931619117       11.791948931619112        0.000000000000005
        0.466666666666667        0.266666666666667       20.424254669821855       20.424254669821851        0.000000000000004
        0.400000000000000        0.300000000000000       33.352668211813372       33.352668211813367        0.000000000000006
        0.433333333333333        0.333333333333333       39.456630136572075       39.456630136572074        0.000000000000001
        0.466666666666667        0.366666666666667       39.456630136572078       39.456630136572082        0.000000000000003
        0.400000000000000        0.400000000000000       47.167795726476479       47.167795726476477        0.000000000000002
        0.433333333333333        0.433333333333333       44.008152533060099       44.008152533060100        0.000000000000001
        0.466666666666667        0.466666666666667       35.375846794857365       35.375846794857373        0.000000000000008
        0.400000000000000        0.500000000000000       33.352668211813380       33.352668211813388        0.000000000000008
        0.433333333333333        0.533333333333333       22.780296030665396       22.780296030665405        0.000000000000009
        0.466666666666667        0.566666666666667       10.572372181147994       10.572372181148000        0.000000000000005
        0.400000000000000        0.600000000000000        0.000000000000009        0.000000000000007        0.000000000000001
        0.433333333333333        0.633333333333333      -11.791948931619112      -11.791948931619117        0.000000000000005
        0.466666666666667        0.666666666666667      -20.424254669821851      -20.424254669821858        0.000000000000007
        0.400000000000000        0.700000000000000      -33.352668211813368      -33.352668211813371        0.000000000000002
        0.433333333333333        0.733333333333333      -39.456630136572073      -39.456630136572075        0.000000000000002
        0.466666666666667        0.766666666666667      -39.456630136572077      -39.456630136572084        0.000000000000007
        0.400000000000000        0.800000000000000      -47.167795726476479      -47.167795726476484        0.000000000000004
        0.433333333333333        0.833333333333333      -44.008152533060101      -44.008152533060106        0.000000000000005
        0.466666666666667        0.866666666666667      -35.375846794857368      -35.375846794857371        0.000000000000003
        0.400000000000000        0.900000000000000      -33.352668211813385      -33.352668211813375        0.000000000000009
        0.433333333333333        0.933333333333333      -22.780296030665401      -22.780296030665389        0.000000000000012
        0.466666666666667        0.966666666666667      -10.572372181147999      -10.572372181147992        0.000000000000007
        0.400000000000000        1.000000000000000       -0.000000000000014       -0.000000000000014        0.000000000000000
        0.433333333333333        1.033333333333333       11.791948931619106       11.791948931619098        0.000000000000009
        0.466666666666667        1.066666666666667       20.424254669821846       20.424254669821838        0.000000000000009
        0.500000000000000        0.000000000000000      -33.352668211813380      -33.352668211813407        0.000000000000027
        0.533333333333333        0.033333333333333      -22.780296030665395      -22.780296030665413        0.000000000000018
        0.566666666666667        0.066666666666667      -10.572372181147994      -10.572372181147998        0.000000000000005
        0.500000000000000        0.100000000000000      -23.583897863238244      -23.583897863238241        0.000000000000003
        0.533333333333333        0.133333333333333      -11.791948931619124      -11.791948931619119        0.000000000000005
        0.566666666666667        0.166666666666667       -3.159643193416386       -3.159643193416384        0.000000000000002
        0.500000000000000        0.200000000000000       -0.000000000000002       -0.000000000000000        0.000000000000002
        0.533333333333333        0.233333333333333        6.103961924758701        6.103961924758701        0.000000000000000
        0.566666666666667        0.266666666666667        6.103961924758704        6.103961924758705        0.000000000000000
        0.500000000000000        0.300000000000000       23.583897863238241       23.583897863238244        0.000000000000002
        0.533333333333333        0.333333333333333       20.424254669821861       20.424254669821868        0.000000000000007
        0.566666666666667        0.366666666666667       11.791948931619127       11.791948931619132        0.000000000000004
        0.500000000000000        0.400000000000000       33.352668211813380       33.352668211813388        0.000000000000008
        0.533333333333333        0.433333333333333       22.780296030665396       22.780296030665405        0.000000000000009
        0.566666666666667        0.466666666666667       10.572372181147994       10.572372181148000        0.000000000000005
        0.500000000000000        0.500000000000000       23.583897863238247       23.583897863238259        0.000000000000012
        0.533333333333333        0.533333333333333       11.791948931619127       11.791948931619135        0.000000000000009
        0.566666666666667        0.566666666666667        3.159643193416387        3.159643193416390        0.000000000000002
        0.500000000000000        0.600000000000000        0.000000000000006        0.000000000000005        0.000000000000001
        0.533333333333333        0.633333333333333       -6.103961924758698       -6.103961924758703        0.000000000000005
        0.566666666666667        0.666666666666667       -6.103961924758703       -6.103961924758707        0.000000000000004
        0.500000000000000        0.700000000000000      -23.583897863238238      -23.583897863238246        0.000000000000008
        0.533333333333333        0.733333333333333      -20.424254669821859      -20.424254669821868        0.000000000000009
        0.566666666666667        0.766666666666667      -11.791948931619127      -11.791948931619132        0.000000000000006
        0.500000000000000        0.800000000000000      -33.352668211813380      -33.352668211813393        0.000000000000012
        0.533333333333333        0.833333333333333      -22.780296030665397      -22.780296030665408        0.000000000000011
        0.566666666666667        0.866666666666667      -10.572372181147995      -10.572372181147999        0.000000000000004
        0.500000000000000        0.900000000000000      -23.583897863238250      -23.583897863238250        0.000000000000000
        0.533333333333333        0.933333333333333      -11.791948931619129      -11.791948931619127        0.000000000000002
        0.566666666666667        0.966666666666667       -3.159643193416389       -3.159643193416388        0.000000000000001
        0.500000000000000        1.000000000000000       -0.000000000000010       -0.000000000000010        0.000000000000000
        0.533333333333333        1.033333333333333        6.103961924758696        6.103961924758693        0.000000000000002
        0.566666666666667        1.066666666666667        6.103961924758702        6.103961924758701        0.000000000000001
        0.600000000000000        0.000000000000000       -0.000000000000009       -0.000000000000007        0.000000000000001
        0.633333333333333        0.033333333333333       11.791948931619111       11.791948931619122        0.000000000000010
        0.666666666666667        0.066666666666667       20.424254669821849       20.424254669821855        0.000000000000006
        0.600000000000000        0.100000000000000       -0.000000000000006       -0.000000000000005        0.000000000000001
        0.633333333333333        0.133333333333333        6.103961924758697        6.103961924758695        0.000000000000002
        0.666666666666667        0.166666666666667        6.103961924758700        6.103961924758695        0.000000000000005
        0.600000000000000        0.200000000000000       -0.000000000000000       -0.000000000000000        0.000000000000000
        0.633333333333333        0.233333333333333       -3.159643193416380       -3.159643193416380        0.000000000000000
        0.666666666666667        0.266666666666667      -11.791948931619114      -11.791948931619113        0.000000000000001
        0.600000000000000        0.300000000000000        0.000000000000006        0.000000000000005        0.000000000000001
        0.633333333333333        0.333333333333333      -10.572372181147978      -10.572372181147983        0.000000000000004
        0.666666666666667        0.366666666666667      -22.780296030665380      -22.780296030665385        0.000000000000005
        0.600000000000000        0.400000000000000        0.000000000000009        0.000000000000007        0.000000000000001
        0.633333333333333        0.433333333333333      -11.791948931619112      -11.791948931619117        0.000000000000005
        0.666666666666667        0.466666666666667      -20.424254669821851      -20.424254669821858        0.000000000000007
        0.600000000000000        0.500000000000000        0.000000000000006        0.000000000000005        0.000000000000001
        0.633333333333333        0.533333333333333       -6.103961924758698       -6.103961924758703        0.000000000000005
        0.666666666666667        0.566666666666667       -6.103961924758703       -6.103961924758707        0.000000000000004
        0.600000000000000        0.600000000000000        0.000000000000000        0.000000000000000        0.000000000000000
        0.633333333333333        0.633333333333333        3.159643193416379        3.159643193416382        0.000000000000003
        0.666666666666667        0.666666666666667       11.791948931619112       11.791948931619117        0.000000000000006
        0.600000000000000        0.700000000000000       -0.000000000000006       -0.000000000000005        0.000000000000001
        0.633333333333333        0.733333333333333       10.572372181147978       10.572372181147983        0.000000000000005
        0.666666666666667        0.766666666666667       22.780296030665379       22.780296030665386        0.000000000000007
        0.600000000000000        0.800000000000000       -0.000000000000009       -0.000000000000007        0.000000000000001
        0.633333333333333        0.833333333333333       11.791948931619112       11.791948931619119        0.000000000000006
        0.666666666666667        0.866666666666667       20.424254669821852       20.424254669821857        0.000000000000004
        0.600000000000000        0.900000000000000       -0.000000000000006       -0.000000000000005        0.000000000000001
        0.633333333333333        0.933333333333333        6.103961924758700        6.103961924758699        0.000000000000001
        0.666666666666667        0.966666666666667        6.103961924758706        6.103961924758702        0.000000000000003
        0.600000000000000        1.000000000000000       -0.000000000000000       -0.000000000000000        0.000000000000000
        0.633333333333333        1.033333333333333       -3.159643193416377       -3.159643193416376        0.000000000000001
        0.666666666666667        1.066666666666667      -11.791948931619109      -11.791948931619106        0.000000000000003
        0.700000000000000        0.000000000000000       33.352668211813368       33.352668211813390        0.000000000000022
        0.733333333333333        0.033333333333333       39.456630136572071       39.456630136572090        0.000000000000019
        0.766666666666667        0.066666666666667       39.456630136572074       39.456630136572080        0.000000000000006
        0.700000000000000        0.100000000000000       23.583897863238235       23.583897863238228        0.000000000000007
        0.733333333333333        0.133333333333333       20.424254669821855       20.424254669821840        0.000000000000015
        0.766666666666667        0.166666666666667       11.791948931619121       11.791948931619109        0.000000000000012
        0.700000000000000        0.200000000000000        0.000000000000002        0.000000000000000        0.000000000000002
        0.733333333333333        0.233333333333333      -10.572372181147982      -10.572372181147978        0.000000000000004
        0.766666666666667        0.266666666666667      -22.780296030665384      -22.780296030665379        0.000000000000006
        0.700000000000000        0.300000000000000      -23.583897863238232      -23.583897863238231        0.000000000000001
        0.733333333333333        0.333333333333333      -35.375846794857353      -35.375846794857353        0.000000000000000
        0.766666666666667        0.366666666666667      -44.008152533060092      -44.008152533060094        0.000000000000002
        0.700000000000000        0.400000000000000      -33.352668211813368      -33.352668211813371        0.000000000000002
        0.733333333333333        0.433333333333333      -39.456630136572073      -39.456630136572075        0.000000000000002
        0.766666666666667        0.466666666666667      -39.456630136572077      -39.456630136572084        0.000000000000007
        0.700000000000000        0.500000000000000      -23.583897863238238      -23.583897863238246        0.000000000000008
        0.733333333333333        0.533333333333333      -20.424254669821859      -20.424254669821868        0.000000000000009
        0.766666666666667        0.566666666666667      -11.791948931619127      -11.791948931619132        0.000000000000006
        0.700000000000000        0.600000000000000       -0.000000000000006       -0.000000000000005        0.000000000000001
        0.733333333333333        0.633333333333333       10.572372181147978       10.572372181147983        0.000000000000005
        0.766666666666667        0.666666666666667       22.780296030665379       22.780296030665386        0.000000000000007
        0.700000000000000        0.700000000000000       23.583897863238230       23.583897863238234        0.000000000000005
        0.733333333333333        0.733333333333333       35.375846794857350       35.375846794857354        0.000000000000003
        0.766666666666667        0.766666666666667       44.008152533060091       44.008152533060097        0.000000000000007
        0.700000000000000        0.800000000000000       33.352668211813368       33.352668211813375        0.000000000000007
        0.733333333333333        0.833333333333333       39.456630136572074       39.456630136572080        0.000000000000006
        0.766666666666667        0.866666666666667       39.456630136572080       39.456630136572082        0.000000000000002
        0.700000000000000        0.900000000000000       23.583897863238241       23.583897863238237        0.000000000000004
        0.733333333333333        0.933333333333333       20.424254669821864       20.424254669821854        0.000000000000010
        0.766666666666667        0.966666666666667       11.791948931619132       11.791948931619124        0.000000000000008
        0.700000000000000        1.000000000000000        0.000000000000010        0.000000000000010        0.000000000000000
        0.733333333333333        1.033333333333333      -10.572372181147973      -10.572372181147965        0.000000000000007
        0.766666666666667        1.066666666666667      -22.780296030665374      -22.780296030665364        0.000000000000010
        0.800000000000000        0.000000000000000       47.167795726476479       47.167795726476511        0.000000000000032
        0.833333333333333        0.033333333333333       44.008152533060099       44.008152533060122        0.000000000000023
        0.866666666666667        0.066666666666667       35.375846794857365       35.375846794857367        0.000000000000001
        0.800000000000000        0.100000000000000       33.352668211813376       33.352668211813367        0.000000000000009
        0.833333333333333        0.133333333333333       22.780296030665392       22.780296030665376        0.000000000000016
        0.866666666666667        0.166666666666667       10.572372181147990       10.572372181147978        0.000000000000012
        0.800000000000000        0.200000000000000        0.000000000000003        0.000000000000000        0.000000000000003
        0.833333333333333        0.233333333333333      -11.791948931619118      -11.791948931619113        0.000000000000004
        0.866666666666667        0.266666666666667      -20.424254669821857      -20.424254669821850        0.000000000000007
        0.800000000000000        0.300000000000000      -33.352668211813372      -33.352668211813371        0.000000000000001
        0.833333333333333        0.333333333333333      -39.456630136572077      -39.456630136572079        0.000000000000002
        0.866666666666667        0.366666666666667      -39.456630136572081      -39.456630136572079        0.000000000000002
        0.800000000000000        0.400000000000000      -47.167795726476479      -47.167795726476484        0.000000000000004
        0.833333333333333        0.433333333333333      -44.008152533060101      -44.008152533060106        0.000000000000005
        0.866666666666667        0.466666666666667      -35.375846794857368      -35.375846794857371        0.000000000000003
        0.800000000000000        0.500000000000000      -33.352668211813380      -33.352668211813393        0.000000000000012
        0.833333333333333        0.533333333333333      -22.780296030665397      -22.780296030665408        0.000000000000011
        0.866666666666667        0.566666666666667      -10.572372181147995      -10.572372181147999        0.000000000000004
        0.800000000000000        0.600000000000000       -0.000000000000009       -0.000000000000007        0.000000000000001
        0.833333333333333        0.633333333333333       11.791948931619112       11.791948931619119        0.000000000000006
        0.866666666666667        0.666666666666667       20.424254669821852       20.424254669821857        0.000000000000004
        0.800000000000000        0.700000000000000       33.352668211813368       33.352668211813375        0.000000000000007
        0.833333333333333        0.733333333333333       39.456630136572074       39.456630136572080        0.000000000000006
        0.866666666666667        0.766666666666667       39.456630136572080       39.456630136572082        0.000000000000002
        0.800000000000000        0.800000000000000       47.167795726476479       47.167795726476491        0.000000000000011
        0.833333333333333        0.833333333333333       44.008152533060102       44.008152533060111        0.000000000000009
        0.866666666666667        0.866666666666667       35.375846794857370       35.375846794857369        0.000000000000002
        0.800000000000000        0.900000000000000       33.352668211813385       33.352668211813380        0.000000000000005
        0.833333333333333        0.933333333333333       22.780296030665401       22.780296030665392        0.000000000000010
        0.866666666666667        0.966666666666667       10.572372181148000       10.572372181147992        0.000000000000008
        0.800000000000000        1.000000000000000        0.000000000000014        0.000000000000014        0.000000000000000
        0.833333333333333        1.033333333333333      -11.791948931619107      -11.791948931619099        0.000000000000008
        0.866666666666667        1.066666666666667      -20.424254669821848      -20.424254669821837        0.000000000000011
        0.900000000000000        0.000000000000000       33.352668211813385       33.352668211813395        0.000000000000010
        0.933333333333333        0.033333333333333       22.780296030665400       22.780296030665398        0.000000000000002
        0.966666666666667        0.066666666666667       10.572372181147998       10.572372181147991        0.000000000000007
        0.900000000000000        0.100000000000000       23.583897863238247       23.583897863238232        0.000000000000015
        0.933333333333333        0.133333333333333       11.791948931619127       11.791948931619111        0.000000000000016
        0.966666666666667        0.166666666666667        3.159643193416387        3.159643193416382        0.000000000000006
        0.900000000000000        0.200000000000000        0.000000000000002        0.000000000000000        0.000000000000002
        0.933333333333333        0.233333333333333       -6.103961924758702       -6.103961924758696        0.000000000000006
        0.966666666666667        0.266666666666667       -6.103961924758707       -6.103961924758700        0.000000000000007
        0.900000000000000        0.300000000000000      -23.583897863238244      -23.583897863238235        0.000000000000009
        0.933333333333333        0.333333333333333      -20.424254669821865      -20.424254669821854        0.000000000000012
        0.966666666666667        0.366666666666667      -11.791948931619133      -11.791948931619123        0.000000000000009
        0.900000000000000        0.400000000000000      -33.352668211813385      -33.352668211813375        0.000000000000009
        0.933333333333333        0.433333333333333      -22.780296030665401      -22.780296030665389        0.000000000000012
        0.966666666666667        0.466666666666667      -10.572372181147999      -10.572372181147992        0.000000000000007
        0.900000000000000        0.500000000000000      -23.583897863238250      -23.583897863238250        0.000000000000000
        0.933333333333333        0.533333333333333      -11.791948931619129      -11.791948931619127        0.000000000000002
        0.966666666666667        0.566666666666667       -3.159643193416389       -3.159643193416388        0.000000000000001
        0.900000000000000        0.600000000000000       -0.000000000000006       -0.000000000000005        0.000000000000001
        0.933333333333333        0.633333333333333        6.103961924758700        6.103961924758699        0.000000000000001
        0.966666666666667        0.666666666666667        6.103961924758706        6.103961924758702        0.000000000000003
        0.900000000000000        0.700000000000000       23.583897863238241       23.583897863238237        0.000000000000004
        0.933333333333333        0.733333333333333       20.424254669821864       20.424254669821854        0.000000000000010
        0.966666666666667        0.766666666666667       11.791948931619132       11.791948931619124        0.000000000000008
        0.900000000000000        0.800000000000000       33.352668211813385       33.352668211813380        0.000000000000005
        0.933333333333333        0.833333333333333       22.780296030665401       22.780296030665392        0.000000000000010
        0.966666666666667        0.866666666666667       10.572372181148000       10.572372181147992        0.000000000000008
        0.900000000000000        0.900000000000000       23.583897863238253       23.583897863238241        0.000000000000012
        0.933333333333333        0.933333333333333       11.791948931619132       11.791948931619119        0.000000000000013
        0.966666666666667        0.966666666666667        3.159643193416390        3.159643193416386        0.000000000000005
        0.900000000000000        1.000000000000000        0.000000000000010        0.000000000000010        0.000000000000000
        0.933333333333333        1.033333333333333       -6.103961924758697       -6.103961924758689        0.000000000000008
        0.966666666666667        1.066666666666667       -6.103961924758704       -6.103961924758696        0.000000000000008
        1.000000000000000        0.000000000000000        0.000000000000014        0.000000000000014        0.000000000000000
        1.033333333333333        0.033333333333333      -11.791948931619106      -11.791948931619102        0.000000000000004
        1.066666666666667        0.066666666666667      -20.424254669821845      -20.424254669821836        0.000000000000010
        1.000000000000000        0.100000000000000        0.000000000000010        0.000000000000010        0.000000000000000
        1.033333333333333        0.133333333333333       -6.103961924758694       -6.103961924758685        0.000000000000009
        1.066666666666667        0.166666666666667       -6.103961924758699       -6.103961924758689        0.000000000000010
        1.000000000000000        0.200000000000000        0.000000000000000        0.000000000000000        0.000000000000000
        1.033333333333333        0.233333333333333        3.159643193416379        3.159643193416375        0.000000000000004
        1.066666666666667        0.266666666666667       11.791948931619112       11.791948931619102        0.000000000000010
        1.000000000000000        0.300000000000000       -0.000000000000010       -0.000000000000010        0.000000000000000
        1.033333333333333        0.333333333333333       10.572372181147974       10.572372181147965        0.000000000000008
        1.066666666666667        0.366666666666667       22.780296030665375       22.780296030665363        0.000000000000013
        1.000000000000000        0.400000000000000       -0.000000000000014       -0.000000000000014        0.000000000000000
        1.033333333333333        0.433333333333333       11.791948931619106       11.791948931619098        0.000000000000009
        1.066666666666667        0.466666666666667       20.424254669821846       20.424254669821838        0.000000000000009
        1.000000000000000        0.500000000000000       -0.000000000000010       -0.000000000000010        0.000000000000000
        1.033333333333333        0.533333333333333        6.103961924758696        6.103961924758693        0.000000000000002
        1.066666666666667        0.566666666666667        6.103961924758702        6.103961924758701        0.000000000000001
        1.000000000000000        0.600000000000000       -0.000000000000000       -0.000000000000000        0.000000000000000
        1.033333333333333        0.633333333333333       -3.159643193416377       -3.159643193416376        0.000000000000001
        1.066666666666667        0.666666666666667      -11.791948931619109      -11.791948931619106        0.000000000000003
        1.000000000000000        0.700000000000000        0.000000000000010        0.000000000000010        0.000000000000000
        1.033333333333333        0.733333333333333      -10.572372181147973      -10.572372181147965        0.000000000000007
        1.066666666666667        0.766666666666667      -22.780296030665374      -22.780296030665364        0.000000000000010
        1.000000000000000        0.800000000000000        0.000000000000014        0.000000000000014        0.000000000000000
        1.033333333333333        0.833333333333333      -11.791948931619107      -11.791948931619099        0.000000000000008
        1.066666666666667        0.866666666666667      -20.424254669821848      -20.424254669821837        0.000000000000011
        1.000000000000000        0.900000000000000        0.000000000000010        0.000000000000010        0.000000000000000
        1.033333333333333        0.933333333333333       -6.103961924758697       -6.103961924758689        0.000000000000008
        1.066666666666667        0.966666666666667       -6.103961924758704       -6.103961924758696        0.000000000000008
        1.000000000000000        1.000000000000000        0.000000000000000        0.000000000000000        0.000000000000000
        1.033333333333333        1.033333333333333        3.159643193416376        3.159643193416371        0.000000000000005
        1.066666666666667        1.066666666666667       11.791948931619107       11.791948931619094        0.000000000000013
