        0.000000000000000        0.000000000000000       61.457146914444350       61.457146914444419        0.000000000000069
        0.033333333333333        0.033333333333333       57.340298693232793       57.340298693232842        0.000000000000049
        0.066666666666667        0.066666666666667       46.092860185833264       46.092860185833270        0.000000000000006
        0.000000000000000        0.100000000000000       43.456765335581507       43.456765335581514        0.000000000000007
        0.033333333333333        0.133333333333333       29.681522707351663       29.681522707351652        0.000000000000011
        0.066666666666667        0.166666666666667       13.775242628229847       13.775242628229833        0.000000000000014
        0.000000000000000        0.200000000000000        0.000000000000004        0.000000000000000        0.000000000000004
        0.033333333333333        0.233333333333333      -15.364286728611083      -15.364286728611083        0.000000000000000
        0.066666666666667        0.266666666666667      -26.611725236010615      -26.611725236010608        0.000000000000007
        0.000000000000000        0.300000000000000      -43.456765335581501      -43.456765335581519        0.000000000000018
        0.033333333333333        0.333333333333333      -51.409905375142411      -51.409905375142431        0.000000000000020
        0.066666666666667        0.366666666666667      -51.409905375142413      -51.409905375142415        0.000000000000002
        0.000000000000000        0.400000000000000      -61.457146914444350      -61.457146914444383        0.000000000000033
        0.033333333333333        0.433333333333333      -57.340298693232795      -57.340298693232820        0.000000000000025
        0.066666666666667        0.466666666666667      -46.092860185833267      -46.092860185833275        0.000000000000008
        0.000000000000000        0.500000000000000      -43.456765335581512      -43.456765335581547        0.000000000000035
        0.033333333333333        0.533333333333333      -29.681522707351670      -29.681522707351693        0.000000000000024
        0.066666666666667        0.566666666666667      -13.775242628229853      -13.775242628229860        0.000000000000006
        0.000000000000000        0.600000000000000       -0.000000000000011       -0.000000000000010        0.000000000000002
        0.033333333333333        0.633333333333333       15.364286728611076       15.364286728611090        0.000000000000013
        0.066666666666667        0.666666666666667       26.611725236010609       26.611725236010617        0.000000000000008
        0.000000000000000        0.700000000000000       43.456765335581496       43.456765335581525        0.000000000000029
        0.033333333333333        0.733333333333333       51.409905375142407       51.409905375142432        0.000000000000024
        0.066666666666667        0.766666666666667       51.409905375142411       51.409905375142418        0.000000000000007
        0.000000000000000        0.800000000000000       61.457146914444350       61.457146914444392        0.000000000000042
        0.033333333333333        0.833333333333333       57.340298693232797       57.340298693232827        0.000000000000030
        0.066666666666667        0.866666666666667       46.092860185833270       46.092860185833272        0.000000000000002
        0.000000000000000        0.900000000000000       43.456765335581517       43.456765335581531        0.000000000000013
        0.033333333333333        0.933333333333333       29.681522707351676       29.681522707351673        0.000000000000003
        0.066666666666667        0.966666666666667       13.775242628229860       13.775242628229850        0.000000000000009
        0.000000000000000        1.000000000000000        0.000000000000019        0.000000000000019        0.000000000000000
        0.033333333333333        1.033333333333333      -15.364286728611069      -15.364286728611064        0.000000000000005
        0.066666666666667        1.066666666666667      -26.611725236010603      -26.611725236010591        0.000000000000012
        0.100000000000000        0.000000000000000       43.456765335581507       43.456765335581514        0.000000000000007
        0.133333333333333        0.033333333333333       29.681522707351663       29.681522707351652        0.000000000000011
        0.166666666666667        0.066666666666667       13.775242628229847       13.775242628229833        0.000000000000014
        0.100000000000000        0.100000000000000       30.728573457222177       30.728573457222153        0.000000000000024
        0.133333333333333        0.133333333333333       15.364286728611090       15.364286728611065        0.000000000000025
        0.166666666666667        0.166666666666667        4.116848221211559        4.116848221211550        0.000000000000009
        0.100000000000000        0.200000000000000        0.000000000000003        0.000000000000000        0.000000000000003
        0.133333333333333        0.233333333333333       -7.953140039560907       -7.953140039560897        0.000000000000010
        0.166666666666667        0.266666666666667       -7.953140039560909       -7.953140039560898        0.000000000000011
        0.100000000000000        0.300000000000000      -30.728573457222173      -30.728573457222157        0.000000000000016
        0.133333333333333        0.333333333333333      -26.611725236010618      -26.611725236010596        0.000000000000022
        0.166666666666667        0.366666666666667      -15.364286728611090      -15.364286728611073        0.000000000000017
        0.100000000000000        0.400000000000000      -43.456765335581507      -43.456765335581489        0.000000000000018
        0.133333333333333        0.433333333333333      -29.681522707351664      -29.681522707351641        0.000000000000024
        0.166666666666667        0.466666666666667      -13.775242628229848      -13.775242628229834        0.000000000000014
        0.100000000000000        0.500000000000000      -30.728573457222181      -30.728573457222176        0.000000000000004
        0.133333333333333        0.533333333333333      -15.364286728611093      -15.364286728611086        0.000000000000007
        0.166666666666667        0.566666666666667       -4.116848221211561       -4.116848221211558        0.000000000000003
        0.100000000000000        0.600000000000000       -0.000000000000008       -0.000000000000007        0.000000000000001
        0.133333333333333        0.633333333333333        7.953140039560903        7.953140039560900        0.000000000000003
        0.166666666666667        0.666666666666667        7.953140039560907        7.953140039560900        0.000000000000007
        0.100000000000000        0.700000000000000       30.728573457222169       30.728573457222160        0.000000000000009
        0.133333333333333        0.733333333333333       26.611725236010616       26.611725236010596        0.000000000000020
        0.166666666666667        0.766666666666667       15.364286728611089       15.364286728611074        0.000000000000016
        0.100000000000000        0.800000000000000       43.456765335581507       43.456765335581495        0.000000000000012
        0.133333333333333        0.833333333333333       29.681522707351665       29.681522707351645        0.000000000000021
        0.166666666666667        0.866666666666667       13.775242628229849       13.775242628229833        0.000000000000016
        0.100000000000000        0.900000000000000       30.728573457222184       30.728573457222165        0.000000000000020
        0.133333333333333        0.933333333333333       15.364286728611096       15.364286728611076        0.000000000000020
        0.166666666666667        0.966666666666667        4.116848221211562        4.116848221211555        0.000000000000008
        0.100000000000000        1.000000000000000        0.000000000000013        0.000000000000013        0.000000000000000
        0.133333333333333        1.033333333333333       -7.953140039560900       -7.953140039560887        0.000000000000012
        0.166666666666667        1.066666666666667       -7.953140039560905       -7.953140039560892        0.000000000000013
        0.200000000000000        0.000000000000000        0.000000000000004        0.000000000000000        0.000000000000004
        0.233333333333333        0.033333333333333      -15.364286728611083      -15.364286728611083        0.000000000000000
        0.266666666666667        0.066666666666667      -26.611725236010615      -26.611725236010608        0.000000000000007
        0.200000000000000        0.100000000000000        0.000000000000003        0.000000000000000        0.000000000000003
        0.233333333333333        0.133333333333333       -7.953140039560907       -7.953140039560897        0.000000000000010
        0.266666666666667        0.166666666666667       -7.953140039560909       -7.953140039560898        0.000000000000011
        0.200000000000000        0.200000000000000        0.000000000000000       -0.000000000000000        0.000000000000000
        0.233333333333333        0.233333333333333        4.116848221211555        4.116848221211551        0.000000000000004
        0.266666666666667        0.266666666666667       15.364286728611083       15.364286728611073        0.000000000000010
        0.200000000000000        0.300000000000000       -0.000000000000003       -0.000000000000000        0.000000000000003
        0.233333333333333        0.333333333333333       13.775242628229840       13.775242628229833        0.000000000000007
        0.266666666666667        0.366666666666667       29.681522707351656       29.681522707351646        0.000000000000010
        0.200000000000000        0.400000000000000       -0.000000000000004       -0.000000000000000        0.000000000000004
        0.233333333333333        0.433333333333333       15.364286728611084       15.364286728611077        0.000000000000007
        0.266666666666667        0.466666666666667       26.611725236010616       26.611725236010611        0.000000000000006
        0.200000000000000        0.500000000000000       -0.000000000000003       -0.000000000000000        0.000000000000003
        0.233333333333333        0.533333333333333        7.953140039560909        7.953140039560908        0.000000000000001
        0.266666666666667        0.566666666666667        7.953140039560913        7.953140039560913        0.000000000000001
        0.200000000000000        0.600000000000000       -0.000000000000000       -0.000000000000000        0.000000000000000
        0.233333333333333        0.633333333333333       -4.116848221211553       -4.116848221211553        0.000000000000000
        0.266666666666667        0.666666666666667      -15.364286728611080      -15.364286728611079        0.000000000000001
        0.200000000000000        0.700000000000000        0.000000000000003        0.000000000000000        0.000000000000003
        0.233333333333333        0.733333333333333      -13.775242628229839      -13.775242628229833        0.000000000000006
        0.266666666666667        0.766666666666667      -29.681522707351655      -29.681522707351648        0.000000000000007
        0.200000000000000        0.800000000000000        0.000000000000004        0.000000000000000        0.000000000000004
        0.233333333333333        0.833333333333333      -15.364286728611084      -15.364286728611079        0.000000000000005
        0.266666666666667        0.866666666666667      -26.611725236010618      -26.611725236010609        0.000000000000009
        0.200000000000000        0.900000000000000        0.000000000000003        0.000000000000000        0.000000000000003
        0.233333333333333        0.933333333333333       -7.953140039560910       -7.953140039560902        0.000000000000008
        0.266666666666667        0.966666666666667       -7.953140039560916       -7.953140039560908        0.000000000000009
        0.200000000000000        1.000000000000000        0.000000000000000        0.000000000000000        0.000000000000000
        0.233333333333333        1.033333333333333        4.116848221211551        4.116848221211546        0.000000000000005
        0.266666666666667        1.066666666666667       15.364286728611077       15.364286728611064        0.000000000000013
        0.300000000000000        0.000000000000000      -43.456765335581501      -43.456765335581519        0.000000000000018
        0.333333333333333        0.033333333333333      -51.409905375142411      -51.409905375142431        0.000000000000020
        0.366666666666667        0.066666666666667      -51.409905375142413      -51.409905375142415        0.000000000000002
        0.300000000000000        0.100000000000000      -30.728573457222173      -30.728573457222157        0.000000000000016
        0.333333333333333        0.133333333333333      -26.611725236010618      -26.611725236010596        0.000000000000022
        0.366666666666667        0.166666666666667      -15.364286728611090      -15.364286728611073        0.000000000000017
        0.300000000000000        0.200000000000000       -0.000000000000003       -0.000000000000000        0.000000000000003
        0.333333333333333        0.233333333333333       13.775242628229840       13.775242628229833        0.000000000000007
        0.366666666666667        0.266666666666667       29.681522707351656       29.681522707351646        0.000000000000010
        0.300000000000000        0.300000000000000       30.728573457222169       30.728573457222161        0.000000000000009
        0.333333333333333        0.333333333333333       46.092860185833257       46.092860185833253        0.000000000000004
        0.366666666666667        0.366666666666667       57.340298693232790       57.340298693232787        0.000000000000002
        0.300000000000000        0.400000000000000       43.456765335581501       43.456765335581494        0.000000000000007
        0.333333333333333        0.433333333333333       51.409905375142413       51.409905375142411        0.000000000000002
        0.366666666666667        0.466666666666667       51.409905375142417       51.409905375142421        0.000000000000004
        0.300000000000000        0.500000000000000       30.728573457222177       30.728573457222180        0.000000000000003
        0.333333333333333        0.533333333333333       26.611725236010624       26.611725236010633        0.000000000000009
        0.366666666666667        0.566666666666667       15.364286728611097       15.364286728611103        0.000000000000006
        0.300000000000000        0.600000000000000        0.000000000000008        0.000000000000007        0.000000000000001
        0.333333333333333        0.633333333333333      -13.775242628229833      -13.775242628229839        0.000000000000006
        0.366666666666667        0.666666666666667      -29.681522707351650      -29.681522707351656        0.000000000000006
        0.300000000000000        0.700000000000000      -30.728573457222166      -30.728573457222164        0.000000000000001
        0.333333333333333        0.733333333333333      -46.092860185833254      -46.092860185833254        0.000000000000000
        0.366666666666667        0.766666666666667      -57.340298693232788      -57.340298693232791        0.000000000000003
        0.300000000000000        0.800000000000000      -43.456765335581501      -43.456765335581500        0.000000000000001
        0.333333333333333        0.833333333333333      -51.409905375142414      -51.409905375142417        0.000000000000003
        0.366666666666667        0.866666666666667      -51.409905375142420      -51.409905375142418        0.000000000000002
        0.300000000000000        0.900000000000000      -30.728573457222181      -30.728573457222168        0.000000000000012
        0.333333333333333        0.933333333333333      -26.611725236010630      -26.611725236010614        0.000000000000015
        0.366666666666667        0.966666666666667      -15.364286728611104      -15.364286728611092        0.000000000000012
        0.300000000000000        1.000000000000000       -0.000000000000013       -0.000000000000013        0.000000000000000
        0.333333333333333        1.033333333333333       13.775242628229827       13.775242628229816        0.000000000000011
        0.366666666666667        1.066666666666667       29.681522707351644       29.681522707351627        0.000000000000016
        0.400000000000000        0.000000000000000      -61.457146914444350      -61.457146914444383        0.000000000000033
        0.433333333333333        0.033333333333333      -57.340298693232795      -57.340298693232820        0.000000000000025
        0.466666666666667        0.066666666666667      -46.092860185833267      -46.092860185833275        0.000000000000008
        0.400000000000000        0.100000000000000      -43.456765335581507      -43.456765335581489        0.000000000000018
        0.433333333333333        0.133333333333333      -29.681522707351664      -29.681522707351641        0.000000000000024
        0.466666666666667        0.166666666666667      -13.775242628229848      -13.775242628229834        0.000000000000014
        0.400000000000000        0.200000000000000       -0.000000000000004       -0.000000000000000        0.000000000000004
        0.433333333333333        0.233333333333333       15.364286728611084       15.364286728611077        0.000000000000007
        0.466666666666667        0.266666666666667       26.611725236010616       26.611725236010611        0.000000000000006
        0.400000000000000        0.300000000000000       43.456765335581501       43.456765335581494        0.000000000000007
        0.433333333333333        0.333333333333333       51.409905375142413       51.409905375142411        0.000000000000002
        0.466666666666667        0.366666666666667       51.409905375142417       51.409905375142421        0.000000000000004
        0.400000000000000        0.400000000000000       61.457146914444350       61.457146914444347        0.000000000000003
        0.433333333333333        0.433333333333333       57.340298693232797       57.340298693232798        0.000000000000001
        0.466666666666667        0.466666666666667       46.092860185833270       46.092860185833280        0.000000000000010
        0.400000000000000        0.500000000000000       43.456765335581512       43.456765335581522        0.000000000000010
        0.433333333333333        0.533333333333333       29.681522707351671       29.681522707351682        0.000000000000011
        0.466666666666667        0.566666666666667       13.775242628229854       13.775242628229861        0.000000000000007
        0.400000000000000        0.600000000000000        0.000000000000011        0.000000000000010        0.000000000000002
        0.433333333333333        0.633333333333333      -15.364286728611077      -15.364286728611084        0.000000000000007
        0.466666666666667        0.666666666666667      -26.611725236010611      -26.611725236010620        0.000000000000009
        0.400000000000000        0.700000000000000      -43.456765335581496      -43.456765335581499        0.000000000000003
        0.433333333333333        0.733333333333333      -51.409905375142409      -51.409905375142412        0.000000000000003
        0.466666666666667        0.766666666666667      -51.409905375142415      -51.409905375142424        0.000000000000009
        0.400000000000000        0.800000000000000      -61.457146914444350      -61.457146914444356        0.000000000000006
        0.433333333333333        0.833333333333333      -57.340298693232799      -57.340298693232805        0.000000000000006
        0.466666666666667        0.866666666666667      -46.092860185833273      -46.092860185833277        0.000000000000004
        0.400000000000000        0.900000000000000      -43.456765335581517      -43.456765335581505        0.000000000000012
        0.433333333333333        0.933333333333333      -29.681522707351677      -29.681522707351661        0.000000000000015
        0.466666666666667        0.966666666666667      -13.775242628229861      -13.775242628229852        0.000000000000009
        0.400000000000000        1.000000000000000       -0.000000000000019       -0.000000000000019        0.000000000000000
        0.433333333333333        1.033333333333333       15.364286728611070       15.364286728611058        0.000000000000011
        0.466666666666667        1.066666666666667       26.611725236010605       26.611725236010594        0.000000000000011
        0.500000000000000        0.000000000000000      -43.456765335581512      -43.456765335581547        0.000000000000035
        0.533333333333333        0.033333333333333      -29.681522707351670      -29.681522707351693        0.000000000000024
        0.566666666666667        0.066666666666667      -13.775242628229853      -13.775242628229860        0.000000000000006
        0.500000000000000        0.100000000000000      -30.728573457222181      -30.728573457222176        0.000000000000004
        0.533333333333333        0.133333333333333      -15.364286728611093      -15.364286728611086        0.000000000000007
        0.566666666666667        0.166666666666667       -4.116848221211561       -4.116848221211558        0.000000000000003
        0.500000000000000        0.200000000000000       -0.000000000000003       -0.000000000000000        0.000000000000003
        0.533333333333333        0.233333333333333        7.953140039560909        7.953140039560908        0.000000000000001
        0.566666666666667        0.266666666666667        7.953140039560913        7.953140039560913        0.000000000000001
        0.500000000000000        0.300000000000000       30.728573457222177       30.728573457222180        0.000000000000003
        0.533333333333333        0.333333333333333       26.611725236010624       26.611725236010633        0.000000000000009
        0.566666666666667        0.366666666666667       15.364286728611097       15.364286728611103        0.000000000000006
        0.500000000000000        0.400000000000000       43.456765335581512       43.456765335581522        0.000000000000010
        0.533333333333333        0.433333333333333       29.681522707351671       29.681522707351682        0.000000000000011
        0.566666666666667        0.466666666666667       13.775242628229854       13.775242628229861        0.000000000000007
        0.500000000000000        0.500000000000000       30.728573457222184       30.728573457222200        0.000000000000015
        0.533333333333333        0.533333333333333       15.364286728611096       15.364286728611108        0.000000000000011
        0.566666666666667        0.566666666666667        4.116848221211562        4.116848221211566        0.000000000000003
        0.500000000000000        0.600000000000000        0.000000000000008        0.000000000000007        0.000000000000001
        0.533333333333333        0.633333333333333       -7.953140039560905       -7.953140039560911        0.000000000000007
        0.566666666666667        0.666666666666667       -7.953140039560911       -7.953140039560916        0.000000000000005
        0.500000000000000        0.700000000000000      -30.728573457222173      -30.728573457222184        0.000000000000011
        0.533333333333333        0.733333333333333      -26.611725236010622      -26.611725236010633        0.000000000000011
        0.566666666666667        0.766666666666667      -15.364286728611097      -15.364286728611104        0.000000000000007
        0.500000000000000        0.800000000000000      -43.456765335581512      -43.456765335581528        0.000000000000016
        0.533333333333333        0.833333333333333      -29.681522707351672      -29.681522707351686        0.000000000000014
        0.566666666666667        0.866666666666667      -13.775242628229855      -13.775242628229860        0.000000000000005
        0.500000000000000        0.900000000000000      -30.728573457222188      -30.728573457222188        0.000000000000000
        0.533333333333333        0.933333333333333      -15.364286728611099      -15.364286728611097        0.000000000000002
        0.566666666666667        0.966666666666667       -4.116848221211564       -4.116848221211563        0.000000000000001
        0.500000000000000        1.000000000000000       -0.000000000000013       -0.000000000000013        0.000000000000000
        0.533333333333333        1.033333333333333        7.953140039560901        7.953140039560898        0.000000000000003
        0.566666666666667        1.066666666666667        7.953140039560909        7.953140039560908        0.000000000000001
        0.600000000000000        0.000000000000000       -0.000000000000011       -0.000000000000010        0.000000000000002
        0.633333333333333        0.033333333333333       15.364286728611076       15.364286728611090        0.000000000000013
        0.666666666666667        0.066666666666667       26.611725236010609       26.611725236010617        0.000000000000008
        0.600000000000000        0.100000000000000       -0.000000000000008       -0.000000000000007        0.000000000000001
        0.633333333333333        0.133333333333333        7.953140039560903        7.953140039560900        0.000000000000003
        0.666666666666667        0.166666666666667        7.953140039560907        7.953140039560900        0.000000000000007
        0.600000000000000        0.200000000000000       -0.000000000000000       -0.000000000000000        0.000000000000000
        0.633333333333333        0.233333333333333       -4.116848221211553       -4.116848221211553        0.000000000000000
        0.666666666666667        0.266666666666667      -15.364286728611080      -15.364286728611079        0.000000000000001
        0.600000000000000        0.300000000000000        0.000000000000008        0.000000000000007        0.000000000000001
        0.633333333333333        0.333333333333333      -13.775242628229833      -13.775242628229839        0.000000000000006
        0.666666666666667        0.366666666666667      -29.681522707351650      -29.681522707351656        0.000000000000006
        0.600000000000000        0.400000000000000        0.000000000000011        0.000000000000010        0.000000000000002
        0.633333333333333        0.433333333333333      -15.364286728611077      -15.364286728611084        0.000000000000007
        0.666666666666667        0.466666666666667      -26.611725236010611      -26.611725236010620        0.000000000000009
        0.600000000000000        0.500000000000000        0.000000000000008        0.000000000000007        0.000000000000001
        0.633333333333333        0.533333333333333       -7.953140039560905       -7.953140039560911        0.000000000000007
        0.666666666666667        0.566666666666667       -7.953140039560911       -7.953140039560916        0.000000000000005
        0.600000000000000        0.600000000000000        0.000000000000000        0.000000000000000        0.000000000000000
        0.633333333333333        0.633333333333333        4.116848221211551        4.116848221211555        0.000000000000004
        0.666666666666667        0.666666666666667       15.364286728611077       15.364286728611084        0.000000000000007
        0.600000000000000        0.700000000000000       -0.000000000000008       -0.000000000000007        0.000000000000001
        0.633333333333333        0.733333333333333       13.775242628229833       13.775242628229839        0.000000000000007
        0.666666666666667        0.766666666666667       29.681522707351649       29.681522707351658        0.000000000000009
        0.600000000000000        0.800000000000000       -0.000000000000011       -0.000000000000010        0.000000000000002
        0.633333333333333        0.833333333333333       15.364286728611077       15.364286728611086        0.000000000000008
        0.666666666666667        0.866666666666667       26.611725236010613       26.611725236010618        0.000000000000006
        0.600000000000000        0.900000000000000       -0.000000000000008       -0.000000000000007        0.000000000000001
        0.633333333333333        0.933333333333333        7.953140039560907        7.953140039560906        0.000000000000001
        0.666666666666667        0.966666666666667        7.953140039560914        7.953140039560910        0.000000000000004
        0.600000000000000        1.000000000000000       -0.000000000000000       -0.000000000000000        0.000000000000000
        0.633333333333333        1.033333333333333       -4.116848221211549       -4.116848221211548        0.000000000000001
        0.666666666666667        1.066666666666667      -15.364286728611073      -15.364286728611069        0.000000000000005
        0.700000000000000        0.000000000000000       43.456765335581496       43.456765335581525        0.000000000000029
        0.733333333333333        0.033333333333333       51.409905375142407       51.409905375142432        0.000000000000024
        0.766666666666667        0.066666666666667       51.409905375142411       51.409905375142418        0.000000000000007
        0.700000000000000        0.100000000000000       30.728573457222169       30.728573457222160        0.000000000000009
        0.733333333333333        0.133333333333333       26.611725236010616       26.611725236010596        0.000000000000020
        0.766666666666667        0.166666666666667       15.364286728611089       15.364286728611074        0.000000000000016
        0.700000000000000        0.200000000000000        0.000000000000003        0.000000000000000        0.000000000000003
        0.733333333333333        0.233333333333333      -13.775242628229839      -13.775242628229833        0.000000000000006
        0.766666666666667        0.266666666666667      -29.681522707351655      -29.681522707351648        0.000000000000007
        0.700000000000000        0.300000000000000      -30.728573457222166      -30.728573457222164        0.000000000000001
        0.733333333333333        0.333333333333333      -46.092860185833254      -46.092860185833254        0.000000000000000
        0.766666666666667        0.366666666666667      -57.340298693232788      -57.340298693232791        0.000000000000003
        0.700000000000000        0.400000000000000      -43.456765335581496      -43.456765335581499        0.000000000000003
        0.733333333333333        0.433333333333333      -51.409905375142409      -51.409905375142412        0.000000000000003
        0.766666666666667        0.466666666666667      -51.409905375142415      -51.409905375142424        0.000000000000009
        0.700000000000000        0.500000000000000      -30.728573457222173      -30.728573457222184        0.000000000000011
        0.733333333333333        0.533333333333333      -26.611725236010622      -26.611725236010633        0.000000000000011
        0.766666666666667        0.566666666666667      -15.364286728611097      -15.364286728611104        0.000000000000007
        0.700000000000000        0.600000000000000       -0.000000000000008       -0.000000000000007        0.000000000000001
        0.733333333333333        0.633333333333333       13.775242628229833       13.775242628229839        0.000000000000007
        0.766666666666667        0.666666666666667       29.681522707351649       29.681522707351658        0.000000000000009
        0.700000000000000        0.700000000000000       30.728573457222162       30.728573457222168        0.000000000000006
        0.733333333333333        0.733333333333333       46.092860185833251       46.092860185833255        0.000000000000005
        0.766666666666667        0.766666666666667       57.340298693232786       57.340298693232794        0.000000000000009
        0.700000000000000        0.800000000000000       43.456765335581496       43.456765335581505        0.000000000000009
        0.733333333333333        0.833333333333333       51.409905375142411       51.409905375142418        0.000000000000008
        0.766666666666667        0.866666666666667       51.409905375142419       51.409905375142421        0.000000000000003
        0.700000000000000        0.900000000000000       30.728573457222177       30.728573457222172        0.000000000000005
        0.733333333333333        0.933333333333333       26.611725236010628       26.611725236010615        0.000000000000013
        0.766666666666667        0.966666666666667       15.364286728611104       15.364286728611093        0.000000000000010
        0.700000000000000        1.000000000000000        0.000000000000013        0.000000000000013        0.000000000000000
        0.733333333333333        1.033333333333333      -13.775242628229826      -13.775242628229816        0.000000000000010
        0.766666666666667        1.066666666666667      -29.681522707351643      -29.681522707351629        0.000000000000014
        0.800000000000000        0.000000000000000       61.457146914444350       61.457146914444392        0.000000000000042
        0.833333333333333        0.033333333333333       57.340298693232797       57.340298693232827        0.000000000000030
        0.866666666666667        0.066666666666667       46.092860185833270       46.092860185833272        0.000000000000002
        0.800000000000000        0.100000000000000       43.456765335581507       43.456765335581495        0.000000000000012
        0.833333333333333        0.133333333333333       29.681522707351665       29.681522707351645        0.000000000000021
        0.866666666666667        0.166666666666667       13.775242628229849       13.775242628229833        0.000000000000016
        0.800000000000000        0.200000000000000        0.000000000000004        0.000000000000000        0.000000000000004
        0.833333333333333        0.233333333333333      -15.364286728611084      -15.364286728611079        0.000000000000005
        0.866666666666667        0.266666666666667      -26.611725236010618      -26.611725236010609        0.000000000000009
        0.800000000000000        0.300000000000000      -43.456765335581501      -43.456765335581500        0.000000000000001
        0.833333333333333        0.333333333333333      -51.409905375142414      -51.409905375142417        0.000000000000003
        0.866666666666667        0.366666666666667      -51.409905375142420      -51.409905375142418        0.000000000000002
        0.800000000000000        0.400000000000000      -61.457146914444350      -61.457146914444356        0.000000000000006
        0.833333333333333        0.433333333333333      -57.340298693232799      -57.340298693232805        0.000000000000006
        0.866666666666667        0.466666666666667      -46.092860185833273      -46.092860185833277        0.000000000000004
        0.800000000000000        0.500000000000000      -43.456765335581512      -43.456765335581528        0.000000000000016
        0.833333333333333        0.533333333333333      -29.681522707351672      -29.681522707351686        0.000000000000014
        0.866666666666667        0.566666666666667      -13.775242628229855      -13.775242628229860        0.000000000000005
        0.800000000000000        0.600000000000000       -0.000000000000011       -0.000000000000010        0.000000000000002
        0.833333333333333        0.633333333333333       15.364286728611077       15.364286728611086        0.000000000000008
        0.866666666666667        0.666666666666667       26.611725236010613       26.611725236010618        0.000000000000006
        0.800000000000000        0.700000000000000       43.456765335581496       43.456765335581505        0.000000000000009
        0.833333333333333        0.733333333333333       51.409905375142411       51.409905375142418        0.000000000000008
        0.866666666666667        0.766666666666667       51.409905375142419       51.409905375142421        0.000000000000003
        0.800000000000000        0.800000000000000       61.457146914444350       61.457146914444365        0.000000000000015
        0.833333333333333        0.833333333333333       57.340298693232801       57.340298693232813        0.000000000000012
        0.866666666666667        0.866666666666667       46.092860185833277       46.092860185833274        0.000000000000002
        0.800000000000000        0.900000000000000       43.456765335581517       43.456765335581511        0.000000000000006
        0.833333333333333        0.933333333333333       29.681522707351678       29.681522707351665        0.000000000000013
        0.866666666666667        0.966666666666667       13.775242628229862       13.775242628229851        0.000000000000011
        0.800000000000000        1.000000000000000        0.000000000000019        0.000000000000019        0.000000000000000
        0.833333333333333        1.033333333333333      -15.364286728611070      -15.364286728611060        0.000000000000010
        0.866666666666667        1.066666666666667      -26.611725236010607      -26.611725236010592        0.000000000000015
        0.900000000000000        0.000000000000000       43.456765335581517       43.456765335581531        0.000000000000013
        0.933333333333333        0.033333333333333       29.681522707351676       29.681522707351673        0.000000000000003
        0.966666666666667        0.066666666666667       13.775242628229860       13.775242628229850        0.000000000000009
        0.900000000000000        0.100000000000000       30.728573457222184       30.728573457222165        0.000000000000020
        0.933333333333333        0.133333333333333       15.364286728611096       15.364286728611076        0.000000000000020
        0.966666666666667        0.166666666666667        4.116848221211562        4.116848221211555        0.000000000000008
        0.900000000000000        0.200000000000000        0.000000000000003        0.000000000000000        0.000000000000003
        0.933333333333333        0.233333333333333       -7.953140039560910       -7.953140039560902        0.000000000000008
        0.966666666666667        0.266666666666667       -7.953140039560916       -7.953140039560908        0.000000000000009
        0.900000000000000        0.300000000000000      -30.728573457222181      -30.728573457222168        0.000000000000012
        0.933333333333333        0.333333333333333      -26.611725236010630      -26.611725236010614        0.000000000000015
        0.966666666666667        0.366666666666667      -15.364286728611104      -15.364286728611092        0.000000000000012
        0.900000000000000        0.400000000000000      -43.456765335581517      -43.456765335581505        0.000000000000012
        0.933333333333333        0.433333333333333      -29.681522707351677      -29.681522707351661        0.000000000000015
        0.966666666666667        0.466666666666667      -13.775242628229861      -13.775242628229852        0.000000000000009
        0.900000000000000        0.500000000000000      -30.728573457222188      -30.728573457222188        0.000000000000000
        0.933333333333333        0.533333333333333      -15.364286728611099      -15.364286728611097        0.000000000000002
        0.966666666666667        0.566666666666667       -4.116848221211564       -4.116848221211563        0.000000000000001
        0.900000000000000        0.600000000000000       -0.000000000000008       -0.000000000000007        0.000000000000001
        0.933333333333333        0.633333333333333        7.953140039560907        7.953140039560906        0.000000000000001
        0.966666666666667        0.666666666666667        7.953140039560914        7.953140039560910        0.000000000000004
        0.900000000000000        0.700000000000000       30.728573457222177       30.728573457222172        0.000000000000005
        0.933333333333333        0.733333333333333       26.611725236010628       26.611725236010615        0.000000000000013
        0.966666666666667        0.766666666666667       15.364286728611104       15.364286728611093        0.000000000000010
        0.900000000000000        0.800000000000000       43.456765335581517       43.456765335581511        0.000000000000006
        0.933333333333333        0.833333333333333       29.681522707351678       29.681522707351665        0.000000000000013
        0.966666666666667        0.866666666666667       13.775242628229862       13.775242628229851        0.000000000000011
        0.900000000000000        0.900000000000000       30.728573457222192       30.728573457222176        0.000000000000016
        0.933333333333333        0.933333333333333       15.364286728611103       15.364286728611086        0.000000000000016
        0.966666666666667        0.966666666666667        4.116848221211566        4.116848221211560        0.000000000000006
        0.900000000000000        1.000000000000000        0.000000000000013        0.000000000000013        0.000000000000000
        0.933333333333333        1.033333333333333       -7.953140039560903       -7.953140039560893        0.000000000000010
        0.966666666666667        1.066666666666667       -7.953140039560913       -7.953140039560903        0.000000000000010
        1.000000000000000        0.000000000000000        0.000000000000019        0.000000000000019        0.000000000000000
        1.033333333333333        0.033333333333333      -15.364286728611069      -15.364286728611064        0.000000000000005
        1.066666666666667        0.066666666666667      -26.611725236010603      -26.611725236010591        0.000000000000012
        1.000000000000000        0.100000000000000        0.000000000000013        0.000000000000013        0.000000000000000
        1.033333333333333        0.133333333333333       -7.953140039560900       -7.953140039560887        0.000000000000012
        1.066666666666667        0.166666666666667       -7.953140039560905       -7.953140039560892        0.000000000000013
        1.000000000000000        0.200000000000000        0.000000000000000        0.000000000000000        0.000000000000000
        1.033333333333333        0.233333333333333        4.116848221211551        4.116848221211546        0.000000000000005
        1.066666666666667        0.266666666666667       15.364286728611077       15.364286728611064        0.000000000000013
        1.000000000000000        0.300000000000000       -0.000000000000013       -0.000000000000013        0.000000000000000
        1.033333333333333        0.333333333333333       13.775242628229827       13.775242628229816        0.000000000000011
        1.066666666666667        0.366666666666667       29.681522707351644       29.681522707351627        0.000000000000016
        1.000000000000000        0.400000000000000       -0.000000000000019       -0.000000000000019        0.000000000000000
        1.033333333333333        0.433333333333333       15.364286728611070       15.364286728611058        0.000000000000011
        1.066666666666667        0.466666666666667       26.611725236010605       26.611725236010594        0.000000000000011
        1.000000000000000        0.500000000000000       -0.000000000000013       -0.000000000000013        0.000000000000000
        1.033333333333333        0.533333333333333        7.953140039560901        7.953140039560898        0.000000000000003
        1.066666666666667        0.566666666666667        7.953140039560909        7.953140039560908        0.000000000000001
        1.000000000000000        0.600000000000000       -0.000000000000000       -0.000000000000000        0.000000000000000
        1.033333333333333        0.633333333333333       -4.116848221211549       -4.116848221211548        0.000000000000001
        1.066666666666667        0.666666666666667      -15.364286728611073      -15.364286728611069        0.000000000000005
        1.000000000000000        0.700000000000000        0.000000000000013        0.000000000000013        0.000000000000000
        1.033333333333333        0.733333333333333      -13.775242628229826      -13.775242628229816        0.000000000000010
        1.066666666666667        0.766666666666667      -29.681522707351643      -29.681522707351629        0.000000000000014
        1.000000000000000        0.800000000000000        0.000000000000019        0.000000000000019        0.000000000000000
        1.033333333333333        0.833333333333333      -15.364286728611070      -15.364286728611060        0.000000000000010
        1.066666666666667        0.866666666666667      -26.611725236010607      -26.611725236010592        0.000000000000015
        1.000000000000000        0.900000000000000        0.000000000000013        0.000000000000013        0.000000000000000
        1.033333333333333        0.933333333333333       -7.953140039560903       -7.953140039560893        0.000000000000010
        1.066666666666667        0.966666666666667       -7.953140039560913       -7.953140039560903        0.000000000000010
        1.000000000000000        1.000000000000000        0.000000000000000        0.000000000000000        0.000000000000000
        1.033333333333333        1.033333333333333        4.116848221211547        4.116848221211541        0.000000000000006
        1.066666666666667        1.066666666666667       15.364286728611070       15.364286728611054        0.000000000000016
