        0.000000000000000        0.000000000000000       46.302958500072379       46.302958500072431        0.000000000000052
        0.033333333333333        0.033333333333333       43.201248415755833       43.201248415755870        0.000000000000037
        0.066666666666667        0.066666666666667       34.727218875054285       34.727218875054289        0.000000000000005
        0.000000000000000        0.100000000000000       32.741135944400471       32.741135944400477        0.000000000000006
        0.033333333333333        0.133333333333333       22.362611724405427       22.362611724405418        0.000000000000008
        0.066666666666667        0.166666666666667       10.378524219995047       10.378524219995036        0.000000000000011
        0.000000000000000        0.200000000000000        0.000000000000003        0.000000000000000        0.000000000000003
        0.033333333333333        0.233333333333333      -11.575739625018092      -11.575739625018091        0.000000000000000
        0.066666666666667        0.266666666666667      -20.049769165719641      -20.049769165719636        0.000000000000005
        0.000000000000000        0.300000000000000      -32.741135944400467      -32.741135944400481        0.000000000000014
        0.033333333333333        0.333333333333333      -38.733179696605658      -38.733179696605673        0.000000000000015
        0.066666666666667        0.366666666666667      -38.733179696605660      -38.733179696605661        0.000000000000002
        0.000000000000000        0.400000000000000      -46.302958500072379      -46.302958500072404        0.000000000000025
        0.033333333333333        0.433333333333333      -43.201248415755835      -43.201248415755853        0.000000000000019
        0.066666666666667        0.466666666666667      -34.727218875054287      -34.727218875054293        0.000000000000006
        0.000000000000000        0.500000000000000      -32.741135944400475      -32.741135944400502        0.000000000000026
        0.033333333333333        0.533333333333333      -22.362611724405432      -22.362611724405449        0.000000000000018
        0.066666666666667        0.566666666666667      -10.378524219995052      -10.378524219995057        0.000000000000005
        0.000000000000000        0.600000000000000       -0.000000000000009       -0.000000000000007        0.000000000000001
        0.033333333333333        0.633333333333333       11.575739625018086       11.575739625018096        0.000000000000010
        0.066666666666667        0.666666666666667       20.049769165719637       20.049769165719643        0.000000000000006
        0.000000000000000        0.700000000000000       32.741135944400463       32.741135944400485        0.000000000000021
        0.033333333333333        0.733333333333333       38.733179696605655       38.733179696605674        0.000000000000018
        0.066666666666667        0.766666666666667       38.733179696605658       38.733179696605664        0.000000000000005
        0.000000000000000        0.800000000000000       46.302958500072379       46.302958500072410        0.000000000000031
        0.033333333333333        0.833333333333333       43.201248415755836       43.201248415755859        0.000000000000023
        0.066666666666667        0.866666666666667       34.727218875054290       34.727218875054291        0.000000000000001
        0.000000000000000        0.900000000000000       32.741135944400479       32.741135944400489        0.000000000000010
        0.033333333333333        0.933333333333333       22.362611724405436       22.362611724405434        0.000000000000002
        0.066666666666667        0.966666666666667       10.378524219995057       10.378524219995050        0.000000000000007
        0.000000000000000        1.000000000000000        0.000000000000014        0.000000000000014        0.000000000000000
        0.033333333333333        1.033333333333333      -11.575739625018081      -11.575739625018077        0.000000000000004
        0.066666666666667        1.066666666666667      -20.049769165719633      -20.049769165719623        0.000000000000009
        0.100000000000000        0.000000000000000       32.741135944400471       32.741135944400477        0.000000000000006
        0.133333333333333        0.033333333333333       22.362611724405427       22.362611724405418        0.000000000000008
        0.166666666666667        0.066666666666667       10.378524219995047       10.378524219995036        0.000000000000011
        0.100000000000000        0.100000000000000       23.151479250036191       23.151479250036173        0.000000000000018
        0.133333333333333        0.133333333333333       11.575739625018096       11.575739625018078        0.000000000000019
        0.166666666666667        0.166666666666667        3.101710084316547        3.101710084316540        0.000000000000007
        0.100000000000000        0.200000000000000        0.000000000000002        0.000000000000000        0.000000000000002
        0.133333333333333        0.233333333333333       -5.992043752205189       -5.992043752205181        0.000000000000008
        0.166666666666667        0.266666666666667       -5.992043752205190       -5.992043752205182        0.000000000000009
        0.100000000000000        0.300000000000000      -23.151479250036188      -23.151479250036176        0.000000000000012
        0.133333333333333        0.333333333333333      -20.049769165719644      -20.049769165719627        0.000000000000017
        0.166666666666667        0.366666666666667      -11.575739625018097      -11.575739625018084        0.000000000000013
        0.100000000000000        0.400000000000000      -32.741135944400471      -32.741135944400458        0.000000000000014
        0.133333333333333        0.433333333333333      -22.362611724405428      -22.362611724405410        0.000000000000018
        0.166666666666667        0.466666666666667      -10.378524219995048      -10.378524219995038        0.000000000000010
        0.100000000000000        0.500000000000000      -23.151479250036194      -23.151479250036190        0.000000000000003
        0.133333333333333        0.533333333333333      -11.575739625018099      -11.575739625018094        0.000000000000005
        0.166666666666667        0.566666666666667       -3.101710084316548       -3.101710084316546        0.000000000000002
        0.100000000000000        0.600000000000000       -0.000000000000006       -0.000000000000005        0.000000000000001
        0.133333333333333        0.633333333333333        5.992043752205186        5.992043752205184        0.000000000000002
        0.166666666666667        0.666666666666667        5.992043752205189        5.992043752205184        0.000000000000005
        0.100000000000000        0.700000000000000       23.151479250036185       23.151479250036178        0.000000000000007
        0.133333333333333        0.733333333333333       20.049769165719643       20.049769165719628        0.000000000000015
        0.166666666666667        0.766666666666667       11.575739625018096       11.575739625018084        0.000000000000012
        0.100000000000000        0.800000000000000       32.741135944400471       32.741135944400462        0.000000000000009
        0.133333333333333        0.833333333333333       22.362611724405428       22.362611724405413        0.000000000000016
        0.166666666666667        0.866666666666667       10.378524219995049       10.378524219995037        0.000000000000012
        0.100000000000000        0.900000000000000       23.151479250036196       23.151479250036182        0.000000000000015
        0.133333333333333        0.933333333333333       11.575739625018101       11.575739625018086        0.000000000000015
        0.166666666666667        0.966666666666667        3.101710084316550        3.101710084316544        0.000000000000006
        0.100000000000000        1.000000000000000        0.000000000000010        0.000000000000010        0.000000000000000
        0.133333333333333        1.033333333333333       -5.992043752205183       -5.992043752205174        0.000000000000009
        0.166666666666667        1.066666666666667       -5.992043752205188       -5.992043752205178        0.000000000000010
        0.200000000000000        0.000000000000000        0.000000000000003        0.000000000000000        0.000000000000003
        0.233333333333333        0.033333333333333      -11.575739625018092      -11.575739625018091        0.000000000000000
        0.266666666666667        0.066666666666667      -20.049769165719641      -20.049769165719636        0.000000000000005
        0.200000000000000        0.100000000000000        0.000000000000002        0.000000000000000        0.000000000000002
        0.233333333333333        0.133333333333333       -5.992043752205189       -5.992043752205181        0.000000000000008
        0.266666666666667        0.166666666666667       -5.992043752205190       -5.992043752205182        0.000000000000009
        0.200000000000000        0.200000000000000        0.000000000000000        0.000000000000000        0.000000000000000
        0.233333333333333        0.233333333333333        3.101710084316544        3.101710084316541        0.000000000000003
        0.266666666666667        0.266666666666667       11.575739625018091       11.575739625018084        0.000000000000007
        0.200000000000000        0.300000000000000       -0.000000000000002       -0.000000000000000        0.000000000000002
        0.233333333333333        0.333333333333333       10.378524219995042       10.378524219995037        0.000000000000005
        0.266666666666667        0.366666666666667       22.362611724405421       22.362611724405414        0.000000000000008
        0.200000000000000        0.400000000000000       -0.000000000000003       -0.000000000000000        0.000000000000003
        0.233333333333333        0.433333333333333       11.575739625018092       11.575739625018087        0.000000000000005
        0.266666666666667        0.466666666666667       20.049769165719643       20.049769165719638        0.000000000000004
        0.200000000000000        0.500000000000000       -0.000000000000002       -0.000000000000000        0.000000000000002
        0.233333333333333        0.533333333333333        5.992043752205190        5.992043752205190        0.000000000000000
        0.266666666666667        0.566666666666667        5.992043752205193        5.992043752205194        0.000000000000000
        0.200000000000000        0.600000000000000       -0.000000000000000       -0.000000000000000        0.000000000000000
        0.233333333333333        0.633333333333333       -3.101710084316543       -3.101710084316543        0.000000000000000
        0.266666666666667        0.666666666666667      -11.575739625018089      -11.575739625018088        0.000000000000001
        0.200000000000000        0.700000000000000        0.000000000000002        0.000000000000000        0.000000000000002
        0.233333333333333        0.733333333333333      -10.378524219995041      -10.378524219995037        0.000000000000004
        0.266666666666667        0.766666666666667      -22.362611724405421      -22.362611724405415        0.000000000000005
        0.200000000000000        0.800000000000000        0.000000000000003        0.000000000000000        0.000000000000003
        0.233333333333333        0.833333333333333      -11.575739625018092      -11.575739625018088        0.000000000000004
        0.266666666666667        0.866666666666667      -20.049769165719644      -20.049769165719637        0.000000000000007
        0.200000000000000        0.900000000000000        0.000000000000002        0.000000000000000        0.000000000000002
        0.233333333333333        0.933333333333333       -5.992043752205191       -5.992043752205186        0.000000000000006
        0.266666666666667        0.966666666666667       -5.992043752205196       -5.992043752205189        0.000000000000006
        0.200000000000000        1.000000000000000        0.000000000000000        0.000000000000000        0.000000000000000
        0.233333333333333        1.033333333333333        3.101710084316541        3.101710084316537        0.000000000000004
        0.266666666666667        1.066666666666667       11.575739625018087       11.575739625018077        0.000000000000010
        0.300000000000000        0.000000000000000      -32.741135944400467      -32.741135944400481        0.000000000000014
        0.333333333333333        0.033333333333333      -38.733179696605658      -38.733179696605673        0.000000000000015
        0.366666666666667        0.066666666666667      -38.733179696605660      -38.733179696605661        0.000000000000002
        0.300000000000000        0.100000000000000      -23.151479250036188      -23.151479250036176        0.000000000000012
        0.333333333333333        0.133333333333333      -20.049769165719644      -20.049769165719627        0.000000000000017
        0.366666666666667        0.166666666666667      -11.575739625018097      -11.575739625018084        0.000000000000013
        0.300000000000000        0.200000000000000       -0.000000000000002       -0.000000000000000        0.000000000000002
        0.333333333333333        0.233333333333333       10.378524219995042       10.378524219995037        0.000000000000005
        0.366666666666667        0.266666666666667       22.362611724405421       22.362611724405414        0.000000000000008
        0.300000000000000        0.300000000000000       23.151479250036185       23.151479250036179        0.000000000000007
        0.333333333333333        0.333333333333333       34.727218875054280       34.727218875054277        0.000000000000003
        0.366666666666667        0.366666666666667       43.201248415755831       43.201248415755829        0.000000000000002
        0.300000000000000        0.400000000000000       32.741135944400467       32.741135944400462        0.000000000000005
        0.333333333333333        0.433333333333333       38.733179696605659       38.733179696605658        0.000000000000001
        0.366666666666667        0.466666666666667       38.733179696605662       38.733179696605666        0.000000000000003
        0.300000000000000        0.500000000000000       23.151479250036191       23.151479250036193        0.000000000000002
        0.333333333333333        0.533333333333333       20.049769165719648       20.049769165719655        0.000000000000007
        0.366666666666667        0.566666666666667       11.575739625018102       11.575739625018106        0.000000000000004
        0.300000000000000        0.600000000000000        0.000000000000006        0.000000000000005        0.000000000000001
        0.333333333333333        0.633333333333333      -10.378524219995037      -10.378524219995041        0.000000000000004
        0.366666666666667        0.666666666666667      -22.362611724405417      -22.362611724405421        0.000000000000005
        0.300000000000000        0.700000000000000      -23.151479250036182      -23.151479250036181        0.000000000000001
        0.333333333333333        0.733333333333333      -34.727218875054278      -34.727218875054278        0.000000000000000
        0.366666666666667        0.766666666666667      -43.201248415755829      -43.201248415755832        0.000000000000002
        0.300000000000000        0.800000000000000      -32.741135944400467      -32.741135944400466        0.000000000000001
        0.333333333333333        0.833333333333333      -38.733179696605661      -38.733179696605663        0.000000000000002
        0.366666666666667        0.866666666666667      -38.733179696605665      -38.733179696605663        0.000000000000002
        0.300000000000000        0.900000000000000      -23.151479250036194      -23.151479250036184        0.000000000000009
        0.333333333333333        0.933333333333333      -20.049769165719652      -20.049769165719641        0.000000000000012
        0.366666666666667        0.966666666666667      -11.575739625018107      -11.575739625018098        0.000000000000009
        0.300000000000000        1.000000000000000       -0.000000000000010       -0.000000000000010        0.000000000000000
        0.333333333333333        1.033333333333333       10.378524219995032       10.378524219995024        0.000000000000008
        0.366666666666667        1.066666666666667       22.362611724405412       22.362611724405400        0.000000000000012
        0.400000000000000        0.000000000000000      -46.302958500072379      -46.302958500072404        0.000000000000025
        0.433333333333333        0.033333333333333      -43.201248415755835      -43.201248415755853        0.000000000000019
        0.466666666666667        0.066666666666667      -34.727218875054287      -34.727218875054293        0.000000000000006
        0.400000000000000        0.100000000000000      -32.741135944400471      -32.741135944400458        0.000000000000014
        0.433333333333333        0.133333333333333      -22.362611724405428      -22.362611724405410        0.000000000000018
        0.466666666666667        0.166666666666667      -10.378524219995048      -10.378524219995038        0.000000000000010
        0.400000000000000        0.200000000000000       -0.000000000000003       -0.000000000000000        0.000000000000003
        0.433333333333333        0.233333333333333       11.575739625018092       11.575739625018087        0.000000000000005
        0.466666666666667        0.266666666666667       20.049769165719643       20.049769165719638        0.000000000000004
        0.400000000000000        0.300000000000000       32.741135944400467       32.741135944400462        0.000000000000005
        0.433333333333333        0.333333333333333       38.733179696605659       38.733179696605658        0.000000000000001
        0.466666666666667        0.366666666666667       38.733179696605662       38.733179696605666        0.000000000000003
        0.400000000000000        0.400000000000000       46.302958500072379       46.302958500072377        0.000000000000002
        0.433333333333333        0.433333333333333       43.201248415755836       43.201248415755837        0.000000000000001
        0.466666666666667        0.466666666666667       34.727218875054290       34.727218875054297        0.000000000000007
        0.400000000000000        0.500000000000000       32.741135944400475       32.741135944400483        0.000000000000007
        0.433333333333333        0.533333333333333       22.362611724405432       22.362611724405441        0.000000000000009
        0.466666666666667        0.566666666666667       10.378524219995053       10.378524219995058        0.000000000000005
        0.400000000000000        0.600000000000000        0.000000000000009        0.000000000000007        0.000000000000001
        0.433333333333333        0.633333333333333      -11.575739625018087      -11.575739625018092        0.000000000000005
        0.466666666666667        0.666666666666667      -20.049769165719638      -20.049769165719645        0.000000000000007
        0.400000000000000        0.700000000000000      -32.741135944400463      -32.741135944400466        0.000000000000002
        0.433333333333333        0.733333333333333      -38.733179696605657      -38.733179696605659        0.000000000000002
        0.466666666666667        0.766666666666667      -38.733179696605661      -38.733179696605668        0.000000000000007
        0.400000000000000        0.800000000000000      -46.302958500072379      -46.302958500072383        0.000000000000004
        0.433333333333333        0.833333333333333      -43.201248415755838      -43.201248415755842        0.000000000000005
        0.466666666666667        0.866666666666667      -34.727218875054292      -34.727218875054295        0.000000000000003
        0.400000000000000        0.900000000000000      -32.741135944400479      -32.741135944400470        0.000000000000009
        0.433333333333333        0.933333333333333      -22.362611724405437      -22.362611724405425        0.000000000000012
        0.466666666666667        0.966666666666667      -10.378524219995057      -10.378524219995051        0.000000000000007
        0.400000000000000        1.000000000000000       -0.000000000000014       -0.000000000000014        0.000000000000000
        0.433333333333333        1.033333333333333       11.575739625018081       11.575739625018073        0.000000000000009
        0.466666666666667        1.066666666666667       20.049769165719634       20.049769165719626        0.000000000000009
        0.500000000000000        0.000000000000000      -32.741135944400475      -32.741135944400502        0.000000000000026
        0.533333333333333        0.033333333333333      -22.362611724405432      -22.362611724405449        0.000000000000018
        0.566666666666667        0.066666666666667      -10.378524219995052      -10.378524219995057        0.000000000000005
        0.500000000000000        0.100000000000000      -23.151479250036194      -23.151479250036190        0.000000000000003
        0.533333333333333        0.133333333333333      -11.575739625018099      -11.575739625018094        0.000000000000005
        0.566666666666667        0.166666666666667       -3.101710084316548       -3.101710084316546        0.000000000000002
        0.500000000000000        0.200000000000000       -0.000000000000002       -0.000000000000000        0.000000000000002
        0.533333333333333        0.233333333333333        5.992043752205190        5.992043752205190        0.000000000000000
        0.566666666666667        0.266666666666667        5.992043752205193        5.992043752205194        0.000000000000000
        0.500000000000000        0.300000000000000       23.151479250036191       23.151479250036193        0.000000000000002
        0.533333333333333        0.333333333333333       20.049769165719648       20.049769165719655        0.000000000000007
        0.566666666666667        0.366666666666667       11.575739625018102       11.575739625018106        0.000000000000004
        0.500000000000000        0.400000000000000       32.741135944400475       32.741135944400483        0.000000000000007
        0.533333333333333        0.433333333333333       22.362611724405432       22.362611724405441        0.000000000000009
        0.566666666666667        0.466666666666667       10.378524219995053       10.378524219995058        0.000000000000005
        0.500000000000000        0.500000000000000       23.151479250036196       23.151479250036208        0.000000000000012
        0.533333333333333        0.533333333333333       11.575739625018101       11.575739625018110        0.000000000000009
        0.566666666666667        0.566666666666667        3.101710084316550        3.101710084316552        0.000000000000002
        0.500000000000000        0.600000000000000        0.000000000000006        0.000000000000005        0.000000000000001
        0.533333333333333        0.633333333333333       -5.992043752205187       -5.992043752205192        0.000000000000005
        0.566666666666667        0.666666666666667       -5.992043752205192       -5.992043752205196        0.000000000000004
        0.500000000000000        0.700000000000000      -23.151479250036188      -23.151479250036196        0.000000000000008
        0.533333333333333        0.733333333333333      -20.049769165719647      -20.049769165719655        0.000000000000008
        0.566666666666667        0.766666666666667      -11.575739625018101      -11.575739625018107        0.000000000000005
        0.500000000000000        0.800000000000000      -32.741135944400475      -32.741135944400487        0.000000000000012
        0.533333333333333        0.833333333333333      -22.362611724405433      -22.362611724405444        0.000000000000011
        0.566666666666667        0.866666666666667      -10.378524219995053      -10.378524219995057        0.000000000000004
        0.500000000000000        0.900000000000000      -23.151479250036199      -23.151479250036199        0.000000000000000
        0.533333333333333        0.933333333333333      -11.575739625018104      -11.575739625018102        0.000000000000002
        0.566666666666667        0.966666666666667       -3.101710084316551       -3.101710084316550        0.000000000000001
        0.500000000000000        1.000000000000000       -0.000000000000010       -0.000000000000010        0.000000000000000
        0.533333333333333        1.033333333333333        5.992043752205185        5.992043752205182        0.000000000000002
        0.566666666666667        1.066666666666667        5.992043752205191        5.992043752205190        0.000000000000001
        0.600000000000000        0.000000000000000       -0.000000000000009       -0.000000000000007        0.000000000000001
        0.633333333333333        0.033333333333333       11.575739625018086       11.575739625018096        0.000000000000010
        0.666666666666667        0.066666666666667       20.049769165719637       20.049769165719643        0.000000000000006
        0.600000000000000        0.100000000000000       -0.000000000000006       -0.000000000000005        0.000000000000001
        0.633333333333333        0.133333333333333        5.992043752205186        5.992043752205184        0.000000000000002
        0.666666666666667        0.166666666666667        5.992043752205189        5.992043752205184        0.000000000000005
        0.600000000000000        0.200000000000000       -0.000000000000000       -0.000000000000000        0.000000000000000
        0.633333333333333        0.233333333333333       -3.101710084316543       -3.101710084316543        0.000000000000000
        0.666666666666667        0.266666666666667      -11.575739625018089      -11.575739625018088        0.000000000000001
        0.600000000000000        0.300000000000000        0.000000000000006        0.000000000000005        0.000000000000001
        0.633333333333333        0.333333333333333      -10.378524219995037      -10.378524219995041        0.000000000000004
        0.666666666666667        0.366666666666667      -22.362611724405417      -22.362611724405421        0.000000000000005
        0.600000000000000        0.400000000000000        0.000000000000009        0.000000000000007        0.000000000000001
        0.633333333333333        0.433333333333333      -11.575739625018087      -11.575739625018092        0.000000000000005
        0.666666666666667        0.466666666666667      -20.049769165719638      -20.049769165719645        0.000000000000007
        0.600000000000000        0.500000000000000        0.000000000000006        0.000000000000005        0.000000000000001
        0.633333333333333        0.533333333333333       -5.992043752205187       -5.992043752205192        0.000000000000005
        0.666666666666667        0.566666666666667       -5.992043752205192       -5.992043752205196        0.000000000000004
        0.600000000000000        0.600000000000000        0.000000000000000        0.000000000000000        0.000000000000000
        0.633333333333333        0.633333333333333        3.101710084316541        3.101710084316544        0.000000000000003
        0.666666666666667        0.666666666666667       11.575739625018087       11.575739625018092        0.000000000000005
        0.600000000000000        0.700000000000000       -0.000000000000006       -0.000000000000005        0.000000000000001
        0.633333333333333        0.733333333333333       10.378524219995036       10.378524219995041        0.000000000000005
        0.666666666666667        0.766666666666667       22.362611724405416       22.362611724405423        0.000000000000007
        0.600000000000000        0.800000000000000       -0.000000000000009       -0.000000000000007        0.000000000000001
        0.633333333333333        0.833333333333333       11.575739625018087       11.575739625018093        0.000000000000006
        0.666666666666667        0.866666666666667       20.049769165719640       20.049769165719644        0.000000000000004
        0.600000000000000        0.900000000000000       -0.000000000000006       -0.000000000000005        0.000000000000001
        0.633333333333333        0.933333333333333        5.992043752205189        5.992043752205188        0.000000000000001
        0.666666666666667        0.966666666666667        5.992043752205195        5.992043752205191        0.000000000000003
        0.600000000000000        1.000000000000000       -0.000000000000000       -0.000000000000000        0.000000000000000
        0.633333333333333        1.033333333333333       -3.101710084316540       -3.101710084316539        0.000000000000001
        0.666666666666667        1.066666666666667      -11.575739625018084      -11.575739625018081        0.000000000000003
        0.700000000000000        0.000000000000000       32.741135944400463       32.741135944400485        0.000000000000021
        0.733333333333333        0.033333333333333       38.733179696605655       38.733179696605674        0.000000000000018
        0.766666666666667        0.066666666666667       38.733179696605658       38.733179696605664        0.000000000000005
        0.700000000000000        0.100000000000000       23.151479250036185       23.151479250036178        0.000000000000007
        0.733333333333333        0.133333333333333       20.049769165719643       20.049769165719628        0.000000000000015
        0.766666666666667        0.166666666666667       11.575739625018096       11.575739625018084        0.000000000000012
        0.700000000000000        0.200000000000000        0.000000000000002        0.000000000000000        0.000000000000002
        0.733333333333333        0.233333333333333      -10.378524219995041      -10.378524219995037        0.000000000000004
        0.766666666666667        0.266666666666667      -22.362611724405421      -22.362611724405415        0.000000000000005
        0.700000000000000        0.300000000000000      -23.151479250036182      -23.151479250036181        0.000000000000001
        0.733333333333333        0.333333333333333      -34.727218875054278      -34.727218875054278        0.000000000000000
        0.766666666666667        0.366666666666667      -43.201248415755829      -43.201248415755832        0.000000000000002
        0.700000000000000        0.400000000000000      -32.741135944400463      -32.741135944400466        0.000000000000002
        0.733333333333333        0.433333333333333      -38.733179696605657      -38.733179696605659        0.000000000000002
        0.766666666666667        0.466666666666667      -38.733179696605661      -38.733179696605668        0.000000000000007
        0.700000000000000        0.500000000000000      -23.151479250036188      -23.151479250036196        0.000000000000008
        0.733333333333333        0.533333333333333      -20.049769165719647      -20.049769165719655        0.000000000000008
        0.766666666666667        0.566666666666667      -11.575739625018101      -11.575739625018107        0.000000000000005
        0.700000000000000        0.600000000000000       -0.000000000000006       -0.000000000000005        0.000000000000001
        0.733333333333333        0.633333333333333       10.378524219995036       10.378524219995041        0.000000000000005
        0.766666666666667        0.666666666666667       22.362611724405416       22.362611724405423        0.000000000000007
        0.700000000000000        0.700000000000000       23.151479250036179       23.151479250036184        0.000000000000004
        0.733333333333333        0.733333333333333       34.727218875054275       34.727218875054279        0.000000000000003
        0.766666666666667        0.766666666666667       43.201248415755828       43.201248415755834        0.000000000000007
        0.700000000000000        0.800000000000000       32.741135944400463       32.741135944400470        0.000000000000007
        0.733333333333333        0.833333333333333       38.733179696605658       38.733179696605664        0.000000000000006
        0.766666666666667        0.866666666666667       38.733179696605664       38.733179696605666        0.000000000000002
        0.700000000000000        0.900000000000000       23.151479250036191       23.151479250036187        0.000000000000004
        0.733333333333333        0.933333333333333       20.049769165719651       20.049769165719641        0.000000000000010
        0.766666666666667        0.966666666666667       11.575739625018107       11.575739625018099        0.000000000000008
        0.700000000000000        1.000000000000000        0.000000000000010        0.000000000000010        0.000000000000000
        0.733333333333333        1.033333333333333      -10.378524219995031      -10.378524219995024        0.000000000000007
        0.766666666666667        1.066666666666667      -22.362611724405411      -22.362611724405401        0.000000000000010
        0.800000000000000        0.000000000000000       46.302958500072379       46.302958500072410        0.000000000000031
        0.833333333333333        0.033333333333333       43.201248415755836       43.201248415755859        0.000000000000023
        0.866666666666667        0.066666666666667       34.727218875054290       34.727218875054291        0.000000000000001
        0.800000000000000        0.100000000000000       32.741135944400471       32.741135944400462        0.000000000000009
        0.833333333333333        0.133333333333333       22.362611724405428       22.362611724405413        0.000000000000016
        0.866666666666667        0.166666666666667       10.378524219995049       10.378524219995037        0.000000000000012
        0.800000000000000        0.200000000000000        0.000000000000003        0.000000000000000        0.000000000000003
        0.833333333333333        0.233333333333333      -11.575739625018092      -11.575739625018088        0.000000000000004
        0.866666666666667        0.266666666666667      -20.049769165719644      -20.049769165719637        0.000000000000007
        0.800000000000000        0.300000000000000      -32.741135944400467      -32.741135944400466        0.000000000000001
        0.833333333333333        0.333333333333333      -38.733179696605661      -38.733179696605663        0.000000000000002
        0.866666666666667        0.366666666666667      -38.733179696605665      -38.733179696605663        0.000000000000002
        0.800000000000000        0.400000000000000      -46.302958500072379      -46.302958500072383        0.000000000000004
        0.833333333333333        0.433333333333333      -43.201248415755838      -43.201248415755842        0.000000000000005
        0.866666666666667        0.466666666666667      -34.727218875054292      -34.727218875054295        0.000000000000003
        0.800000000000000        0.500000000000000      -32.741135944400475      -32.741135944400487        0.000000000000012
        0.833333333333333        0.533333333333333      -22.362611724405433      -22.362611724405444        0.000000000000011
        0.866666666666667        0.566666666666667      -10.378524219995053      -10.378524219995057        0.000000000000004
        0.800000000000000        0.600000000000000       -0.000000000000009       -0.000000000000007        0.000000000000001
        0.833333333333333        0.633333333333333       11.575739625018087       11.575739625018093        0.000000000000006
        0.866666666666667        0.666666666666667       20.049769165719640       20.049769165719644        0.000000000000004
        0.800000000000000        0.700000000000000       32.741135944400463       32.741135944400470        0.000000000000007
        0.833333333333333        0.733333333333333       38.733179696605658       38.733179696605664        0.000000000000006
        0.866666666666667        0.766666666666667       38.733179696605664       38.733179696605666        0.000000000000002
        0.800000000000000        0.800000000000000       46.302958500072379       46.302958500072390        0.000000000000011
        0.833333333333333        0.833333333333333       43.201248415755839       43.201248415755848        0.000000000000009
        0.866666666666667        0.866666666666667       34.727218875054295       34.727218875054293        0.000000000000002
        0.800000000000000        0.900000000000000       32.741135944400479       32.741135944400475        0.000000000000005
        0.833333333333333        0.933333333333333       22.362611724405438       22.362611724405428        0.000000000000010
        0.866666666666667        0.966666666666667       10.378524219995058       10.378524219995050        0.000000000000008
        0.800000000000000        1.000000000000000        0.000000000000014        0.000000000000014        0.000000000000000
        0.833333333333333        1.033333333333333      -11.575739625018082      -11.575739625018074        0.000000000000008
        0.866666666666667        1.066666666666667      -20.049769165719635      -20.049769165719624        0.000000000000011
        0.900000000000000        0.000000000000000       32.741135944400479       32.741135944400489        0.000000000000010
        0.933333333333333        0.033333333333333       22.362611724405436       22.362611724405434        0.000000000000002
        0.966666666666667        0.066666666666667       10.378524219995057       10.378524219995050        0.000000000000007
        0.900000000000000        0.100000000000000       23.151479250036196       23.151479250036182        0.000000000000015
        0.933333333333333        0.133333333333333       11.575739625018101       11.575739625018086        0.000000000000015
        0.966666666666667        0.166666666666667        3.101710084316550        3.101710084316544        0.000000000000006
        0.900000000000000        0.200000000000000        0.000000000000002        0.000000000000000        0.000000000000002
        0.933333333333333        0.233333333333333       -5.992043752205191       -5.992043752205186        0.000000000000006
        0.966666666666667        0.266666666666667       -5.992043752205196       -5.992043752205189        0.000000000000006
        0.900000000000000        0.300000000000000      -23.151479250036194      -23.151479250036184        0.000000000000009
        0.933333333333333        0.333333333333333      -20.049769165719652      -20.049769165719641        0.000000000000012
        0.966666666666667        0.366666666666667      -11.575739625018107      -11.575739625018098        0.000000000000009
        0.900000000000000        0.400000000000000      -32.741135944400479      -32.741135944400470        0.000000000000009
        0.933333333333333        0.433333333333333      -22.362611724405437      -22.362611724405425        0.000000000000012
        0.966666666666667        0.466666666666667      -10.378524219995057      -10.378524219995051        0.000000000000007
        0.900000000000000        0.500000000000000      -23.151479250036199      -23.151479250036199        0.000000000000000
        0.933333333333333        0.533333333333333      -11.575739625018104      -11.575739625018102        0.000000000000002
        0.966666666666667        0.566666666666667       -3.101710084316551       -3.101710084316550        0.000000000000001
        0.900000000000000        0.600000000000000       -0.000000000000006       -0.000000000000005        0.000000000000001
        0.933333333333333        0.633333333333333        5.992043752205189        5.992043752205188        0.000000000000001
        0.966666666666667        0.666666666666667        5.992043752205195        5.992043752205191        0.000000000000003
        0.900000000000000        0.700000000000000       23.151479250036191       23.151479250036187        0.000000000000004
        0.933333333333333        0.733333333333333       20.049769165719651       20.049769165719641        0.000000000000010
        0.966666666666667        0.766666666666667       11.575739625018107       11.575739625018099        0.000000000000008
        0.900000000000000        0.800000000000000       32.741135944400479       32.741135944400475        0.000000000000005
        0.933333333333333        0.833333333333333       22.362611724405438       22.362611724405428        0.000000000000010
        0.966666666666667        0.866666666666667       10.378524219995058       10.378524219995050        0.000000000000008
        0.900000000000000        0.900000000000000       23.151479250036202       23.151479250036190        0.000000000000012
        0.933333333333333        0.933333333333333       11.575739625018106       11.575739625018094        0.000000000000012
        0.966666666666667        0.966666666666667        3.101710084316553        3.101710084316548        0.000000000000005
        0.900000000000000        1.000000000000000        0.000000000000010        0.000000000000010        0.000000000000000
        0.933333333333333        1.033333333333333       -5.992043752205186       -5.992043752205178        0.000000000000008
        0.966666666666667        1.066666666666667       -5.992043752205193       -5.992043752205186        0.000000000000008
        1.000000000000000        0.000000000000000        0.000000000000014        0.000000000000014        0.000000000000000
        1.033333333333333        0.033333333333333      -11.575739625018081      -11.575739625018077        0.000000000000004
        1.066666666666667        0.066666666666667      -20.049769165719633      -20.049769165719623        0.000000000000009
        1.000000000000000        0.100000000000000        0.000000000000010        0.000000000000010        0.000000000000000
        1.033333333333333        0.133333333333333       -5.992043752205183       -5.992043752205174        0.000000000000009
        1.066666666666667        0.166666666666667       -5.992043752205188       -5.992043752205178        0.000000000000010
        1.000000000000000        0.200000000000000        0.000000000000000        0.000000000000000        0.000000000000000
        1.033333333333333        0.233333333333333        3.101710084316541        3.101710084316537        0.000000000000004
        1.066666666666667        0.266666666666667       11.575739625018087       11.575739625018077        0.000000000000010
        1.000000000000000        0.300000000000000       -0.000000000000010       -0.000000000000010        0.000000000000000
        1.033333333333333        0.333333333333333       10.378524219995032       10.378524219995024        0.000000000000008
        1.066666666666667        0.366666666666667       22.362611724405412       22.362611724405400        0.000000000000012
        1.000000000000000        0.400000000000000       -0.000000000000014       -0.000000000000014        0.000000000000000
        1.033333333333333        0.433333333333333       11.575739625018081       11.575739625018073        0.000000000000009
        1.066666666666667        0.466666666666667       20.049769165719634       20.049769165719626        0.000000000000009
        1.000000000000000        0.500000000000000       -0.000000000000010       -0.000000000000010        0.000000000000000
        1.033333333333333        0.533333333333333        5.992043752205185        5.992043752205182        0.000000000000002
        1.066666666666667        0.566666666666667        5.992043752205191        5.992043752205190        0.000000000000001
        1.000000000000000        0.600000000000000       -0.000000000000000       -0.000000000000000        0.000000000000000
        1.033333333333333        0.633333333333333       -3.101710084316540       -3.101710084316539        0.000000000000001
        1.066666666666667        0.666666666666667      -11.575739625018084      -11.575739625018081        0.000000000000003
        1.000000000000000        0.700000000000000        0.000000000000010        0.000000000000010        0.000000000000000
        1.033333333333333        0.733333333333333      -10.378524219995031      -10.378524219995024        0.000000000000007
        1.066666666666667        0.766666666666667      -22.362611724405411      -22.362611724405401        0.000000000000010
        1.000000000000000        0.800000000000000        0.000000000000014        0.000000000000014        0.000000000000000
        1.033333333333333        0.833333333333333      -11.575739625018082      -11.575739625018074        0.000000000000008
        1.066666666666667        0.866666666666667      -20.049769165719635      -20.049769165719624        0.000000000000011
        1.000000000000000        0.900000000000000        0.000000000000010        0.000000000000010        0.000000000000000
        1.033333333333333        0.933333333333333       -5.992043752205186       -5.992043752205178        0.000000000000008
        1.066666666666667        0.966666666666667       -5.992043752205193       -5.992043752205186        0.000000000000008
        1.000000000000000        1.000000000000000        0.000000000000000        0.000000000000000        0.000000000000000
        1.033333333333333        1.033333333333333        3.101710084316538        3.101710084316534        0.000000000000005
        1.066666666666667        1.066666666666667       11.575739625018082       11.575739625018069        0.000000000000012
