        0.000000000000000        0.000000000000000       45.425948698817096       45.425948698817147        0.000000000000051
        0.033333333333333        0.033333333333333       42.382987131500684       42.382987131500720        0.000000000000036
        0.066666666666667        0.066666666666667       34.069461524112823       34.069461524112827        0.000000000000004
        0.000000000000000        0.100000000000000       32.120996366765795       32.120996366765800        0.000000000000005
        0.033333333333333        0.133333333333333       21.939048515934867       21.939048515934858        0.000000000000008
        0.066666666666667        0.166666666666667       10.181947850830931       10.181947850830920        0.000000000000011
        0.000000000000000        0.200000000000000        0.000000000000003        0.000000000000000        0.000000000000003
        0.033333333333333        0.233333333333333      -11.356487174704271      -11.356487174704271        0.000000000000000
        0.066666666666667        0.266666666666667      -19.670012782092133      -19.670012782092128        0.000000000000005
        0.000000000000000        0.300000000000000      -32.120996366765791      -32.120996366765804        0.000000000000013
        0.033333333333333        0.333333333333333      -37.999546699317760      -37.999546699317774        0.000000000000014
        0.066666666666667        0.366666666666667      -37.999546699317761      -37.999546699317763        0.000000000000002
        0.000000000000000        0.400000000000000      -45.425948698817096      -45.425948698817121        0.000000000000024
        0.033333333333333        0.433333333333333      -42.382987131500685      -42.382987131500704        0.000000000000018
        0.066666666666667        0.466666666666667      -34.069461524112825      -34.069461524112831        0.000000000000006
        0.000000000000000        0.500000000000000      -32.120996366765799      -32.120996366765825        0.000000000000026
        0.033333333333333        0.533333333333333      -21.939048515934871      -21.939048515934889        0.000000000000018
        0.066666666666667        0.566666666666667      -10.181947850830935      -10.181947850830940        0.000000000000005
        0.000000000000000        0.600000000000000       -0.000000000000008       -0.000000000000007        0.000000000000001
        0.033333333333333        0.633333333333333       11.356487174704266       11.356487174704276        0.000000000000010
        0.066666666666667        0.666666666666667       19.670012782092129       19.670012782092135        0.000000000000006
        0.000000000000000        0.700000000000000       32.120996366765787       32.120996366765808        0.000000000000021
        0.033333333333333        0.733333333333333       37.999546699317757       37.999546699317775        0.000000000000018
        0.066666666666667        0.766666666666667       37.999546699317760       37.999546699317765        0.000000000000005
        0.000000000000000        0.800000000000000       45.425948698817096       45.425948698817127        0.000000000000031
        0.033333333333333        0.833333333333333       42.382987131500687       42.382987131500709        0.000000000000022
        0.066666666666667        0.866666666666667       34.069461524112828       34.069461524112829        0.000000000000001
        0.000000000000000        0.900000000000000       32.120996366765802       32.120996366765812        0.000000000000010
        0.033333333333333        0.933333333333333       21.939048515934876       21.939048515934874        0.000000000000002
        0.066666666666667        0.966666666666667       10.181947850830940       10.181947850830933        0.000000000000007
        0.000000000000000        1.000000000000000        0.000000000000014        0.000000000000014        0.000000000000000
        0.033333333333333        1.033333333333333      -11.356487174704261      -11.356487174704257        0.000000000000004
        0.066666666666667        1.066666666666667      -19.670012782092125      -19.670012782092115        0.000000000000009
        0.100000000000000        0.000000000000000       32.120996366765795       32.120996366765800        0.000000000000005
        0.133333333333333        0.033333333333333       21.939048515934867       21.939048515934858        0.000000000000008
        0.166666666666667        0.066666666666667       10.181947850830931       10.181947850830920        0.000000000000011
        0.100000000000000        0.100000000000000       22.712974349408549       22.712974349408532        0.000000000000018
        0.133333333333333        0.133333333333333       11.356487174704276       11.356487174704257        0.000000000000018
        0.166666666666667        0.166666666666667        3.042961567316414        3.042961567316407        0.000000000000007
        0.100000000000000        0.200000000000000        0.000000000000002        0.000000000000000        0.000000000000002
        0.133333333333333        0.233333333333333       -5.878550332551967       -5.878550332551960        0.000000000000007
        0.166666666666667        0.266666666666667       -5.878550332551968       -5.878550332551960        0.000000000000008
        0.100000000000000        0.300000000000000      -22.712974349408547      -22.712974349408535        0.000000000000012
        0.133333333333333        0.333333333333333      -19.670012782092136      -19.670012782092119        0.000000000000017
        0.166666666666667        0.366666666666667      -11.356487174704276      -11.356487174704263        0.000000000000013
        0.100000000000000        0.400000000000000      -32.120996366765795      -32.120996366765781        0.000000000000013
        0.133333333333333        0.433333333333333      -21.939048515934867      -21.939048515934850        0.000000000000017
        0.166666666666667        0.466666666666667      -10.181947850830931      -10.181947850830921        0.000000000000010
        0.100000000000000        0.500000000000000      -22.712974349408552      -22.712974349408549        0.000000000000003
        0.133333333333333        0.533333333333333      -11.356487174704278      -11.356487174704273        0.000000000000005
        0.166666666666667        0.566666666666667       -3.042961567316415       -3.042961567316413        0.000000000000002
        0.100000000000000        0.600000000000000       -0.000000000000006       -0.000000000000005        0.000000000000001
        0.133333333333333        0.633333333333333        5.878550332551964        5.878550332551962        0.000000000000002
        0.166666666666667        0.666666666666667        5.878550332551967        5.878550332551962        0.000000000000005
        0.100000000000000        0.700000000000000       22.712974349408544       22.712974349408537        0.000000000000007
        0.133333333333333        0.733333333333333       19.670012782092134       19.670012782092120        0.000000000000015
        0.166666666666667        0.766666666666667       11.356487174704275       11.356487174704264        0.000000000000012
        0.100000000000000        0.800000000000000       32.120996366765795       32.120996366765786        0.000000000000009
        0.133333333333333        0.833333333333333       21.939048515934868       21.939048515934853        0.000000000000015
        0.166666666666667        0.866666666666667       10.181947850830932       10.181947850830921        0.000000000000012
        0.100000000000000        0.900000000000000       22.712974349408555       22.712974349408540        0.000000000000015
        0.133333333333333        0.933333333333333       11.356487174704280       11.356487174704265        0.000000000000015
        0.166666666666667        0.966666666666667        3.042961567316416        3.042961567316411        0.000000000000006
        0.100000000000000        1.000000000000000        0.000000000000010        0.000000000000010        0.000000000000000
        0.133333333333333        1.033333333333333       -5.878550332551962       -5.878550332551953        0.000000000000009
        0.166666666666667        1.066666666666667       -5.878550332551966       -5.878550332551956        0.000000000000010
        0.200000000000000        0.000000000000000        0.000000000000003        0.000000000000000        0.000000000000003
        0.233333333333333        0.033333333333333      -11.356487174704271      -11.356487174704271        0.000000000000000
        0.266666666666667        0.066666666666667      -19.670012782092133      -19.670012782092128        0.000000000000005
        0.200000000000000        0.100000000000000        0.000000000000002        0.000000000000000        0.000000000000002
        0.233333333333333        0.133333333333333       -5.878550332551967       -5.878550332551960        0.000000000000007
        0.266666666666667        0.166666666666667       -5.878550332551968       -5.878550332551960        0.000000000000008
        0.200000000000000        0.200000000000000        0.000000000000000        0.000000000000000        0.000000000000000
        0.233333333333333        0.233333333333333        3.042961567316411        3.042961567316408        0.000000000000003
        0.266666666666667        0.266666666666667       11.356487174704271       11.356487174704264        0.000000000000007
        0.200000000000000        0.300000000000000       -0.000000000000002       -0.000000000000000        0.000000000000002
        0.233333333333333        0.333333333333333       10.181947850830925       10.181947850830920        0.000000000000005
        0.266666666666667        0.366666666666667       21.939048515934861       21.939048515934854        0.000000000000007
        0.200000000000000        0.400000000000000       -0.000000000000003       -0.000000000000000        0.000000000000003
        0.233333333333333        0.433333333333333       11.356487174704271       11.356487174704266        0.000000000000005
        0.266666666666667        0.466666666666667       19.670012782092134       19.670012782092130        0.000000000000004
        0.200000000000000        0.500000000000000       -0.000000000000002       -0.000000000000000        0.000000000000002
        0.233333333333333        0.533333333333333        5.878550332551968        5.878550332551968        0.000000000000000
        0.266666666666667        0.566666666666667        5.878550332551971        5.878550332551972        0.000000000000000
        0.200000000000000        0.600000000000000       -0.000000000000000       -0.000000000000000        0.000000000000000
        0.233333333333333        0.633333333333333       -3.042961567316410       -3.042961567316410        0.000000000000000
        0.266666666666667        0.666666666666667      -11.356487174704268      -11.356487174704267        0.000000000000001
        0.200000000000000        0.700000000000000        0.000000000000002        0.000000000000000        0.000000000000002
        0.233333333333333        0.733333333333333      -10.181947850830925      -10.181947850830920        0.000000000000004
        0.266666666666667        0.766666666666667      -21.939048515934861      -21.939048515934855        0.000000000000005
        0.200000000000000        0.800000000000000        0.000000000000003        0.000000000000000        0.000000000000003
        0.233333333333333        0.833333333333333      -11.356487174704272      -11.356487174704268        0.000000000000004
        0.266666666666667        0.866666666666667      -19.670012782092136      -19.670012782092129        0.000000000000007
        0.200000000000000        0.900000000000000        0.000000000000002        0.000000000000000        0.000000000000002
        0.233333333333333        0.933333333333333       -5.878550332551970       -5.878550332551964        0.000000000000006
        0.266666666666667        0.966666666666667       -5.878550332551974       -5.878550332551968        0.000000000000006
        0.200000000000000        1.000000000000000        0.000000000000000        0.000000000000000        0.000000000000000
        0.233333333333333        1.033333333333333        3.042961567316408        3.042961567316404        0.000000000000004
        0.266666666666667        1.066666666666667       11.356487174704266       11.356487174704256        0.000000000000010
        0.300000000000000        0.000000000000000      -32.120996366765791      -32.120996366765804        0.000000000000013
        0.333333333333333        0.033333333333333      -37.999546699317760      -37.999546699317774        0.000000000000014
        0.366666666666667        0.066666666666667      -37.999546699317761      -37.999546699317763        0.000000000000002
        0.300000000000000        0.100000000000000      -22.712974349408547      -22.712974349408535        0.000000000000012
        0.333333333333333        0.133333333333333      -19.670012782092136      -19.670012782092119        0.000000000000017
        0.366666666666667        0.166666666666667      -11.356487174704276      -11.356487174704263        0.000000000000013
        0.300000000000000        0.200000000000000       -0.000000000000002       -0.000000000000000        0.000000000000002
        0.333333333333333        0.233333333333333       10.181947850830925       10.181947850830920        0.000000000000005
        0.366666666666667        0.266666666666667       21.939048515934861       21.939048515934854        0.000000000000007
        0.300000000000000        0.300000000000000       22.712974349408544       22.712974349408537        0.000000000000007
        0.333333333333333        0.333333333333333       34.069461524112818       34.069461524112815        0.000000000000003
        0.366666666666667        0.366666666666667       42.382987131500681       42.382987131500679        0.000000000000002
        0.300000000000000        0.400000000000000       32.120996366765791       32.120996366765785        0.000000000000005
        0.333333333333333        0.433333333333333       37.999546699317761       37.999546699317760        0.000000000000001
        0.366666666666667        0.466666666666667       37.999546699317764       37.999546699317767        0.000000000000003
        0.300000000000000        0.500000000000000       22.712974349408549       22.712974349408552        0.000000000000002
        0.333333333333333        0.533333333333333       19.670012782092140       19.670012782092146        0.000000000000007
        0.366666666666667        0.566666666666667       11.356487174704281       11.356487174704285        0.000000000000004
        0.300000000000000        0.600000000000000        0.000000000000006        0.000000000000005        0.000000000000001
        0.333333333333333        0.633333333333333      -10.181947850830921      -10.181947850830925        0.000000000000004
        0.366666666666667        0.666666666666667      -21.939048515934857      -21.939048515934861        0.000000000000005
        0.300000000000000        0.700000000000000      -22.712974349408541      -22.712974349408540        0.000000000000001
        0.333333333333333        0.733333333333333      -34.069461524112816      -34.069461524112816        0.000000000000000
        0.366666666666667        0.766666666666667      -42.382987131500680      -42.382987131500682        0.000000000000002
        0.300000000000000        0.800000000000000      -32.120996366765791      -32.120996366765790        0.000000000000001
        0.333333333333333        0.833333333333333      -37.999546699317762      -37.999546699317764        0.000000000000002
        0.366666666666667        0.866666666666667      -37.999546699317766      -37.999546699317765        0.000000000000002
        0.300000000000000        0.900000000000000      -22.712974349408552      -22.712974349408543        0.000000000000009
        0.333333333333333        0.933333333333333      -19.670012782092144      -19.670012782092133        0.000000000000011
        0.366666666666667        0.966666666666667      -11.356487174704286      -11.356487174704277        0.000000000000009
        0.300000000000000        1.000000000000000       -0.000000000000010       -0.000000000000010        0.000000000000000
        0.333333333333333        1.033333333333333       10.181947850830916       10.181947850830908        0.000000000000008
        0.366666666666667        1.066666666666667       21.939048515934852       21.939048515934840        0.000000000000012
        0.400000000000000        0.000000000000000      -45.425948698817096      -45.425948698817121        0.000000000000024
        0.433333333333333        0.033333333333333      -42.382987131500685      -42.382987131500704        0.000000000000018
        0.466666666666667        0.066666666666667      -34.069461524112825      -34.069461524112831        0.000000000000006
        0.400000000000000        0.100000000000000      -32.120996366765795      -32.120996366765781        0.000000000000013
        0.433333333333333        0.133333333333333      -21.939048515934867      -21.939048515934850        0.000000000000017
        0.466666666666667        0.166666666666667      -10.181947850830931      -10.181947850830921        0.000000000000010
        0.400000000000000        0.200000000000000       -0.000000000000003       -0.000000000000000        0.000000000000003
        0.433333333333333        0.233333333333333       11.356487174704271       11.356487174704266        0.000000000000005
        0.466666666666667        0.266666666666667       19.670012782092134       19.670012782092130        0.000000000000004
        0.400000000000000        0.300000000000000       32.120996366765791       32.120996366765785        0.000000000000005
        0.433333333333333        0.333333333333333       37.999546699317761       37.999546699317760        0.000000000000001
        0.466666666666667        0.366666666666667       37.999546699317764       37.999546699317767        0.000000000000003
        0.400000000000000        0.400000000000000       45.425948698817096       45.425948698817094        0.000000000000002
        0.433333333333333        0.433333333333333       42.382987131500687       42.382987131500687        0.000000000000001
        0.466666666666667        0.466666666666667       34.069461524112828       34.069461524112835        0.000000000000007
        0.400000000000000        0.500000000000000       32.120996366765799       32.120996366765806        0.000000000000007
        0.433333333333333        0.533333333333333       21.939048515934872       21.939048515934880        0.000000000000008
        0.466666666666667        0.566666666666667       10.181947850830936       10.181947850830941        0.000000000000005
        0.400000000000000        0.600000000000000        0.000000000000008        0.000000000000007        0.000000000000001
        0.433333333333333        0.633333333333333      -11.356487174704266      -11.356487174704271        0.000000000000005
        0.466666666666667        0.666666666666667      -19.670012782092130      -19.670012782092137        0.000000000000007
        0.400000000000000        0.700000000000000      -32.120996366765787      -32.120996366765789        0.000000000000002
        0.433333333333333        0.733333333333333      -37.999546699317758      -37.999546699317760        0.000000000000002
        0.466666666666667        0.766666666666667      -37.999546699317763      -37.999546699317769        0.000000000000007
        0.400000000000000        0.800000000000000      -45.425948698817096      -45.425948698817100        0.000000000000004
        0.433333333333333        0.833333333333333      -42.382987131500688      -42.382987131500693        0.000000000000005
        0.466666666666667        0.866666666666667      -34.069461524112830      -34.069461524112833        0.000000000000003
        0.400000000000000        0.900000000000000      -32.120996366765802      -32.120996366765794        0.000000000000009
        0.433333333333333        0.933333333333333      -21.939048515934877      -21.939048515934865        0.000000000000011
        0.466666666666667        0.966666666666667      -10.181947850830941      -10.181947850830934        0.000000000000007
        0.400000000000000        1.000000000000000       -0.000000000000014       -0.000000000000014        0.000000000000000
        0.433333333333333        1.033333333333333       11.356487174704261       11.356487174704253        0.000000000000008
        0.466666666666667        1.066666666666667       19.670012782092126       19.670012782092118        0.000000000000008
        0.500000000000000        0.000000000000000      -32.120996366765799      -32.120996366765825        0.000000000000026
        0.533333333333333        0.033333333333333      -21.939048515934871      -21.939048515934889        0.000000000000018
        0.566666666666667        0.066666666666667      -10.181947850830935      -10.181947850830940        0.000000000000005
        0.500000000000000        0.100000000000000      -22.712974349408552      -22.712974349408549        0.000000000000003
        0.533333333333333        0.133333333333333      -11.356487174704278      -11.356487174704273        0.000000000000005
        0.566666666666667        0.166666666666667       -3.042961567316415       -3.042961567316413        0.000000000000002
        0.500000000000000        0.200000000000000       -0.000000000000002       -0.000000000000000        0.000000000000002
        0.533333333333333        0.233333333333333        5.878550332551968        5.878550332551968        0.000000000000000
        0.566666666666667        0.266666666666667        5.878550332551971        5.878550332551972        0.000000000000000
        0.500000000000000        0.300000000000000       22.712974349408549       22.712974349408552        0.000000000000002
        0.533333333333333        0.333333333333333       19.670012782092140       19.670012782092146        0.000000000000007
        0.566666666666667        0.366666666666667       11.356487174704281       11.356487174704285        0.000000000000004
        0.500000000000000        0.400000000000000       32.120996366765799       32.120996366765806        0.000000000000007
        0.533333333333333        0.433333333333333       21.939048515934872       21.939048515934880        0.000000000000008
        0.566666666666667        0.466666666666667       10.181947850830936       10.181947850830941        0.000000000000005
        0.500000000000000        0.500000000000000       22.712974349408555       22.712974349408566        0.000000000000011
        0.533333333333333        0.533333333333333       11.356487174704280       11.356487174704289        0.000000000000008
        0.566666666666667        0.566666666666667        3.042961567316416        3.042961567316419        0.000000000000002
        0.500000000000000        0.600000000000000        0.000000000000006        0.000000000000005        0.000000000000001
        0.533333333333333        0.633333333333333       -5.878550332551966       -5.878550332551970        0.000000000000005
        0.566666666666667        0.666666666666667       -5.878550332551970       -5.878550332551974        0.000000000000004
        0.500000000000000        0.700000000000000      -22.712974349408547      -22.712974349408555        0.000000000000008
        0.533333333333333        0.733333333333333      -19.670012782092139      -19.670012782092147        0.000000000000008
        0.566666666666667        0.766666666666667      -11.356487174704281      -11.356487174704286        0.000000000000005
        0.500000000000000        0.800000000000000      -32.120996366765799      -32.120996366765810        0.000000000000012
        0.533333333333333        0.833333333333333      -21.939048515934873      -21.939048515934883        0.000000000000010
        0.566666666666667        0.866666666666667      -10.181947850830937      -10.181947850830941        0.000000000000004
        0.500000000000000        0.900000000000000      -22.712974349408558      -22.712974349408558        0.000000000000000
        0.533333333333333        0.933333333333333      -11.356487174704283      -11.356487174704281        0.000000000000002
        0.566666666666667        0.966666666666667       -3.042961567316418       -3.042961567316417        0.000000000000001
        0.500000000000000        1.000000000000000       -0.000000000000010       -0.000000000000010        0.000000000000000
        0.533333333333333        1.033333333333333        5.878550332551963        5.878550332551961        0.000000000000002
        0.566666666666667        1.066666666666667        5.878550332551969        5.878550332551968        0.000000000000001
        0.600000000000000        0.000000000000000       -0.000000000000008       -0.000000000000007        0.000000000000001
        0.633333333333333        0.033333333333333       11.356487174704266       11.356487174704276        0.000000000000010
        0.666666666666667        0.066666666666667       19.670012782092129       19.670012782092135        0.000000000000006
        0.600000000000000        0.100000000000000       -0.000000000000006       -0.000000000000005        0.000000000000001
        0.633333333333333        0.133333333333333        5.878550332551964        5.878550332551962        0.000000000000002
        0.666666666666667        0.166666666666667        5.878550332551967        5.878550332551962        0.000000000000005
        0.600000000000000        0.200000000000000       -0.000000000000000       -0.000000000000000        0.000000000000000
        0.633333333333333        0.233333333333333       -3.042961567316410       -3.042961567316410        0.000000000000000
        0.666666666666667        0.266666666666667      -11.356487174704268      -11.356487174704267        0.000000000000001
        0.600000000000000        0.300000000000000        0.000000000000006        0.000000000000005        0.000000000000001
        0.633333333333333        0.333333333333333      -10.181947850830921      -10.181947850830925        0.000000000000004
        0.666666666666667        0.366666666666667      -21.939048515934857      -21.939048515934861        0.000000000000005
        0.600000000000000        0.400000000000000        0.000000000000008        0.000000000000007        0.000000000000001
        0.633333333333333        0.433333333333333      -11.356487174704266      -11.356487174704271        0.000000000000005
        0.666666666666667        0.466666666666667      -19.670012782092130      -19.670012782092137        0.000000000000007
        0.600000000000000        0.500000000000000        0.000000000000006        0.000000000000005        0.000000000000001
        0.633333333333333        0.533333333333333       -5.878550332551966       -5.878550332551970        0.000000000000005
        0.666666666666667        0.566666666666667       -5.878550332551970       -5.878550332551974        0.000000000000004
        0.600000000000000        0.600000000000000        0.000000000000000        0.000000000000000        0.000000000000000
        0.633333333333333        0.633333333333333        3.042961567316408        3.042961567316411        0.000000000000003
        0.666666666666667        0.666666666666667       11.356487174704266       11.356487174704271        0.000000000000005
        0.600000000000000        0.700000000000000       -0.000000000000006       -0.000000000000005        0.000000000000001
        0.633333333333333        0.733333333333333       10.181947850830920       10.181947850830925        0.000000000000005
        0.666666666666667        0.766666666666667       21.939048515934856       21.939048515934863        0.000000000000007
        0.600000000000000        0.800000000000000       -0.000000000000008       -0.000000000000007        0.000000000000001
        0.633333333333333        0.833333333333333       11.356487174704267       11.356487174704273        0.000000000000006
        0.666666666666667        0.866666666666667       19.670012782092132       19.670012782092136        0.000000000000004
        0.600000000000000        0.900000000000000       -0.000000000000006       -0.000000000000005        0.000000000000001
        0.633333333333333        0.933333333333333        5.878550332551967        5.878550332551966        0.000000000000001
        0.666666666666667        0.966666666666667        5.878550332551973        5.878550332551970        0.000000000000003
        0.600000000000000        1.000000000000000       -0.000000000000000       -0.000000000000000        0.000000000000000
        0.633333333333333        1.033333333333333       -3.042961567316407       -3.042961567316406        0.000000000000001
        0.666666666666667        1.066666666666667      -11.356487174704264      -11.356487174704260        0.000000000000003
        0.700000000000000        0.000000000000000       32.120996366765787       32.120996366765808        0.000000000000021
        0.733333333333333        0.033333333333333       37.999546699317757       37.999546699317775        0.000000000000018
        0.766666666666667        0.066666666666667       37.999546699317760       37.999546699317765        0.000000000000005
        0.700000000000000        0.100000000000000       22.712974349408544       22.712974349408537        0.000000000000007
        0.733333333333333        0.133333333333333       19.670012782092134       19.670012782092120        0.000000000000015
        0.766666666666667        0.166666666666667       11.356487174704275       11.356487174704264        0.000000000000012
        0.700000000000000        0.200000000000000        0.000000000000002        0.000000000000000        0.000000000000002
        0.733333333333333        0.233333333333333      -10.181947850830925      -10.181947850830920        0.000000000000004
        0.766666666666667        0.266666666666667      -21.939048515934861      -21.939048515934855        0.000000000000005
        0.700000000000000        0.300000000000000      -22.712974349408541      -22.712974349408540        0.000000000000001
        0.733333333333333        0.333333333333333      -34.069461524112816      -34.069461524112816        0.000000000000000
        0.766666666666667        0.366666666666667      -42.382987131500680      -42.382987131500682        0.000000000000002
        0.700000000000000        0.400000000000000      -32.120996366765787      -32.120996366765789        0.000000000000002
        0.733333333333333        0.433333333333333      -37.999546699317758      -37.999546699317760        0.000000000000002
        0.766666666666667        0.466666666666667      -37.999546699317763      -37.999546699317769        0.000000000000007
        0.700000000000000        0.500000000000000      -22.712974349408547      -22.712974349408555        0.000000000000008
        0.733333333333333        0.533333333333333      -19.670012782092139      -19.670012782092147        0.000000000000008
        0.766666666666667        0.566666666666667      -11.356487174704281      -11.356487174704286        0.000000000000005
        0.700000000000000        0.600000000000000       -0.000000000000006       -0.000000000000005        0.000000000000001
        0.733333333333333        0.633333333333333       10.181947850830920       10.181947850830925        0.000000000000005
        0.766666666666667        0.666666666666667       21.939048515934856       21.939048515934863        0.000000000000007
        0.700000000000000        0.700000000000000       22.712974349408538       22.712974349408543        0.000000000000004
        0.733333333333333        0.733333333333333       34.069461524112813       34.069461524112817        0.000000000000003
        0.766666666666667        0.766666666666667       42.382987131500678       42.382987131500685        0.000000000000006
        0.700000000000000        0.800000000000000       32.120996366765787       32.120996366765794        0.000000000000007
        0.733333333333333        0.833333333333333       37.999546699317759       37.999546699317765        0.000000000000006
        0.766666666666667        0.866666666666667       37.999546699317765       37.999546699317767        0.000000000000002
        0.700000000000000        0.900000000000000       22.712974349408549       22.712974349408546        0.000000000000004
        0.733333333333333        0.933333333333333       19.670012782092143       19.670012782092133        0.000000000000009
        0.766666666666667        0.966666666666667       11.356487174704286       11.356487174704278        0.000000000000008
        0.700000000000000        1.000000000000000        0.000000000000010        0.000000000000010        0.000000000000000
        0.733333333333333        1.033333333333333      -10.181947850830915      -10.181947850830908        0.000000000000007
        0.766666666666667        1.066666666666667      -21.939048515934851      -21.939048515934841        0.000000000000010
        0.800000000000000        0.000000000000000       45.425948698817096       45.425948698817127        0.000000000000031
        0.833333333333333        0.033333333333333       42.382987131500687       42.382987131500709        0.000000000000022
        0.866666666666667        0.066666666666667       34.069461524112828       34.069461524112829        0.000000000000001
        0.800000000000000        0.100000000000000       32.120996366765795       32.120996366765786        0.000000000000009
        0.833333333333333        0.133333333333333       21.939048515934868       21.939048515934853        0.000000000000015
        0.866666666666667        0.166666666666667       10.181947850830932       10.181947850830921        0.000000000000012
        0.800000000000000        0.200000000000000        0.000000000000003        0.000000000000000        0.000000000000003
        0.833333333333333        0.233333333333333      -11.356487174704272      -11.356487174704268        0.000000000000004
        0.866666666666667        0.266666666666667      -19.670012782092136      -19.670012782092129        0.000000000000007
        0.800000000000000        0.300000000000000      -32.120996366765791      -32.120996366765790        0.000000000000001
        0.833333333333333        0.333333333333333      -37.999546699317762      -37.999546699317764        0.000000000000002
        0.866666666666667        0.366666666666667      -37.999546699317766      -37.999546699317765        0.000000000000002
        0.800000000000000        0.400000000000000      -45.425948698817096      -45.425948698817100        0.000000000000004
        0.833333333333333        0.433333333333333      -42.382987131500688      -42.382987131500693        0.000000000000005
        0.866666666666667        0.466666666666667      -34.069461524112830      -34.069461524112833        0.000000000000003
        0.800000000000000        0.500000000000000      -32.120996366765799      -32.120996366765810        0.000000000000012
        0.833333333333333        0.533333333333333      -21.939048515934873      -21.939048515934883        0.000000000000010
        0.866666666666667        0.566666666666667      -10.181947850830937      -10.181947850830941        0.000000000000004
        0.800000000000000        0.600000000000000       -0.000000000000008       -0.000000000000007        0.000000000000001
        0.833333333333333        0.633333333333333       11.356487174704267       11.356487174704273        0.000000000000006
        0.866666666666667        0.666666666666667       19.670012782092132       19.670012782092136        0.000000000000004
        0.800000000000000        0.700000000000000       32.120996366765787       32.120996366765794        0.000000000000007
        0.833333333333333        0.733333333333333       37.999546699317759       37.999546699317765        0.000000000000006
        0.866666666666667        0.766666666666667       37.999546699317765       37.999546699317767        0.000000000000002
        0.800000000000000        0.800000000000000       45.425948698817096       45.425948698817107        0.000000000000011
        0.833333333333333        0.833333333333333       42.382987131500689       42.382987131500698        0.000000000000009
        0.866666666666667        0.866666666666667       34.069461524112833       34.069461524112831        0.000000000000002
        0.800000000000000        0.900000000000000       32.120996366765802       32.120996366765798        0.000000000000004
        0.833333333333333        0.933333333333333       21.939048515934877       21.939048515934868        0.000000000000009
        0.866666666666667        0.966666666666667       10.181947850830941       10.181947850830934        0.000000000000008
        0.800000000000000        1.000000000000000        0.000000000000014        0.000000000000014        0.000000000000000
        0.833333333333333        1.033333333333333      -11.356487174704261      -11.356487174704254        0.000000000000007
        0.866666666666667        1.066666666666667      -19.670012782092127      -19.670012782092116        0.000000000000011
        0.900000000000000        0.000000000000000       32.120996366765802       32.120996366765812        0.000000000000010
        0.933333333333333        0.033333333333333       21.939048515934876       21.939048515934874        0.000000000000002
        0.966666666666667        0.066666666666667       10.181947850830940       10.181947850830933        0.000000000000007
        0.900000000000000        0.100000000000000       22.712974349408555       22.712974349408540        0.000000000000015
        0.933333333333333        0.133333333333333       11.356487174704280       11.356487174704265        0.000000000000015
        0.966666666666667        0.166666666666667        3.042961567316416        3.042961567316411        0.000000000000006
        0.900000000000000        0.200000000000000        0.000000000000002        0.000000000000000        0.000000000000002
        0.933333333333333        0.233333333333333       -5.878550332551970       -5.878550332551964        0.000000000000006
        0.966666666666667        0.266666666666667       -5.878550332551974       -5.878550332551968        0.000000000000006
        0.900000000000000        0.300000000000000      -22.712974349408552      -22.712974349408543        0.000000000000009
        0.933333333333333        0.333333333333333      -19.670012782092144      -19.670012782092133        0.000000000000011
        0.966666666666667        0.366666666666667      -11.356487174704286      -11.356487174704277        0.000000000000009
        0.900000000000000        0.400000000000000      -32.120996366765802      -32.120996366765794        0.000000000000009
        0.933333333333333        0.433333333333333      -21.939048515934877      -21.939048515934865        0.000000000000011
        0.966666666666667        0.466666666666667      -10.181947850830941      -10.181947850830934        0.000000000000007
        0.900000000000000        0.500000000000000      -22.712974349408558      -22.712974349408558        0.000000000000000
        0.933333333333333        0.533333333333333      -11.356487174704283      -11.356487174704281        0.000000000000002
        0.966666666666667        0.566666666666667       -3.042961567316418       -3.042961567316417        0.000000000000001
        0.900000000000000        0.600000000000000       -0.000000000000006       -0.000000000000005        0.000000000000001
        0.933333333333333        0.633333333333333        5.878550332551967        5.878550332551966        0.000000000000001
        0.966666666666667        0.666666666666667        5.878550332551973        5.878550332551970        0.000000000000003
        0.900000000000000        0.700000000000000       22.712974349408549       22.712974349408546        0.000000000000004
        0.933333333333333        0.733333333333333       19.670012782092143       19.670012782092133        0.000000000000009
        0.966666666666667        0.766666666666667       11.356487174704286       11.356487174704278        0.000000000000008
        0.900000000000000        0.800000000000000       32.120996366765802       32.120996366765798        0.000000000000004
        0.933333333333333        0.833333333333333       21.939048515934877       21.939048515934868        0.000000000000009
        0.966666666666667        0.866666666666667       10.181947850830941       10.181947850830934        0.000000000000008
        0.900000000000000        0.900000000000000       22.712974349408561       22.712974349408549        0.000000000000012
        0.933333333333333        0.933333333333333       11.356487174704285       11.356487174704273        0.000000000000012
        0.966666666666667        0.966666666666667        3.042961567316419        3.042961567316415        0.000000000000005
        0.900000000000000        1.000000000000000        0.000000000000010        0.000000000000010        0.000000000000000
        0.933333333333333        1.033333333333333       -5.878550332551964       -5.878550332551957        0.000000000000008
        0.966666666666667        1.066666666666667       -5.878550332551971       -5.878550332551964        0.000000000000008
        1.000000000000000        0.000000000000000        0.000000000000014        0.000000000000014        0.000000000000000
        1.033333333333333        0.033333333333333      -11.356487174704261      -11.356487174704257        0.000000000000004
        1.066666666666667        0.066666666666667      -19.670012782092125      -19.670012782092115        0.000000000000009
        1.000000000000000        0.100000000000000        0.000000000000010        0.000000000000010        0.000000000000000
        1.033333333333333        0.133333333333333       -5.878550332551962       -5.878550332551953        0.000000000000009
        1.066666666666667        0.166666666666667       -5.878550332551966       -5.878550332551956        0.000000000000010
        1.000000000000000        0.200000000000000        0.000000000000000        0.000000000000000        0.000000000000000
        1.033333333333333        0.233333333333333        3.042961567316408        3.042961567316404        0.000000000000004
        1.066666666666667        0.266666666666667       11.356487174704266       11.356487174704256        0.000000000000010
        1.000000000000000        0.300000000000000       -0.000000000000010       -0.000000000000010        0.000000000000000
        1.033333333333333        0.333333333333333       10.181947850830916       10.181947850830908        0.000000000000008
        1.066666666666667        0.366666666666667       21.939048515934852       21.939048515934840        0.000000000000012
        1.000000000000000        0.400000000000000       -0.000000000000014       -0.000000000000014        0.000000000000000
        1.033333333333333        0.433333333333333       11.356487174704261       11.356487174704253        0.000000000000008
        1.066666666666667        0.466666666666667       19.670012782092126       19.670012782092118        0.000000000000008
        1.000000000000000        0.500000000000000       -0.000000000000010       -0.000000000000010        0.000000000000000
        1.033333333333333        0.533333333333333        5.878550332551963        5.878550332551961        0.000000000000002
        1.066666666666667        0.566666666666667        5.878550332551969        5.878550332551968        0.000000000000001
        1.000000000000000        0.600000000000000       -0.000000000000000       -0.000000000000000        0.000000000000000
        1.033333333333333        0.633333333333333       -3.042961567316407       -3.042961567316406        0.000000000000001
        1.066666666666667        0.666666666666667      -11.356487174704264      -11.356487174704260        0.000000000000003
        1.000000000000000        0.700000000000000        0.000000000000010        0.000000000000010        0.000000000000000
        1.033333333333333        0.733333333333333      -10.181947850830915      -10.181947850830908        0.000000000000007
        1.066666666666667        0.766666666666667      -21.939048515934851      -21.939048515934841        0.000000000000010
        1.000000000000000        0.800000000000000        0.000000000000014        0.000000000000014        0.000000000000000
        1.033333333333333        0.833333333333333      -11.356487174704261      -11.356487174704254        0.000000000000007
        1.066666666666667        0.866666666666667      -19.670012782092127      -19.670012782092116        0.000000000000011
        1.000000000000000        0.900000000000000        0.000000000000010        0.000000000000010        0.000000000000000
        1.033333333333333        0.933333333333333       -5.878550332551964       -5.878550332551957        0.000000000000008
        1.066666666666667        0.966666666666667       -5.878550332551971       -5.878550332551964        0.000000000000008
        1.000000000000000        1.000000000000000        0.000000000000000        0.000000000000000        0.000000000000000
        1.033333333333333        1.033333333333333        3.042961567316405        3.042961567316401        0.000000000000005
        1.066666666666667        1.066666666666667       11.356487174704261       11.356487174704249        0.000000000000012
