        0.000000000000000        0.000000000000000       44.538068270023045       44.538068270023095        0.000000000000050
        0.033333333333333        0.033333333333333       41.554583413674324       41.554583413674359        0.000000000000035
        0.066666666666667        0.066666666666667       33.403551202517284       33.403551202517289        0.000000000000004
        0.000000000000000        0.100000000000000       31.493170094682701       31.493170094682707        0.000000000000005
        0.033333333333333        0.133333333333333       21.510235197520473       21.510235197520465        0.000000000000008
        0.066666666666667        0.166666666666667        9.982934897162231        9.982934897162220        0.000000000000010
        0.000000000000000        0.200000000000000        0.000000000000003        0.000000000000000        0.000000000000003
        0.033333333333333        0.233333333333333      -11.134517067505758      -11.134517067505758        0.000000000000000
        0.066666666666667        0.266666666666667      -19.285549278662799      -19.285549278662794        0.000000000000005
        0.000000000000000        0.300000000000000      -31.493170094682697      -31.493170094682711        0.000000000000013
        0.033333333333333        0.333333333333333      -37.256820244861820      -37.256820244861834        0.000000000000014
        0.066666666666667        0.366666666666667      -37.256820244861821      -37.256820244861823        0.000000000000002
        0.000000000000000        0.400000000000000      -44.538068270023045      -44.538068270023069        0.000000000000024
        0.033333333333333        0.433333333333333      -41.554583413674325      -41.554583413674343        0.000000000000018
        0.066666666666667        0.466666666666667      -33.403551202517287      -33.403551202517292        0.000000000000006
        0.000000000000000        0.500000000000000      -31.493170094682705      -31.493170094682731        0.000000000000025
        0.033333333333333        0.533333333333333      -21.510235197520478      -21.510235197520495        0.000000000000017
        0.066666666666667        0.566666666666667       -9.982934897162235       -9.982934897162240        0.000000000000005
        0.000000000000000        0.600000000000000       -0.000000000000008       -0.000000000000007        0.000000000000001
        0.033333333333333        0.633333333333333       11.134517067505753       11.134517067505763        0.000000000000010
        0.066666666666667        0.666666666666667       19.285549278662794       19.285549278662800        0.000000000000006
        0.000000000000000        0.700000000000000       31.493170094682694       31.493170094682714        0.000000000000021
        0.033333333333333        0.733333333333333       37.256820244861817       37.256820244861835        0.000000000000018
        0.066666666666667        0.766666666666667       37.256820244861820       37.256820244861825        0.000000000000005
        0.000000000000000        0.800000000000000       44.538068270023045       44.538068270023075        0.000000000000030
        0.033333333333333        0.833333333333333       41.554583413674326       41.554583413674348        0.000000000000022
        0.066666666666667        0.866666666666667       33.403551202517289       33.403551202517290        0.000000000000001
        0.000000000000000        0.900000000000000       31.493170094682709       31.493170094682719        0.000000000000010
        0.033333333333333        0.933333333333333       21.510235197520482       21.510235197520480        0.000000000000002
        0.066666666666667        0.966666666666667        9.982934897162240        9.982934897162233        0.000000000000007
        0.000000000000000        1.000000000000000        0.000000000000014        0.000000000000014        0.000000000000000
        0.033333333333333        1.033333333333333      -11.134517067505748      -11.134517067505744        0.000000000000004
        0.066666666666667        1.066666666666667      -19.285549278662790      -19.285549278662781        0.000000000000009
        0.100000000000000        0.000000000000000       31.493170094682701       31.493170094682707        0.000000000000005
        0.133333333333333        0.033333333333333       21.510235197520473       21.510235197520465        0.000000000000008
        0.166666666666667        0.066666666666667        9.982934897162231        9.982934897162220        0.000000000000010
        0.100000000000000        0.100000000000000       22.269034135011524       22.269034135011506        0.000000000000017
        0.133333333333333        0.133333333333333       11.134517067505763       11.134517067505745        0.000000000000018
        0.166666666666667        0.166666666666667        2.983484856348722        2.983484856348716        0.000000000000007
        0.100000000000000        0.200000000000000        0.000000000000002        0.000000000000000        0.000000000000002
        0.133333333333333        0.233333333333333       -5.763650150179121       -5.763650150179113        0.000000000000007
        0.166666666666667        0.266666666666667       -5.763650150179122       -5.763650150179114        0.000000000000008
        0.100000000000000        0.300000000000000      -22.269034135011521      -22.269034135011509        0.000000000000012
        0.133333333333333        0.333333333333333      -19.285549278662801      -19.285549278662785        0.000000000000016
        0.166666666666667        0.366666666666667      -11.134517067505763      -11.134517067505750        0.000000000000013
        0.100000000000000        0.400000000000000      -31.493170094682701      -31.493170094682688        0.000000000000013
        0.133333333333333        0.433333333333333      -21.510235197520474      -21.510235197520457        0.000000000000017
        0.166666666666667        0.466666666666667       -9.982934897162231       -9.982934897162221        0.000000000000010
        0.100000000000000        0.500000000000000      -22.269034135011526      -22.269034135011523        0.000000000000003
        0.133333333333333        0.533333333333333      -11.134517067505765      -11.134517067505760        0.000000000000005
        0.166666666666667        0.566666666666667       -2.983484856348724       -2.983484856348722        0.000000000000002
        0.100000000000000        0.600000000000000       -0.000000000000006       -0.000000000000005        0.000000000000001
        0.133333333333333        0.633333333333333        5.763650150179118        5.763650150179116        0.000000000000002
        0.166666666666667        0.666666666666667        5.763650150179121        5.763650150179116        0.000000000000005
        0.100000000000000        0.700000000000000       22.269034135011518       22.269034135011512        0.000000000000007
        0.133333333333333        0.733333333333333       19.285549278662800       19.285549278662785        0.000000000000014
        0.166666666666667        0.766666666666667       11.134517067505763       11.134517067505751        0.000000000000011
        0.100000000000000        0.800000000000000       31.493170094682701       31.493170094682693        0.000000000000009
        0.133333333333333        0.833333333333333       21.510235197520475       21.510235197520460        0.000000000000015
        0.166666666666667        0.866666666666667        9.982934897162232        9.982934897162221        0.000000000000011
        0.100000000000000        0.900000000000000       22.269034135011529       22.269034135011515        0.000000000000014
        0.133333333333333        0.933333333333333       11.134517067505767       11.134517067505753        0.000000000000015
        0.166666666666667        0.966666666666667        2.983484856348725        2.983484856348720        0.000000000000006
        0.100000000000000        1.000000000000000        0.000000000000010        0.000000000000010        0.000000000000000
        0.133333333333333        1.033333333333333       -5.763650150179115       -5.763650150179106        0.000000000000009
        0.166666666666667        1.066666666666667       -5.763650150179119       -5.763650150179110        0.000000000000009
        0.200000000000000        0.000000000000000        0.000000000000003        0.000000000000000        0.000000000000003
        0.233333333333333        0.033333333333333      -11.134517067505758      -11.134517067505758        0.000000000000000
        0.266666666666667        0.066666666666667      -19.285549278662799      -19.285549278662794        0.000000000000005
        0.200000000000000        0.100000000000000        0.000000000000002        0.000000000000000        0.000000000000002
        0.233333333333333        0.133333333333333       -5.763650150179121       -5.763650150179113        0.000000000000007
        0.266666666666667        0.166666666666667       -5.763650150179122       -5.763650150179114        0.000000000000008
        0.200000000000000        0.200000000000000        0.000000000000000        0.000000000000000        0.000000000000000
        0.233333333333333        0.233333333333333        2.983484856348720        2.983484856348717        0.000000000000003
        0.266666666666667        0.266666666666667       11.134517067505758       11.134517067505751        0.000000000000007
        0.200000000000000        0.300000000000000       -0.000000000000002       -0.000000000000000        0.000000000000002
        0.233333333333333        0.333333333333333        9.982934897162225        9.982934897162220        0.000000000000005
        0.266666666666667        0.366666666666667       21.510235197520468       21.510235197520461        0.000000000000007
        0.200000000000000        0.400000000000000       -0.000000000000003       -0.000000000000000        0.000000000000003
        0.233333333333333        0.433333333333333       11.134517067505759       11.134517067505754        0.000000000000005
        0.266666666666667        0.466666666666667       19.285549278662800       19.285549278662796        0.000000000000004
        0.200000000000000        0.500000000000000       -0.000000000000002       -0.000000000000000        0.000000000000002
        0.233333333333333        0.533333333333333        5.763650150179122        5.763650150179121        0.000000000000000
        0.266666666666667        0.566666666666667        5.763650150179125        5.763650150179125        0.000000000000000
        0.200000000000000        0.600000000000000       -0.000000000000000       -0.000000000000000        0.000000000000000
        0.233333333333333        0.633333333333333       -2.983484856348718       -2.983484856348718        0.000000000000000
        0.266666666666667        0.666666666666667      -11.134517067505756      -11.134517067505755        0.000000000000001
        0.200000000000000        0.700000000000000        0.000000000000002        0.000000000000000        0.000000000000002
        0.233333333333333        0.733333333333333       -9.982934897162225       -9.982934897162221        0.000000000000004
        0.266666666666667        0.766666666666667      -21.510235197520467      -21.510235197520462        0.000000000000005
        0.200000000000000        0.800000000000000        0.000000000000003        0.000000000000000        0.000000000000003
        0.233333333333333        0.833333333333333      -11.134517067505759      -11.134517067505755        0.000000000000004
        0.266666666666667        0.866666666666667      -19.285549278662801      -19.285549278662795        0.000000000000007
        0.200000000000000        0.900000000000000        0.000000000000002        0.000000000000000        0.000000000000002
        0.233333333333333        0.933333333333333       -5.763650150179123       -5.763650150179117        0.000000000000006
        0.266666666666667        0.966666666666667       -5.763650150179127       -5.763650150179121        0.000000000000006
        0.200000000000000        1.000000000000000        0.000000000000000        0.000000000000000        0.000000000000000
        0.233333333333333        1.033333333333333        2.983484856348717        2.983484856348713        0.000000000000004
        0.266666666666667        1.066666666666667       11.134517067505753       11.134517067505744        0.000000000000009
        0.300000000000000        0.000000000000000      -31.493170094682697      -31.493170094682711        0.000000000000013
        0.333333333333333        0.033333333333333      -37.256820244861820      -37.256820244861834        0.000000000000014
        0.366666666666667        0.066666666666667      -37.256820244861821      -37.256820244861823        0.000000000000002
        0.300000000000000        0.100000000000000      -22.269034135011521      -22.269034135011509        0.000000000000012
        0.333333333333333        0.133333333333333      -19.285549278662801      -19.285549278662785        0.000000000000016
        0.366666666666667        0.166666666666667      -11.134517067505763      -11.134517067505750        0.000000000000013
        0.300000000000000        0.200000000000000       -0.000000000000002       -0.000000000000000        0.000000000000002
        0.333333333333333        0.233333333333333        9.982934897162225        9.982934897162220        0.000000000000005
        0.366666666666667        0.266666666666667       21.510235197520468       21.510235197520461        0.000000000000007
        0.300000000000000        0.300000000000000       22.269034135011518       22.269034135011512        0.000000000000006
        0.333333333333333        0.333333333333333       33.403551202517280       33.403551202517277        0.000000000000003
        0.366666666666667        0.366666666666667       41.554583413674321       41.554583413674319        0.000000000000002
        0.300000000000000        0.400000000000000       31.493170094682697       31.493170094682692        0.000000000000005
        0.333333333333333        0.433333333333333       37.256820244861821       37.256820244861820        0.000000000000001
        0.366666666666667        0.466666666666667       37.256820244861824       37.256820244861827        0.000000000000003
        0.300000000000000        0.500000000000000       22.269034135011524       22.269034135011526        0.000000000000002
        0.333333333333333        0.533333333333333       19.285549278662805       19.285549278662812        0.000000000000006
        0.366666666666667        0.566666666666667       11.134517067505768       11.134517067505772        0.000000000000004
        0.300000000000000        0.600000000000000        0.000000000000006        0.000000000000005        0.000000000000001
        0.333333333333333        0.633333333333333       -9.982934897162221       -9.982934897162225        0.000000000000004
        0.366666666666667        0.666666666666667      -21.510235197520464      -21.510235197520468        0.000000000000005
        0.300000000000000        0.700000000000000      -22.269034135011516      -22.269034135011515        0.000000000000001
        0.333333333333333        0.733333333333333      -33.403551202517277      -33.403551202517277        0.000000000000000
        0.366666666666667        0.766666666666667      -41.554583413674320      -41.554583413674322        0.000000000000002
        0.300000000000000        0.800000000000000      -31.493170094682697      -31.493170094682697        0.000000000000001
        0.333333333333333        0.833333333333333      -37.256820244861822      -37.256820244861825        0.000000000000002
        0.366666666666667        0.866666666666667      -37.256820244861827      -37.256820244861825        0.000000000000002
        0.300000000000000        0.900000000000000      -22.269034135011526      -22.269034135011518        0.000000000000009
        0.333333333333333        0.933333333333333      -19.285549278662809      -19.285549278662798        0.000000000000011
        0.366666666666667        0.966666666666667      -11.134517067505773      -11.134517067505765        0.000000000000009
        0.300000000000000        1.000000000000000       -0.000000000000010       -0.000000000000010        0.000000000000000
        0.333333333333333        1.033333333333333        9.982934897162216        9.982934897162208        0.000000000000008
        0.366666666666667        1.066666666666667       21.510235197520459       21.510235197520447        0.000000000000012
        0.400000000000000        0.000000000000000      -44.538068270023045      -44.538068270023069        0.000000000000024
        0.433333333333333        0.033333333333333      -41.554583413674325      -41.554583413674343        0.000000000000018
        0.466666666666667        0.066666666666667      -33.403551202517287      -33.403551202517292        0.000000000000006
        0.400000000000000        0.100000000000000      -31.493170094682701      -31.493170094682688        0.000000000000013
        0.433333333333333        0.133333333333333      -21.510235197520474      -21.510235197520457        0.000000000000017
        0.466666666666667        0.166666666666667       -9.982934897162231       -9.982934897162221        0.000000000000010
        0.400000000000000        0.200000000000000       -0.000000000000003       -0.000000000000000        0.000000000000003
        0.433333333333333        0.233333333333333       11.134517067505759       11.134517067505754        0.000000000000005
        0.466666666666667        0.266666666666667       19.285549278662800       19.285549278662796        0.000000000000004
        0.400000000000000        0.300000000000000       31.493170094682697       31.493170094682692        0.000000000000005
        0.433333333333333        0.333333333333333       37.256820244861821       37.256820244861820        0.000000000000001
        0.466666666666667        0.366666666666667       37.256820244861824       37.256820244861827        0.000000000000003
        0.400000000000000        0.400000000000000       44.538068270023045       44.538068270023043        0.000000000000002
        0.433333333333333        0.433333333333333       41.554583413674326       41.554583413674327        0.000000000000001
        0.466666666666667        0.466666666666667       33.403551202517289       33.403551202517296        0.000000000000007
        0.400000000000000        0.500000000000000       31.493170094682705       31.493170094682712        0.000000000000007
        0.433333333333333        0.533333333333333       21.510235197520479       21.510235197520487        0.000000000000008
        0.466666666666667        0.566666666666667        9.982934897162236        9.982934897162241        0.000000000000005
        0.400000000000000        0.600000000000000        0.000000000000008        0.000000000000007        0.000000000000001
        0.433333333333333        0.633333333333333      -11.134517067505754      -11.134517067505759        0.000000000000005
        0.466666666666667        0.666666666666667      -19.285549278662796      -19.285549278662802        0.000000000000007
        0.400000000000000        0.700000000000000      -31.493170094682694      -31.493170094682696        0.000000000000002
        0.433333333333333        0.733333333333333      -37.256820244861818      -37.256820244861821        0.000000000000002
        0.466666666666667        0.766666666666667      -37.256820244861823      -37.256820244861829        0.000000000000007
        0.400000000000000        0.800000000000000      -44.538068270023045      -44.538068270023049        0.000000000000004
        0.433333333333333        0.833333333333333      -41.554583413674328      -41.554583413674332        0.000000000000005
        0.466666666666667        0.866666666666667      -33.403551202517291      -33.403551202517294        0.000000000000003
        0.400000000000000        0.900000000000000      -31.493170094682709      -31.493170094682700        0.000000000000009
        0.433333333333333        0.933333333333333      -21.510235197520483      -21.510235197520472        0.000000000000011
        0.466666666666667        0.966666666666667       -9.982934897162240       -9.982934897162234        0.000000000000006
        0.400000000000000        1.000000000000000       -0.000000000000014       -0.000000000000014        0.000000000000000
        0.433333333333333        1.033333333333333       11.134517067505748       11.134517067505740        0.000000000000008
        0.466666666666667        1.066666666666667       19.285549278662792       19.285549278662784        0.000000000000008
        0.500000000000000        0.000000000000000      -31.493170094682705      -31.493170094682731        0.000000000000025
        0.533333333333333        0.033333333333333      -21.510235197520478      -21.510235197520495        0.000000000000017
        0.566666666666667        0.066666666666667       -9.982934897162235       -9.982934897162240        0.000000000000005
        0.500000000000000        0.100000000000000      -22.269034135011526      -22.269034135011523        0.000000000000003
        0.533333333333333        0.133333333333333      -11.134517067505765      -11.134517067505760        0.000000000000005
        0.566666666666667        0.166666666666667       -2.983484856348724       -2.983484856348722        0.000000000000002
        0.500000000000000        0.200000000000000       -0.000000000000002       -0.000000000000000        0.000000000000002
        0.533333333333333        0.233333333333333        5.763650150179122        5.763650150179121        0.000000000000000
        0.566666666666667        0.266666666666667        5.763650150179125        5.763650150179125        0.000000000000000
        0.500000000000000        0.300000000000000       22.269034135011524       22.269034135011526        0.000000000000002
        0.533333333333333        0.333333333333333       19.285549278662805       19.285549278662812        0.000000000000006
        0.566666666666667        0.366666666666667       11.134517067505768       11.134517067505772        0.000000000000004
        0.500000000000000        0.400000000000000       31.493170094682705       31.493170094682712        0.000000000000007
        0.533333333333333        0.433333333333333       21.510235197520479       21.510235197520487        0.000000000000008
        0.566666666666667        0.466666666666667        9.982934897162236        9.982934897162241        0.000000000000005
        0.500000000000000        0.500000000000000       22.269034135011529       22.269034135011540        0.000000000000011
        0.533333333333333        0.533333333333333       11.134517067505767       11.134517067505776        0.000000000000008
        0.566666666666667        0.566666666666667        2.983484856348725        2.983484856348728        0.000000000000002
        0.500000000000000        0.600000000000000        0.000000000000006        0.000000000000005        0.000000000000001
        0.533333333333333        0.633333333333333       -5.763650150179119       -5.763650150179124        0.000000000000005
        0.566666666666667        0.666666666666667       -5.763650150179123       -5.763650150179127        0.000000000000004
        0.500000000000000        0.700000000000000      -22.269034135011521      -22.269034135011529        0.000000000000008
        0.533333333333333        0.733333333333333      -19.285549278662804      -19.285549278662812        0.000000000000008
        0.566666666666667        0.766666666666667      -11.134517067505768      -11.134517067505773        0.000000000000005
        0.500000000000000        0.800000000000000      -31.493170094682705      -31.493170094682717        0.000000000000012
        0.533333333333333        0.833333333333333      -21.510235197520479      -21.510235197520490        0.000000000000010
        0.566666666666667        0.866666666666667       -9.982934897162237       -9.982934897162240        0.000000000000004
        0.500000000000000        0.900000000000000      -22.269034135011532      -22.269034135011532        0.000000000000000
        0.533333333333333        0.933333333333333      -11.134517067505770      -11.134517067505768        0.000000000000002
        0.566666666666667        0.966666666666667       -2.983484856348727       -2.983484856348725        0.000000000000001
        0.500000000000000        1.000000000000000       -0.000000000000010       -0.000000000000010        0.000000000000000
        0.533333333333333        1.033333333333333        5.763650150179116        5.763650150179114        0.000000000000002
        0.566666666666667        1.066666666666667        5.763650150179122        5.763650150179121        0.000000000000001
        0.600000000000000        0.000000000000000       -0.000000000000008       -0.000000000000007        0.000000000000001
        0.633333333333333        0.033333333333333       11.134517067505753       11.134517067505763        0.000000000000010
        0.666666666666667        0.066666666666667       19.285549278662794       19.285549278662800        0.000000000000006
        0.600000000000000        0.100000000000000       -0.000000000000006       -0.000000000000005        0.000000000000001
        0.633333333333333        0.133333333333333        5.763650150179118        5.763650150179116        0.000000000000002
        0.666666666666667        0.166666666666667        5.763650150179121        5.763650150179116        0.000000000000005
        0.600000000000000        0.200000000000000       -0.000000000000000       -0.000000000000000        0.000000000000000
        0.633333333333333        0.233333333333333       -2.983484856348718       -2.983484856348718        0.000000000000000
        0.666666666666667        0.266666666666667      -11.134517067505756      -11.134517067505755        0.000000000000001
        0.600000000000000        0.300000000000000        0.000000000000006        0.000000000000005        0.000000000000001
        0.633333333333333        0.333333333333333       -9.982934897162221       -9.982934897162225        0.000000000000004
        0.666666666666667        0.366666666666667      -21.510235197520464      -21.510235197520468        0.000000000000005
        0.600000000000000        0.400000000000000        0.000000000000008        0.000000000000007        0.000000000000001
        0.633333333333333        0.433333333333333      -11.134517067505754      -11.134517067505759        0.000000000000005
        0.666666666666667        0.466666666666667      -19.285549278662796      -19.285549278662802        0.000000000000007
        0.600000000000000        0.500000000000000        0.000000000000006        0.000000000000005        0.000000000000001
        0.633333333333333        0.533333333333333       -5.763650150179119       -5.763650150179124        0.000000000000005
        0.666666666666667        0.566666666666667       -5.763650150179123       -5.763650150179127        0.000000000000004
        0.600000000000000        0.600000000000000        0.000000000000000        0.000000000000000        0.000000000000000
        0.633333333333333        0.633333333333333        2.983484856348717        2.983484856348720        0.000000000000003
        0.666666666666667        0.666666666666667       11.134517067505753       11.134517067505759        0.000000000000005
        0.600000000000000        0.700000000000000       -0.000000000000006       -0.000000000000005        0.000000000000001
        0.633333333333333        0.733333333333333        9.982934897162220        9.982934897162225        0.000000000000005
        0.666666666666667        0.766666666666667       21.510235197520463       21.510235197520470        0.000000000000007
        0.600000000000000        0.800000000000000       -0.000000000000008       -0.000000000000007        0.000000000000001
        0.633333333333333        0.833333333333333       11.134517067505754       11.134517067505760        0.000000000000006
        0.666666666666667        0.866666666666667       19.285549278662797       19.285549278662801        0.000000000000004
        0.600000000000000        0.900000000000000       -0.000000000000006       -0.000000000000005        0.000000000000001
        0.633333333333333        0.933333333333333        5.763650150179120        5.763650150179120        0.000000000000000
        0.666666666666667        0.966666666666667        5.763650150179126        5.763650150179123        0.000000000000003
        0.600000000000000        1.000000000000000       -0.000000000000000       -0.000000000000000        0.000000000000000
        0.633333333333333        1.033333333333333       -2.983484856348716       -2.983484856348715        0.000000000000001
        0.666666666666667        1.066666666666667      -11.134517067505751      -11.134517067505748        0.000000000000003
        0.700000000000000        0.000000000000000       31.493170094682694       31.493170094682714        0.000000000000021
        0.733333333333333        0.033333333333333       37.256820244861817       37.256820244861835        0.000000000000018
        0.766666666666667        0.066666666666667       37.256820244861820       37.256820244861825        0.000000000000005
        0.700000000000000        0.100000000000000       22.269034135011518       22.269034135011512        0.000000000000007
        0.733333333333333        0.133333333333333       19.285549278662800       19.285549278662785        0.000000000000015
        0.766666666666667        0.166666666666667       11.134517067505763       11.134517067505751        0.000000000000011
        0.700000000000000        0.200000000000000        0.000000000000002        0.000000000000000        0.000000000000002
        0.733333333333333        0.233333333333333       -9.982934897162225       -9.982934897162221        0.000000000000004
        0.766666666666667        0.266666666666667      -21.510235197520467      -21.510235197520462        0.000000000000005
        0.700000000000000        0.300000000000000      -22.269034135011516      -22.269034135011515        0.000000000000001
        0.733333333333333        0.333333333333333      -33.403551202517277      -33.403551202517277        0.000000000000000
        0.766666666666667        0.366666666666667      -41.554583413674320      -41.554583413674322        0.000000000000002
        0.700000000000000        0.400000000000000      -31.493170094682694      -31.493170094682696        0.000000000000002
        0.733333333333333        0.433333333333333      -37.256820244861818      -37.256820244861821        0.000000000000002
        0.766666666666667        0.466666666666667      -37.256820244861823      -37.256820244861829        0.000000000000007
        0.700000000000000        0.500000000000000      -22.269034135011521      -22.269034135011529        0.000000000000008
        0.733333333333333        0.533333333333333      -19.285549278662804      -19.285549278662812        0.000000000000008
        0.766666666666667        0.566666666666667      -11.134517067505768      -11.134517067505773        0.000000000000005
        0.700000000000000        0.600000000000000       -0.000000000000006       -0.000000000000005        0.000000000000001
        0.733333333333333        0.633333333333333        9.982934897162220        9.982934897162225        0.000000000000005
        0.766666666666667        0.666666666666667       21.510235197520463       21.510235197520470        0.000000000000007
        0.700000000000000        0.700000000000000       22.269034135011513       22.269034135011517        0.000000000000004
        0.733333333333333        0.733333333333333       33.403551202517275       33.403551202517278        0.000000000000003
        0.766666666666667        0.766666666666667       41.554583413674318       41.554583413674324        0.000000000000006
        0.700000000000000        0.800000000000000       31.493170094682694       31.493170094682700        0.000000000000007
        0.733333333333333        0.833333333333333       37.256820244861820       37.256820244861825        0.000000000000006
        0.766666666666667        0.866666666666667       37.256820244861825       37.256820244861827        0.000000000000002
        0.700000000000000        0.900000000000000       22.269034135011524       22.269034135011520        0.000000000000004
        0.733333333333333        0.933333333333333       19.285549278662808       19.285549278662799        0.000000000000009
        0.766666666666667        0.966666666666667       11.134517067505773       11.134517067505765        0.000000000000008
        0.700000000000000        1.000000000000000        0.000000000000010        0.000000000000010        0.000000000000000
        0.733333333333333        1.033333333333333       -9.982934897162215       -9.982934897162208        0.000000000000007
        0.766666666666667        1.066666666666667      -21.510235197520458      -21.510235197520448        0.000000000000010
        0.800000000000000        0.000000000000000       44.538068270023045       44.538068270023075        0.000000000000030
        0.833333333333333        0.033333333333333       41.554583413674326       41.554583413674348        0.000000000000022
        0.866666666666667        0.066666666666667       33.403551202517289       33.403551202517290        0.000000000000001
        0.800000000000000        0.100000000000000       31.493170094682701       31.493170094682693        0.000000000000009
        0.833333333333333        0.133333333333333       21.510235197520475       21.510235197520460        0.000000000000015
        0.866666666666667        0.166666666666667        9.982934897162232        9.982934897162221        0.000000000000011
        0.800000000000000        0.200000000000000        0.000000000000003        0.000000000000000        0.000000000000003
        0.833333333333333        0.233333333333333      -11.134517067505759      -11.134517067505755        0.000000000000004
        0.866666666666667        0.266666666666667      -19.285549278662801      -19.285549278662795        0.000000000000007
        0.800000000000000        0.300000000000000      -31.493170094682697      -31.493170094682697        0.000000000000001
        0.833333333333333        0.333333333333333      -37.256820244861822      -37.256820244861825        0.000000000000002
        0.866666666666667        0.366666666666667      -37.256820244861827      -37.256820244861825        0.000000000000002
        0.800000000000000        0.400000000000000      -44.538068270023045      -44.538068270023049        0.000000000000004
        0.833333333333333        0.433333333333333      -41.554583413674328      -41.554583413674332        0.000000000000005
        0.866666666666667        0.466666666666667      -33.403551202517291      -33.403551202517294        0.000000000000003
        0.800000000000000        0.500000000000000      -31.493170094682705      -31.493170094682717        0.000000000000012
        0.833333333333333        0.533333333333333      -21.510235197520479      -21.510235197520490        0.000000000000010
        0.866666666666667        0.566666666666667       -9.982934897162237       -9.982934897162240        0.000000000000004
        0.800000000000000        0.600000000000000       -0.000000000000008       -0.000000000000007        0.000000000000001
        0.833333333333333        0.633333333333333       11.134517067505754       11.134517067505760        0.000000000000006
        0.866666666666667        0.666666666666667       19.285549278662797       19.285549278662801        0.000000000000004
        0.800000000000000        0.700000000000000       31.493170094682694       31.493170094682700        0.000000000000007
        0.833333333333333        0.733333333333333       37.256820244861820       37.256820244861825        0.000000000000006
        0.866666666666667        0.766666666666667       37.256820244861825       37.256820244861827        0.000000000000002
        0.800000000000000        0.800000000000000       44.538068270023045       44.538068270023055        0.000000000000011
        0.833333333333333        0.833333333333333       41.554583413674329       41.554583413674338        0.000000000000008
        0.866666666666667        0.866666666666667       33.403551202517294       33.403551202517292        0.000000000000002
        0.800000000000000        0.900000000000000       31.493170094682709       31.493170094682705        0.000000000000004
        0.833333333333333        0.933333333333333       21.510235197520484       21.510235197520475        0.000000000000009
        0.866666666666667        0.966666666666667        9.982934897162241        9.982934897162233        0.000000000000008
        0.800000000000000        1.000000000000000        0.000000000000014        0.000000000000014        0.000000000000000
        0.833333333333333        1.033333333333333      -11.134517067505749      -11.134517067505742        0.000000000000007
        0.866666666666667        1.066666666666667      -19.285549278662793      -19.285549278662782        0.000000000000011
        0.900000000000000        0.000000000000000       31.493170094682709       31.493170094682719        0.000000000000010
        0.933333333333333        0.033333333333333       21.510235197520482       21.510235197520480        0.000000000000002
        0.966666666666667        0.066666666666667        9.982934897162240        9.982934897162233        0.000000000000007
        0.900000000000000        0.100000000000000       22.269034135011529       22.269034135011515        0.000000000000014
        0.933333333333333        0.133333333333333       11.134517067505767       11.134517067505753        0.000000000000015
        0.966666666666667        0.166666666666667        2.983484856348725        2.983484856348720        0.000000000000006
        0.900000000000000        0.200000000000000        0.000000000000002        0.000000000000000        0.000000000000002
        0.933333333333333        0.233333333333333       -5.763650150179123       -5.763650150179117        0.000000000000006
        0.966666666666667        0.266666666666667       -5.763650150179127       -5.763650150179121        0.000000000000006
        0.900000000000000        0.300000000000000      -22.269034135011526      -22.269034135011518        0.000000000000009
        0.933333333333333        0.333333333333333      -19.285549278662809      -19.285549278662798        0.000000000000011
        0.966666666666667        0.366666666666667      -11.134517067505773      -11.134517067505765        0.000000000000009
        0.900000000000000        0.400000000000000      -31.493170094682709      -31.493170094682700        0.000000000000009
        0.933333333333333        0.433333333333333      -21.510235197520483      -21.510235197520472        0.000000000000011
        0.966666666666667        0.466666666666667       -9.982934897162240       -9.982934897162234        0.000000000000006
        0.900000000000000        0.500000000000000      -22.269034135011532      -22.269034135011532        0.000000000000000
        0.933333333333333        0.533333333333333      -11.134517067505770      -11.134517067505768        0.000000000000002
        0.966666666666667        0.566666666666667       -2.983484856348727       -2.983484856348725        0.000000000000001
        0.900000000000000        0.600000000000000       -0.000000000000006       -0.000000000000005        0.000000000000001
        0.933333333333333        0.633333333333333        5.763650150179120        5.763650150179120        0.000000000000001
        0.966666666666667        0.666666666666667        5.763650150179126        5.763650150179123        0.000000000000003
        0.900000000000000        0.700000000000000       22.269034135011524       22.269034135011520        0.000000000000004
        0.933333333333333        0.733333333333333       19.285549278662808       19.285549278662799        0.000000000000009
        0.966666666666667        0.766666666666667       11.134517067505773       11.134517067505765        0.000000000000008
        0.900000000000000        0.800000000000000       31.493170094682709       31.493170094682705        0.000000000000004
        0.933333333333333        0.833333333333333       21.510235197520484       21.510235197520475        0.000000000000009
        0.966666666666667        0.866666666666667        9.982934897162241        9.982934897162233        0.000000000000008
        0.900000000000000        0.900000000000000       22.269034135011535       22.269034135011523        0.000000000000011
        0.933333333333333        0.933333333333333       11.134517067505772       11.134517067505760        0.000000000000012
        0.966666666666667        0.966666666666667        2.983484856348728        2.983484856348723        0.000000000000004
        0.900000000000000        1.000000000000000        0.000000000000010        0.000000000000010        0.000000000000000
        0.933333333333333        1.033333333333333       -5.763650150179118       -5.763650150179110        0.000000000000007
        0.966666666666667        1.066666666666667       -5.763650150179125       -5.763650150179117        0.000000000000007
        1.000000000000000        0.000000000000000        0.000000000000014        0.000000000000014        0.000000000000000
        1.033333333333333        0.033333333333333      -11.134517067505748      -11.134517067505744        0.000000000000004
        1.066666666666667        0.066666666666667      -19.285549278662790      -19.285549278662781        0.000000000000009
        1.000000000000000        0.100000000000000        0.000000000000010        0.000000000000010        0.000000000000000
        1.033333333333333        0.133333333333333       -5.763650150179115       -5.763650150179106        0.000000000000009
        1.066666666666667        0.166666666666667       -5.763650150179119       -5.763650150179110        0.000000000000009
        1.000000000000000        0.200000000000000        0.000000000000000        0.000000000000000        0.000000000000000
        1.033333333333333        0.233333333333333        2.983484856348717        2.983484856348713        0.000000000000004
        1.066666666666667        0.266666666666667       11.134517067505753       11.134517067505744        0.000000000000009
        1.000000000000000        0.300000000000000       -0.000000000000010       -0.000000000000010        0.000000000000000
        1.033333333333333        0.333333333333333        9.982934897162216        9.982934897162208        0.000000000000008
        1.066666666666667        0.366666666666667       21.510235197520459       21.510235197520447        0.000000000000012
        1.000000000000000        0.400000000000000       -0.000000000000014       -0.000000000000014        0.000000000000000
        1.033333333333333        0.433333333333333       11.134517067505748       11.134517067505740        0.000000000000008
        1.066666666666667        0.466666666666667       19.285549278662792       19.285549278662784        0.000000000000008
        1.000000000000000        0.500000000000000       -0.000000000000010       -0.000000000000010        0.000000000000000
        1.033333333333333        0.533333333333333        5.763650150179116        5.763650150179114        0.000000000000002
        1.066666666666667        0.566666666666667        5.763650150179122        5.763650150179121        0.000000000000001
        1.000000000000000        0.600000000000000       -0.000000000000000       -0.000000000000000        0.000000000000000
        1.033333333333333        0.633333333333333       -2.983484856348716       -2.983484856348715        0.000000000000001
        1.066666666666667        0.666666666666667      -11.134517067505751      -11.134517067505748        0.000000000000003
        1.000000000000000        0.700000000000000        0.000000000000010        0.000000000000010        0.000000000000000
        1.033333333333333        0.733333333333333       -9.982934897162215       -9.982934897162208        0.000000000000007
        1.066666666666667        0.766666666666667      -21.510235197520458      -21.510235197520448        0.000000000000010
        1.000000000000000        0.800000000000000        0.000000000000014        0.000000000000014        0.000000000000000
        1.033333333333333        0.833333333333333      -11.134517067505749      -11.134517067505742        0.000000000000007
        1.066666666666667        0.866666666666667      -19.285549278662793      -19.285549278662782        0.000000000000011
        1.000000000000000        0.900000000000000        0.000000000000010        0.000000000000010        0.000000000000000
        1.033333333333333        0.933333333333333       -5.763650150179118       -5.763650150179110        0.000000000000007
        1.066666666666667        0.966666666666667       -5.763650150179125       -5.763650150179117        0.000000000000007
        1.000000000000000        1.000000000000000        0.000000000000000        0.000000000000000        0.000000000000000
        1.033333333333333        1.033333333333333        2.983484856348714        2.983484856348710        0.000000000000004
        1.066666666666667        1.066666666666667       11.134517067505749       11.134517067505737        0.000000000000012
