        0.000000000000000        0.000000000000000       43.640614026496835       43.640614026496884        0.000000000000049
        0.033333333333333        0.033333333333333       40.717247205097297       40.717247205097332        0.000000000000034
        0.066666666666667        0.066666666666667       32.730460519872627       32.730460519872631        0.000000000000004
        0.000000000000000        0.100000000000000       30.858574113280675       30.858574113280680        0.000000000000005
        0.033333333333333        0.133333333333333       21.076798081653131       21.076798081653123        0.000000000000008
        0.066666666666667        0.166666666666667        9.781776031627547        9.781776031627537        0.000000000000010
        0.000000000000000        0.200000000000000        0.000000000000003        0.000000000000000        0.000000000000003
        0.033333333333333        0.233333333333333      -10.910153506624206      -10.910153506624206        0.000000000000000
        0.066666666666667        0.266666666666667      -18.896940191848877      -18.896940191848872        0.000000000000005
        0.000000000000000        0.300000000000000      -30.858574113280671      -30.858574113280684        0.000000000000013
        0.033333333333333        0.333333333333333      -36.506085138293465      -36.506085138293478        0.000000000000014
        0.066666666666667        0.366666666666667      -36.506085138293466      -36.506085138293468        0.000000000000002
        0.000000000000000        0.400000000000000      -43.640614026496835      -43.640614026496859        0.000000000000023
        0.033333333333333        0.433333333333333      -40.717247205097298      -40.717247205097316        0.000000000000018
        0.066666666666667        0.466666666666667      -32.730460519872629      -32.730460519872635        0.000000000000006
        0.000000000000000        0.500000000000000      -30.858574113280679      -30.858574113280704        0.000000000000025
        0.033333333333333        0.533333333333333      -21.076798081653135      -21.076798081653152        0.000000000000017
        0.066666666666667        0.566666666666667       -9.781776031627551       -9.781776031627556        0.000000000000004
        0.000000000000000        0.600000000000000       -0.000000000000008       -0.000000000000007        0.000000000000001
        0.033333333333333        0.633333333333333       10.910153506624201       10.910153506624210        0.000000000000009
        0.066666666666667        0.666666666666667       18.896940191848873       18.896940191848878        0.000000000000006
        0.000000000000000        0.700000000000000       30.858574113280668       30.858574113280688        0.000000000000020
        0.033333333333333        0.733333333333333       36.506085138293462       36.506085138293479        0.000000000000017
        0.066666666666667        0.766666666666667       36.506085138293465       36.506085138293470        0.000000000000005
        0.000000000000000        0.800000000000000       43.640614026496835       43.640614026496865        0.000000000000030
        0.033333333333333        0.833333333333333       40.717247205097300       40.717247205097321        0.000000000000021
        0.066666666666667        0.866666666666667       32.730460519872632       32.730460519872633        0.000000000000001
        0.000000000000000        0.900000000000000       30.858574113280683       30.858574113280692        0.000000000000009
        0.033333333333333        0.933333333333333       21.076798081653140       21.076798081653138        0.000000000000002
        0.066666666666667        0.966666666666667        9.781776031627556        9.781776031627549        0.000000000000007
        0.000000000000000        1.000000000000000        0.000000000000013        0.000000000000013        0.000000000000000
        0.033333333333333        1.033333333333333      -10.910153506624196      -10.910153506624192        0.000000000000004
        0.066666666666667        1.066666666666667      -18.896940191848869      -18.896940191848860        0.000000000000009
        0.100000000000000        0.000000000000000       30.858574113280675       30.858574113280680        0.000000000000005
        0.133333333333333        0.033333333333333       21.076798081653131       21.076798081653123        0.000000000000008
        0.166666666666667        0.066666666666667        9.781776031627547        9.781776031627537        0.000000000000010
        0.100000000000000        0.100000000000000       21.820307013248419       21.820307013248402        0.000000000000017
        0.133333333333333        0.133333333333333       10.910153506624210       10.910153506624193        0.000000000000017
        0.166666666666667        0.166666666666667        2.923366821399539        2.923366821399533        0.000000000000006
        0.100000000000000        0.200000000000000        0.000000000000002        0.000000000000000        0.000000000000002
        0.133333333333333        0.233333333333333       -5.647511025012791       -5.647511025012784        0.000000000000007
        0.166666666666667        0.266666666666667       -5.647511025012793       -5.647511025012785        0.000000000000008
        0.100000000000000        0.300000000000000      -21.820307013248416      -21.820307013248405        0.000000000000012
        0.133333333333333        0.333333333333333      -18.896940191848880      -18.896940191848864        0.000000000000016
        0.166666666666667        0.366666666666667      -10.910153506624211      -10.910153506624198        0.000000000000012
        0.100000000000000        0.400000000000000      -30.858574113280675      -30.858574113280663        0.000000000000013
        0.133333333333333        0.433333333333333      -21.076798081653132      -21.076798081653115        0.000000000000017
        0.166666666666667        0.466666666666667       -9.781776031627548       -9.781776031627538        0.000000000000010
        0.100000000000000        0.500000000000000      -21.820307013248422      -21.820307013248418        0.000000000000003
        0.133333333333333        0.533333333333333      -10.910153506624213      -10.910153506624208        0.000000000000005
        0.166666666666667        0.566666666666667       -2.923366821399541       -2.923366821399539        0.000000000000002
        0.100000000000000        0.600000000000000       -0.000000000000006       -0.000000000000005        0.000000000000001
        0.133333333333333        0.633333333333333        5.647511025012789        5.647511025012787        0.000000000000002
        0.166666666666667        0.666666666666667        5.647511025012791        5.647511025012786        0.000000000000005
        0.100000000000000        0.700000000000000       21.820307013248414       21.820307013248407        0.000000000000006
        0.133333333333333        0.733333333333333       18.896940191848878       18.896940191848864        0.000000000000014
        0.166666666666667        0.766666666666667       10.910153506624210       10.910153506624199        0.000000000000011
        0.100000000000000        0.800000000000000       30.858574113280675       30.858574113280667        0.000000000000008
        0.133333333333333        0.833333333333333       21.076798081653132       21.076798081653118        0.000000000000015
        0.166666666666667        0.866666666666667        9.781776031627548        9.781776031627537        0.000000000000011
        0.100000000000000        0.900000000000000       21.820307013248424       21.820307013248410        0.000000000000014
        0.133333333333333        0.933333333333333       10.910153506624215       10.910153506624200        0.000000000000015
        0.166666666666667        0.966666666666667        2.923366821399542        2.923366821399537        0.000000000000005
        0.100000000000000        1.000000000000000        0.000000000000009        0.000000000000009        0.000000000000000
        0.133333333333333        1.033333333333333       -5.647511025012786       -5.647511025012777        0.000000000000009
        0.166666666666667        1.066666666666667       -5.647511025012790       -5.647511025012781        0.000000000000009
        0.200000000000000        0.000000000000000        0.000000000000003        0.000000000000000        0.000000000000003
        0.233333333333333        0.033333333333333      -10.910153506624206      -10.910153506624206        0.000000000000000
        0.266666666666667        0.066666666666667      -18.896940191848877      -18.896940191848872        0.000000000000005
        0.200000000000000        0.100000000000000        0.000000000000002        0.000000000000000        0.000000000000002
        0.233333333333333        0.133333333333333       -5.647511025012791       -5.647511025012784        0.000000000000007
        0.266666666666667        0.166666666666667       -5.647511025012793       -5.647511025012785        0.000000000000008
        0.200000000000000        0.200000000000000        0.000000000000000       -0.000000000000000        0.000000000000000
        0.233333333333333        0.233333333333333        2.923366821399537        2.923366821399534        0.000000000000003
        0.266666666666667        0.266666666666667       10.910153506624206       10.910153506624199        0.000000000000007
        0.200000000000000        0.300000000000000       -0.000000000000002       -0.000000000000000        0.000000000000002
        0.233333333333333        0.333333333333333        9.781776031627542        9.781776031627537        0.000000000000005
        0.266666666666667        0.366666666666667       21.076798081653126       21.076798081653119        0.000000000000007
        0.200000000000000        0.400000000000000       -0.000000000000003       -0.000000000000000        0.000000000000003
        0.233333333333333        0.433333333333333       10.910153506624206       10.910153506624201        0.000000000000005
        0.266666666666667        0.466666666666667       18.896940191848878       18.896940191848874        0.000000000000004
        0.200000000000000        0.500000000000000       -0.000000000000002       -0.000000000000000        0.000000000000002
        0.233333333333333        0.533333333333333        5.647511025012792        5.647511025012792        0.000000000000000
        0.266666666666667        0.566666666666667        5.647511025012795        5.647511025012796        0.000000000000000
        0.200000000000000        0.600000000000000       -0.000000000000000       -0.000000000000000        0.000000000000000
        0.233333333333333        0.633333333333333       -2.923366821399535       -2.923366821399535        0.000000000000000
        0.266666666666667        0.666666666666667      -10.910153506624203      -10.910153506624202        0.000000000000001
        0.200000000000000        0.700000000000000        0.000000000000002        0.000000000000000        0.000000000000002
        0.233333333333333        0.733333333333333       -9.781776031627541       -9.781776031627537        0.000000000000004
        0.266666666666667        0.766666666666667      -21.076798081653125      -21.076798081653120        0.000000000000005
        0.200000000000000        0.800000000000000        0.000000000000003        0.000000000000000        0.000000000000003
        0.233333333333333        0.833333333333333      -10.910153506624207      -10.910153506624203        0.000000000000004
        0.266666666666667        0.866666666666667      -18.896940191848880      -18.896940191848873        0.000000000000006
        0.200000000000000        0.900000000000000        0.000000000000002        0.000000000000000        0.000000000000002
        0.233333333333333        0.933333333333333       -5.647511025012794       -5.647511025012788        0.000000000000006
        0.266666666666667        0.966666666666667       -5.647511025012798       -5.647511025012792        0.000000000000006
        0.200000000000000        1.000000000000000        0.000000000000000        0.000000000000000        0.000000000000000
        0.233333333333333        1.033333333333333        2.923366821399534        2.923366821399531        0.000000000000004
        0.266666666666667        1.066666666666667       10.910153506624201       10.910153506624192        0.000000000000009
        0.300000000000000        0.000000000000000      -30.858574113280671      -30.858574113280684        0.000000000000013
        0.333333333333333        0.033333333333333      -36.506085138293465      -36.506085138293478        0.000000000000014
        0.366666666666667        0.066666666666667      -36.506085138293466      -36.506085138293468        0.000000000000002
        0.300000000000000        0.100000000000000      -21.820307013248416      -21.820307013248405        0.000000000000012
        0.333333333333333        0.133333333333333      -18.896940191848880      -18.896940191848864        0.000000000000016
        0.366666666666667        0.166666666666667      -10.910153506624211      -10.910153506624198        0.000000000000012
        0.300000000000000        0.200000000000000       -0.000000000000002       -0.000000000000000        0.000000000000002
        0.333333333333333        0.233333333333333        9.781776031627542        9.781776031627537        0.000000000000005
        0.366666666666667        0.266666666666667       21.076798081653126       21.076798081653119        0.000000000000007
        0.300000000000000        0.300000000000000       21.820307013248414       21.820307013248407        0.000000000000006
        0.333333333333333        0.333333333333333       32.730460519872623       32.730460519872620        0.000000000000003
        0.366666666666667        0.366666666666667       40.717247205097294       40.717247205097293        0.000000000000002
        0.300000000000000        0.400000000000000       30.858574113280671       30.858574113280666        0.000000000000005
        0.333333333333333        0.433333333333333       36.506085138293466       36.506085138293465        0.000000000000001
        0.366666666666667        0.466666666666667       36.506085138293469       36.506085138293472        0.000000000000003
        0.300000000000000        0.500000000000000       21.820307013248419       21.820307013248421        0.000000000000002
        0.333333333333333        0.533333333333333       18.896940191848884       18.896940191848890        0.000000000000006
        0.366666666666667        0.566666666666667       10.910153506624216       10.910153506624220        0.000000000000004
        0.300000000000000        0.600000000000000        0.000000000000006        0.000000000000005        0.000000000000001
        0.333333333333333        0.633333333333333       -9.781776031627537       -9.781776031627541        0.000000000000004
        0.366666666666667        0.666666666666667      -21.076798081653121      -21.076798081653126        0.000000000000005
        0.300000000000000        0.700000000000000      -21.820307013248411      -21.820307013248410        0.000000000000001
        0.333333333333333        0.733333333333333      -32.730460519872620      -32.730460519872620        0.000000000000000
        0.366666666666667        0.766666666666667      -40.717247205097293      -40.717247205097295        0.000000000000002
        0.300000000000000        0.800000000000000      -30.858574113280671      -30.858574113280671        0.000000000000001
        0.333333333333333        0.833333333333333      -36.506085138293467      -36.506085138293469        0.000000000000002
        0.366666666666667        0.866666666666667      -36.506085138293471      -36.506085138293469        0.000000000000002
        0.300000000000000        0.900000000000000      -21.820307013248422      -21.820307013248413        0.000000000000009
        0.333333333333333        0.933333333333333      -18.896940191848888      -18.896940191848877        0.000000000000011
        0.366666666666667        0.966666666666667      -10.910153506624221      -10.910153506624212        0.000000000000008
        0.300000000000000        1.000000000000000       -0.000000000000009       -0.000000000000009        0.000000000000000
        0.333333333333333        1.033333333333333        9.781776031627533        9.781776031627525        0.000000000000008
        0.366666666666667        1.066666666666667       21.076798081653117       21.076798081653105        0.000000000000012
        0.400000000000000        0.000000000000000      -43.640614026496835      -43.640614026496859        0.000000000000023
        0.433333333333333        0.033333333333333      -40.717247205097298      -40.717247205097316        0.000000000000018
        0.466666666666667        0.066666666666667      -32.730460519872629      -32.730460519872635        0.000000000000006
        0.400000000000000        0.100000000000000      -30.858574113280675      -30.858574113280663        0.000000000000013
        0.433333333333333        0.133333333333333      -21.076798081653132      -21.076798081653115        0.000000000000017
        0.466666666666667        0.166666666666667       -9.781776031627548       -9.781776031627538        0.000000000000010
        0.400000000000000        0.200000000000000       -0.000000000000003       -0.000000000000000        0.000000000000003
        0.433333333333333        0.233333333333333       10.910153506624206       10.910153506624201        0.000000000000005
        0.466666666666667        0.266666666666667       18.896940191848878       18.896940191848874        0.000000000000004
        0.400000000000000        0.300000000000000       30.858574113280671       30.858574113280666        0.000000000000005
        0.433333333333333        0.333333333333333       36.506085138293466       36.506085138293465        0.000000000000001
        0.466666666666667        0.366666666666667       36.506085138293469       36.506085138293472        0.000000000000003
        0.400000000000000        0.400000000000000       43.640614026496835       43.640614026496833        0.000000000000002
        0.433333333333333        0.433333333333333       40.717247205097300       40.717247205097300        0.000000000000001
        0.466666666666667        0.466666666666667       32.730460519872632       32.730460519872639        0.000000000000007
        0.400000000000000        0.500000000000000       30.858574113280679       30.858574113280686        0.000000000000007
        0.433333333333333        0.533333333333333       21.076798081653136       21.076798081653144        0.000000000000008
        0.466666666666667        0.566666666666667        9.781776031627552        9.781776031627557        0.000000000000005
        0.400000000000000        0.600000000000000        0.000000000000008        0.000000000000007        0.000000000000001
        0.433333333333333        0.633333333333333      -10.910153506624201      -10.910153506624206        0.000000000000005
        0.466666666666667        0.666666666666667      -18.896940191848874      -18.896940191848881        0.000000000000006
        0.400000000000000        0.700000000000000      -30.858574113280668      -30.858574113280670        0.000000000000002
        0.433333333333333        0.733333333333333      -36.506085138293463      -36.506085138293465        0.000000000000002
        0.466666666666667        0.766666666666667      -36.506085138293467      -36.506085138293474        0.000000000000007
        0.400000000000000        0.800000000000000      -43.640614026496835      -43.640614026496839        0.000000000000004
        0.433333333333333        0.833333333333333      -40.717247205097301      -40.717247205097306        0.000000000000005
        0.466666666666667        0.866666666666667      -32.730460519872634      -32.730460519872637        0.000000000000003
        0.400000000000000        0.900000000000000      -30.858574113280683      -30.858574113280674        0.000000000000009
        0.433333333333333        0.933333333333333      -21.076798081653141      -21.076798081653130        0.000000000000011
        0.466666666666667        0.966666666666667       -9.781776031627556       -9.781776031627550        0.000000000000006
        0.400000000000000        1.000000000000000       -0.000000000000013       -0.000000000000013        0.000000000000000
        0.433333333333333        1.033333333333333       10.910153506624196       10.910153506624188        0.000000000000008
        0.466666666666667        1.066666666666667       18.896940191848870       18.896940191848862        0.000000000000008
        0.500000000000000        0.000000000000000      -30.858574113280679      -30.858574113280704        0.000000000000025
        0.533333333333333        0.033333333333333      -21.076798081653135      -21.076798081653152        0.000000000000017
        0.566666666666667        0.066666666666667       -9.781776031627551       -9.781776031627556        0.000000000000004
        0.500000000000000        0.100000000000000      -21.820307013248422      -21.820307013248419        0.000000000000003
        0.533333333333333        0.133333333333333      -10.910153506624213      -10.910153506624208        0.000000000000005
        0.566666666666667        0.166666666666667       -2.923366821399541       -2.923366821399539        0.000000000000002
        0.500000000000000        0.200000000000000       -0.000000000000002       -0.000000000000000        0.000000000000002
        0.533333333333333        0.233333333333333        5.647511025012792        5.647511025012792        0.000000000000000
        0.566666666666667        0.266666666666667        5.647511025012795        5.647511025012796        0.000000000000000
        0.500000000000000        0.300000000000000       21.820307013248419       21.820307013248421        0.000000000000002
        0.533333333333333        0.333333333333333       18.896940191848884       18.896940191848890        0.000000000000006
        0.566666666666667        0.366666666666667       10.910153506624216       10.910153506624220        0.000000000000004
        0.500000000000000        0.400000000000000       30.858574113280679       30.858574113280686        0.000000000000007
        0.533333333333333        0.433333333333333       21.076798081653136       21.076798081653144        0.000000000000008
        0.566666666666667        0.466666666666667        9.781776031627552        9.781776031627557        0.000000000000005
        0.500000000000000        0.500000000000000       21.820307013248424       21.820307013248435        0.000000000000011
        0.533333333333333        0.533333333333333       10.910153506624215       10.910153506624223        0.000000000000008
        0.566666666666667        0.566666666666667        2.923366821399542        2.923366821399544        0.000000000000002
        0.500000000000000        0.600000000000000        0.000000000000006        0.000000000000005        0.000000000000001
        0.533333333333333        0.633333333333333       -5.647511025012790       -5.647511025012794        0.000000000000005
        0.566666666666667        0.666666666666667       -5.647511025012794       -5.647511025012797        0.000000000000004
        0.500000000000000        0.700000000000000      -21.820307013248416      -21.820307013248424        0.000000000000008
        0.533333333333333        0.733333333333333      -18.896940191848882      -18.896940191848890        0.000000000000008
        0.566666666666667        0.766666666666667      -10.910153506624215      -10.910153506624220        0.000000000000005
        0.500000000000000        0.800000000000000      -30.858574113280679      -30.858574113280690        0.000000000000011
        0.533333333333333        0.833333333333333      -21.076798081653137      -21.076798081653147        0.000000000000010
        0.566666666666667        0.866666666666667       -9.781776031627553       -9.781776031627556        0.000000000000004
        0.500000000000000        0.900000000000000      -21.820307013248427      -21.820307013248427        0.000000000000000
        0.533333333333333        0.933333333333333      -10.910153506624217      -10.910153506624216        0.000000000000002
        0.566666666666667        0.966666666666667       -2.923366821399543       -2.923366821399542        0.000000000000001
        0.500000000000000        1.000000000000000       -0.000000000000009       -0.000000000000009        0.000000000000000
        0.533333333333333        1.033333333333333        5.647511025012787        5.647511025012785        0.000000000000002
        0.566666666666667        1.066666666666667        5.647511025012793        5.647511025012792        0.000000000000001
        0.600000000000000        0.000000000000000       -0.000000000000008       -0.000000000000007        0.000000000000001
        0.633333333333333        0.033333333333333       10.910153506624201       10.910153506624210        0.000000000000009
        0.666666666666667        0.066666666666667       18.896940191848873       18.896940191848878        0.000000000000006
        0.600000000000000        0.100000000000000       -0.000000000000006       -0.000000000000005        0.000000000000001
        0.633333333333333        0.133333333333333        5.647511025012789        5.647511025012787        0.000000000000002
        0.666666666666667        0.166666666666667        5.647511025012791        5.647511025012786        0.000000000000005
        0.600000000000000        0.200000000000000       -0.000000000000000       -0.000000000000000        0.000000000000000
        0.633333333333333        0.233333333333333       -2.923366821399535       -2.923366821399535        0.000000000000000
        0.666666666666667        0.266666666666667      -10.910153506624203      -10.910153506624202        0.000000000000001
        0.600000000000000        0.300000000000000        0.000000000000006        0.000000000000005        0.000000000000001
        0.633333333333333        0.333333333333333       -9.781776031627537       -9.781776031627541        0.000000000000004
        0.666666666666667        0.366666666666667      -21.076798081653121      -21.076798081653126        0.000000000000005
        0.600000000000000        0.400000000000000        0.000000000000008        0.000000000000007        0.000000000000001
        0.633333333333333        0.433333333333333      -10.910153506624201      -10.910153506624206        0.000000000000005
        0.666666666666667        0.466666666666667      -18.896940191848874      -18.896940191848881        0.000000000000006
        0.600000000000000        0.500000000000000        0.000000000000006        0.000000000000005        0.000000000000001
        0.633333333333333        0.533333333333333       -5.647511025012790       -5.647511025012794        0.000000000000005
        0.666666666666667        0.566666666666667       -5.647511025012794       -5.647511025012797        0.000000000000004
        0.600000000000000        0.600000000000000        0.000000000000000        0.000000000000000        0.000000000000000
        0.633333333333333        0.633333333333333        2.923366821399534        2.923366821399537        0.000000000000003
        0.666666666666667        0.666666666666667       10.910153506624201       10.910153506624206        0.000000000000005
        0.600000000000000        0.700000000000000       -0.000000000000006       -0.000000000000005        0.000000000000001
        0.633333333333333        0.733333333333333        9.781776031627537        9.781776031627541        0.000000000000005
        0.666666666666667        0.766666666666667       21.076798081653121       21.076798081653127        0.000000000000007
        0.600000000000000        0.800000000000000       -0.000000000000008       -0.000000000000007        0.000000000000001
        0.633333333333333        0.833333333333333       10.910153506624202       10.910153506624208        0.000000000000006
        0.666666666666667        0.866666666666667       18.896940191848876       18.896940191848879        0.000000000000004
        0.600000000000000        0.900000000000000       -0.000000000000006       -0.000000000000005        0.000000000000001
        0.633333333333333        0.933333333333333        5.647511025012791        5.647511025012791        0.000000000000000
        0.666666666666667        0.966666666666667        5.647511025012797        5.647511025012794        0.000000000000003
        0.600000000000000        1.000000000000000       -0.000000000000000       -0.000000000000000        0.000000000000000
        0.633333333333333        1.033333333333333       -2.923366821399533       -2.923366821399532        0.000000000000001
        0.666666666666667        1.066666666666667      -10.910153506624199      -10.910153506624196        0.000000000000003
        0.700000000000000        0.000000000000000       30.858574113280668       30.858574113280688        0.000000000000020
        0.733333333333333        0.033333333333333       36.506085138293462       36.506085138293479        0.000000000000017
        0.766666666666667        0.066666666666667       36.506085138293465       36.506085138293470        0.000000000000005
        0.700000000000000        0.100000000000000       21.820307013248414       21.820307013248407        0.000000000000006
        0.733333333333333        0.133333333333333       18.896940191848878       18.896940191848864        0.000000000000014
        0.766666666666667        0.166666666666667       10.910153506624210       10.910153506624199        0.000000000000011
        0.700000000000000        0.200000000000000        0.000000000000002        0.000000000000000        0.000000000000002
        0.733333333333333        0.233333333333333       -9.781776031627541       -9.781776031627537        0.000000000000004
        0.766666666666667        0.266666666666667      -21.076798081653125      -21.076798081653120        0.000000000000005
        0.700000000000000        0.300000000000000      -21.820307013248411      -21.820307013248410        0.000000000000001
        0.733333333333333        0.333333333333333      -32.730460519872620      -32.730460519872620        0.000000000000000
        0.766666666666667        0.366666666666667      -40.717247205097293      -40.717247205097295        0.000000000000002
        0.700000000000000        0.400000000000000      -30.858574113280668      -30.858574113280670        0.000000000000002
        0.733333333333333        0.433333333333333      -36.506085138293463      -36.506085138293465        0.000000000000002
        0.766666666666667        0.466666666666667      -36.506085138293467      -36.506085138293474        0.000000000000007
        0.700000000000000        0.500000000000000      -21.820307013248416      -21.820307013248424        0.000000000000008
        0.733333333333333        0.533333333333333      -18.896940191848882      -18.896940191848890        0.000000000000008
        0.766666666666667        0.566666666666667      -10.910153506624215      -10.910153506624220        0.000000000000005
        0.700000000000000        0.600000000000000       -0.000000000000006       -0.000000000000005        0.000000000000001
        0.733333333333333        0.633333333333333        9.781776031627537        9.781776031627541        0.000000000000005
        0.766666666666667        0.666666666666667       21.076798081653121       21.076798081653127        0.000000000000007
        0.700000000000000        0.700000000000000       21.820307013248408       21.820307013248412        0.000000000000004
        0.733333333333333        0.733333333333333       32.730460519872618       32.730460519872621        0.000000000000003
        0.766666666666667        0.766666666666667       40.717247205097292       40.717247205097298        0.000000000000006
        0.700000000000000        0.800000000000000       30.858574113280668       30.858574113280674        0.000000000000007
        0.733333333333333        0.833333333333333       36.506085138293464       36.506085138293470        0.000000000000005
        0.766666666666667        0.866666666666667       36.506085138293470       36.506085138293472        0.000000000000002
        0.700000000000000        0.900000000000000       21.820307013248419       21.820307013248415        0.000000000000003
        0.733333333333333        0.933333333333333       18.896940191848886       18.896940191848877        0.000000000000009
        0.766666666666667        0.966666666666667       10.910153506624220       10.910153506624213        0.000000000000007
        0.700000000000000        1.000000000000000        0.000000000000009        0.000000000000009        0.000000000000000
        0.733333333333333        1.033333333333333       -9.781776031627532       -9.781776031627525        0.000000000000007
        0.766666666666667        1.066666666666667      -21.076798081653116      -21.076798081653107        0.000000000000010
        0.800000000000000        0.000000000000000       43.640614026496835       43.640614026496865        0.000000000000030
        0.833333333333333        0.033333333333333       40.717247205097300       40.717247205097321        0.000000000000021
        0.866666666666667        0.066666666666667       32.730460519872632       32.730460519872633        0.000000000000001
        0.800000000000000        0.100000000000000       30.858574113280675       30.858574113280667        0.000000000000008
        0.833333333333333        0.133333333333333       21.076798081653132       21.076798081653118        0.000000000000015
        0.866666666666667        0.166666666666667        9.781776031627548        9.781776031627537        0.000000000000011
        0.800000000000000        0.200000000000000        0.000000000000003        0.000000000000000        0.000000000000003
        0.833333333333333        0.233333333333333      -10.910153506624207      -10.910153506624203        0.000000000000004
        0.866666666666667        0.266666666666667      -18.896940191848880      -18.896940191848873        0.000000000000006
        0.800000000000000        0.300000000000000      -30.858574113280671      -30.858574113280671        0.000000000000001
        0.833333333333333        0.333333333333333      -36.506085138293467      -36.506085138293469        0.000000000000002
        0.866666666666667        0.366666666666667      -36.506085138293471      -36.506085138293469        0.000000000000002
        0.800000000000000        0.400000000000000      -43.640614026496835      -43.640614026496839        0.000000000000004
        0.833333333333333        0.433333333333333      -40.717247205097301      -40.717247205097306        0.000000000000004
        0.866666666666667        0.466666666666667      -32.730460519872634      -32.730460519872637        0.000000000000003
        0.800000000000000        0.500000000000000      -30.858574113280679      -30.858574113280690        0.000000000000011
        0.833333333333333        0.533333333333333      -21.076798081653137      -21.076798081653147        0.000000000000010
        0.866666666666667        0.566666666666667       -9.781776031627553       -9.781776031627556        0.000000000000004
        0.800000000000000        0.600000000000000       -0.000000000000008       -0.000000000000007        0.000000000000001
        0.833333333333333        0.633333333333333       10.910153506624202       10.910153506624208        0.000000000000006
        0.866666666666667        0.666666666666667       18.896940191848876       18.896940191848879        0.000000000000004
        0.800000000000000        0.700000000000000       30.858574113280668       30.858574113280674        0.000000000000007
        0.833333333333333        0.733333333333333       36.506085138293464       36.506085138293470        0.000000000000005
        0.866666666666667        0.766666666666667       36.506085138293470       36.506085138293472        0.000000000000002
        0.800000000000000        0.800000000000000       43.640614026496835       43.640614026496845        0.000000000000010
        0.833333333333333        0.833333333333333       40.717247205097302       40.717247205097311        0.000000000000008
        0.866666666666667        0.866666666666667       32.730460519872636       32.730460519872635        0.000000000000002
        0.800000000000000        0.900000000000000       30.858574113280683       30.858574113280679        0.000000000000004
        0.833333333333333        0.933333333333333       21.076798081653141       21.076798081653132        0.000000000000009
        0.866666666666667        0.966666666666667        9.781776031627557        9.781776031627550        0.000000000000008
        0.800000000000000        1.000000000000000        0.000000000000013        0.000000000000013        0.000000000000000
        0.833333333333333        1.033333333333333      -10.910153506624197      -10.910153506624190        0.000000000000007
        0.866666666666667        1.066666666666667      -18.896940191848871      -18.896940191848861        0.000000000000010
        0.900000000000000        0.000000000000000       30.858574113280683       30.858574113280692        0.000000000000009
        0.933333333333333        0.033333333333333       21.076798081653140       21.076798081653138        0.000000000000002
        0.966666666666667        0.066666666666667        9.781776031627556        9.781776031627549        0.000000000000007
        0.900000000000000        0.100000000000000       21.820307013248424       21.820307013248410        0.000000000000014
        0.933333333333333        0.133333333333333       10.910153506624215       10.910153506624200        0.000000000000015
        0.966666666666667        0.166666666666667        2.923366821399542        2.923366821399537        0.000000000000005
        0.900000000000000        0.200000000000000        0.000000000000002        0.000000000000000        0.000000000000002
        0.933333333333333        0.233333333333333       -5.647511025012794       -5.647511025012788        0.000000000000006
        0.966666666666667        0.266666666666667       -5.647511025012798       -5.647511025012792        0.000000000000006
        0.900000000000000        0.300000000000000      -21.820307013248422      -21.820307013248413        0.000000000000009
        0.933333333333333        0.333333333333333      -18.896940191848888      -18.896940191848877        0.000000000000011
        0.966666666666667        0.366666666666667      -10.910153506624221      -10.910153506624212        0.000000000000008
        0.900000000000000        0.400000000000000      -30.858574113280683      -30.858574113280674        0.000000000000009
        0.933333333333333        0.433333333333333      -21.076798081653141      -21.076798081653130        0.000000000000011
        0.966666666666667        0.466666666666667       -9.781776031627556       -9.781776031627550        0.000000000000006
        0.900000000000000        0.500000000000000      -21.820307013248427      -21.820307013248427        0.000000000000000
        0.933333333333333        0.533333333333333      -10.910153506624217      -10.910153506624216        0.000000000000002
        0.966666666666667        0.566666666666667       -2.923366821399543       -2.923366821399542        0.000000000000001
        0.900000000000000        0.600000000000000       -0.000000000000006       -0.000000000000005        0.000000000000001
        0.933333333333333        0.633333333333333        5.647511025012791        5.647511025012791        0.000000000000000
        0.966666666666667        0.666666666666667        5.647511025012797        5.647511025012794        0.000000000000003
        0.900000000000000        0.700000000000000       21.820307013248419       21.820307013248415        0.000000000000003
        0.933333333333333        0.733333333333333       18.896940191848886       18.896940191848877        0.000000000000009
        0.966666666666667        0.766666666666667       10.910153506624220       10.910153506624213        0.000000000000007
        0.900000000000000        0.800000000000000       30.858574113280683       30.858574113280679        0.000000000000004
        0.933333333333333        0.833333333333333       21.076798081653141       21.076798081653132        0.000000000000009
        0.966666666666667        0.866666666666667        9.781776031627557        9.781776031627550        0.000000000000008
        0.900000000000000        0.900000000000000       21.820307013248430       21.820307013248418        0.000000000000011
        0.933333333333333        0.933333333333333       10.910153506624220       10.910153506624208        0.000000000000012
        0.966666666666667        0.966666666666667        2.923366821399545        2.923366821399540        0.000000000000004
        0.900000000000000        1.000000000000000        0.000000000000009        0.000000000000009        0.000000000000000
        0.933333333333333        1.033333333333333       -5.647511025012788       -5.647511025012781        0.000000000000007
        0.966666666666667        1.066666666666667       -5.647511025012795       -5.647511025012788        0.000000000000007
        1.000000000000000        0.000000000000000        0.000000000000013        0.000000000000013        0.000000000000000
        1.033333333333333        0.033333333333333      -10.910153506624196      -10.910153506624192        0.000000000000004
        1.066666666666667        0.066666666666667      -18.896940191848869      -18.896940191848860        0.000000000000009
        1.000000000000000        0.100000000000000        0.000000000000009        0.000000000000009        0.000000000000000
        1.033333333333333        0.133333333333333       -5.647511025012786       -5.647511025012777        0.000000000000009
        1.066666666666667        0.166666666666667       -5.647511025012790       -5.647511025012781        0.000000000000009
        1.000000000000000        0.200000000000000        0.000000000000000        0.000000000000000        0.000000000000000
        1.033333333333333        0.233333333333333        2.923366821399534        2.923366821399531        0.000000000000004
        1.066666666666667        0.266666666666667       10.910153506624201       10.910153506624192        0.000000000000009
        1.000000000000000        0.300000000000000       -0.000000000000009       -0.000000000000009        0.000000000000000
        1.033333333333333        0.333333333333333        9.781776031627533        9.781776031627525        0.000000000000008
        1.066666666666667        0.366666666666667       21.076798081653117       21.076798081653105        0.000000000000012
        1.000000000000000        0.400000000000000       -0.000000000000013       -0.000000000000013        0.000000000000000
        1.033333333333333        0.433333333333333       10.910153506624196       10.910153506624188        0.000000000000008
        1.066666666666667        0.466666666666667       18.896940191848870       18.896940191848862        0.000000000000008
        1.000000000000000        0.500000000000000       -0.000000000000009       -0.000000000000009        0.000000000000000
        1.033333333333333        0.533333333333333        5.647511025012787        5.647511025012785        0.000000000000002
        1.066666666666667        0.566666666666667        5.647511025012793        5.647511025012792        0.000000000000001
        1.000000000000000        0.600000000000000       -0.000000000000000       -0.000000000000000        0.000000000000000
        1.033333333333333        0.633333333333333       -2.923366821399533       -2.923366821399532        0.000000000000001
        1.066666666666667        0.666666666666667      -10.910153506624199      -10.910153506624196        0.000000000000003
        1.000000000000000        0.700000000000000        0.000000000000009        0.000000000000009        0.000000000000000
        1.033333333333333        0.733333333333333       -9.781776031627532       -9.781776031627525        0.000000000000007
        1.066666666666667        0.766666666666667      -21.076798081653116      -21.076798081653107        0.000000000000010
        1.000000000000000        0.800000000000000        0.000000000000013        0.000000000000013        0.000000000000000
        1.033333333333333        0.833333333333333      -10.910153506624197      -10.910153506624190        0.000000000000007
        1.066666666666667        0.866666666666667      -18.896940191848871      -18.896940191848861        0.000000000000010
        1.000000000000000        0.900000000000000        0.000000000000009        0.000000000000009        0.000000000000000
        1.033333333333333        0.933333333333333       -5.647511025012788       -5.647511025012781        0.000000000000007
        1.066666666666667        0.966666666666667       -5.647511025012795       -5.647511025012788        0.000000000000007
        1.000000000000000        1.000000000000000        0.000000000000000        0.000000000000000        0.000000000000000
        1.033333333333333        1.033333333333333        2.923366821399531        2.923366821399527        0.000000000000004
        1.066666666666667        1.066666666666667       10.910153506624196       10.910153506624185        0.000000000000012
