        0.000000000000000        0.000000000000000       40.903635729989283       40.903635729989329        0.000000000000046
        0.033333333333333        0.033333333333333       38.163611689652422       38.163611689652455        0.000000000000032
        0.066666666666667        0.066666666666667       30.677726797491963       30.677726797491967        0.000000000000004
        0.000000000000000        0.100000000000000       28.923238199859780       28.923238199859785        0.000000000000005
        0.033333333333333        0.133333333333333       19.754939070358479       19.754939070358472        0.000000000000007
        0.066666666666667        0.166666666666667        9.168299129501303        9.168299129501294        0.000000000000010
        0.000000000000000        0.200000000000000        0.000000000000003        0.000000000000000        0.000000000000002
        0.033333333333333        0.233333333333333      -10.225908932497318      -10.225908932497318        0.000000000000000
        0.066666666666667        0.266666666666667      -17.711793824657778      -17.711793824657774        0.000000000000004
        0.000000000000000        0.300000000000000      -28.923238199859777      -28.923238199859789        0.000000000000012
        0.033333333333333        0.333333333333333      -34.216558170288365      -34.216558170288378        0.000000000000013
        0.066666666666667        0.366666666666667      -34.216558170288367      -34.216558170288368        0.000000000000002
        0.000000000000000        0.400000000000000      -40.903635729989283      -40.903635729989305        0.000000000000022
        0.033333333333333        0.433333333333333      -38.163611689652423      -38.163611689652440        0.000000000000016
        0.066666666666667        0.466666666666667      -30.677726797491965      -30.677726797491971        0.000000000000005
        0.000000000000000        0.500000000000000      -28.923238199859784      -28.923238199859807        0.000000000000023
        0.033333333333333        0.533333333333333      -19.754939070358483      -19.754939070358499        0.000000000000016
        0.066666666666667        0.566666666666667       -9.168299129501308       -9.168299129501312        0.000000000000004
        0.000000000000000        0.600000000000000       -0.000000000000008       -0.000000000000006        0.000000000000001
        0.033333333333333        0.633333333333333       10.225908932497313       10.225908932497322        0.000000000000009
        0.066666666666667        0.666666666666667       17.711793824657774       17.711793824657780        0.000000000000005
        0.000000000000000        0.700000000000000       28.923238199859773       28.923238199859792        0.000000000000019
        0.033333333333333        0.733333333333333       34.216558170288363       34.216558170288379        0.000000000000016
        0.066666666666667        0.766666666666667       34.216558170288365       34.216558170288370        0.000000000000005
        0.000000000000000        0.800000000000000       40.903635729989283       40.903635729989311        0.000000000000028
        0.033333333333333        0.833333333333333       38.163611689652425       38.163611689652445        0.000000000000020
        0.066666666666667        0.866666666666667       30.677726797491967       30.677726797491969        0.000000000000001
        0.000000000000000        0.900000000000000       28.923238199859787       28.923238199859796        0.000000000000009
        0.033333333333333        0.933333333333333       19.754939070358487       19.754939070358485        0.000000000000002
        0.066666666666667        0.966666666666667        9.168299129501312        9.168299129501305        0.000000000000006
        0.000000000000000        1.000000000000000        0.000000000000013        0.000000000000013        0.000000000000000
        0.033333333333333        1.033333333333333      -10.225908932497309      -10.225908932497305        0.000000000000003
        0.066666666666667        1.066666666666667      -17.711793824657771      -17.711793824657762        0.000000000000008
        0.100000000000000        0.000000000000000       28.923238199859780       28.923238199859785        0.000000000000005
        0.133333333333333        0.033333333333333       19.754939070358479       19.754939070358472        0.000000000000007
        0.166666666666667        0.066666666666667        9.168299129501303        9.168299129501294        0.000000000000010
        0.100000000000000        0.100000000000000       20.451817864994643       20.451817864994627        0.000000000000016
        0.133333333333333        0.133333333333333       10.225908932497322       10.225908932497306        0.000000000000016
        0.166666666666667        0.166666666666667        2.740024040336862        2.740024040336856        0.000000000000006
        0.100000000000000        0.200000000000000        0.000000000000002        0.000000000000000        0.000000000000002
        0.133333333333333        0.233333333333333       -5.293319970428587       -5.293319970428580        0.000000000000007
        0.166666666666667        0.266666666666667       -5.293319970428588       -5.293319970428581        0.000000000000008
        0.100000000000000        0.300000000000000      -20.451817864994640      -20.451817864994629        0.000000000000011
        0.133333333333333        0.333333333333333      -17.711793824657781      -17.711793824657766        0.000000000000015
        0.166666666666667        0.366666666666667      -10.225908932497322      -10.225908932497311        0.000000000000012
        0.100000000000000        0.400000000000000      -28.923238199859780      -28.923238199859768        0.000000000000012
        0.133333333333333        0.433333333333333      -19.754939070358480      -19.754939070358464        0.000000000000016
        0.166666666666667        0.466666666666667       -9.168299129501304       -9.168299129501295        0.000000000000009
        0.100000000000000        0.500000000000000      -20.451817864994645      -20.451817864994642        0.000000000000003
        0.133333333333333        0.533333333333333      -10.225908932497324      -10.225908932497320        0.000000000000004
        0.166666666666667        0.566666666666667       -2.740024040336863       -2.740024040336862        0.000000000000002
        0.100000000000000        0.600000000000000       -0.000000000000005       -0.000000000000005        0.000000000000001
        0.133333333333333        0.633333333333333        5.293319970428585        5.293319970428583        0.000000000000002
        0.166666666666667        0.666666666666667        5.293319970428587        5.293319970428583        0.000000000000005
        0.100000000000000        0.700000000000000       20.451817864994638       20.451817864994632        0.000000000000006
        0.133333333333333        0.733333333333333       17.711793824657779       17.711793824657766        0.000000000000013
        0.166666666666667        0.766666666666667       10.225908932497322       10.225908932497312        0.000000000000011
        0.100000000000000        0.800000000000000       28.923238199859780       28.923238199859772        0.000000000000008
        0.133333333333333        0.833333333333333       19.754939070358480       19.754939070358467        0.000000000000014
        0.166666666666667        0.866666666666667        9.168299129501305        9.168299129501294        0.000000000000010
        0.100000000000000        0.900000000000000       20.451817864994648       20.451817864994635        0.000000000000013
        0.133333333333333        0.933333333333333       10.225908932497327       10.225908932497313        0.000000000000014
        0.166666666666667        0.966666666666667        2.740024040336865        2.740024040336860        0.000000000000005
        0.100000000000000        1.000000000000000        0.000000000000009        0.000000000000009        0.000000000000000
        0.133333333333333        1.033333333333333       -5.293319970428582       -5.293319970428574        0.000000000000008
        0.166666666666667        1.066666666666667       -5.293319970428586       -5.293319970428577        0.000000000000009
        0.200000000000000        0.000000000000000        0.000000000000003        0.000000000000000        0.000000000000002
        0.233333333333333        0.033333333333333      -10.225908932497318      -10.225908932497318        0.000000000000000
        0.266666666666667        0.066666666666667      -17.711793824657778      -17.711793824657774        0.000000000000004
        0.200000000000000        0.100000000000000        0.000000000000002        0.000000000000000        0.000000000000002
        0.233333333333333        0.133333333333333       -5.293319970428587       -5.293319970428580        0.000000000000007
        0.266666666666667        0.166666666666667       -5.293319970428588       -5.293319970428581        0.000000000000008
        0.200000000000000        0.200000000000000        0.000000000000000       -0.000000000000000        0.000000000000000
        0.233333333333333        0.233333333333333        2.740024040336860        2.740024040336857        0.000000000000002
        0.266666666666667        0.266666666666667       10.225908932497318       10.225908932497311        0.000000000000006
        0.200000000000000        0.300000000000000       -0.000000000000002       -0.000000000000000        0.000000000000002
        0.233333333333333        0.333333333333333        9.168299129501299        9.168299129501294        0.000000000000005
        0.266666666666667        0.366666666666667       19.754939070358474       19.754939070358468        0.000000000000007
        0.200000000000000        0.400000000000000       -0.000000000000003       -0.000000000000000        0.000000000000002
        0.233333333333333        0.433333333333333       10.225908932497318       10.225908932497314        0.000000000000005
        0.266666666666667        0.466666666666667       17.711793824657779       17.711793824657776        0.000000000000004
        0.200000000000000        0.500000000000000       -0.000000000000002       -0.000000000000000        0.000000000000002
        0.233333333333333        0.533333333333333        5.293319970428588        5.293319970428588        0.000000000000000
        0.266666666666667        0.566666666666667        5.293319970428591        5.293319970428591        0.000000000000000
        0.200000000000000        0.600000000000000       -0.000000000000000       -0.000000000000000        0.000000000000000
        0.233333333333333        0.633333333333333       -2.740024040336858       -2.740024040336858        0.000000000000000
        0.266666666666667        0.666666666666667      -10.225908932497316      -10.225908932497315        0.000000000000001
        0.200000000000000        0.700000000000000        0.000000000000002        0.000000000000000        0.000000000000002
        0.233333333333333        0.733333333333333       -9.168299129501298       -9.168299129501294        0.000000000000004
        0.266666666666667        0.766666666666667      -19.754939070358474      -19.754939070358469        0.000000000000005
        0.200000000000000        0.800000000000000        0.000000000000003        0.000000000000000        0.000000000000002
        0.233333333333333        0.833333333333333      -10.225908932497319      -10.225908932497315        0.000000000000004
        0.266666666666667        0.866666666666667      -17.711793824657781      -17.711793824657775        0.000000000000006
        0.200000000000000        0.900000000000000        0.000000000000002        0.000000000000000        0.000000000000002
        0.233333333333333        0.933333333333333       -5.293319970428589       -5.293319970428584        0.000000000000005
        0.266666666666667        0.966666666666667       -5.293319970428593       -5.293319970428587        0.000000000000006
        0.200000000000000        1.000000000000000        0.000000000000000        0.000000000000000        0.000000000000000
        0.233333333333333        1.033333333333333        2.740024040336857        2.740024040336854        0.000000000000003
        0.266666666666667        1.066666666666667       10.225908932497314       10.225908932497305        0.000000000000009
        0.300000000000000        0.000000000000000      -28.923238199859777      -28.923238199859789        0.000000000000012
        0.333333333333333        0.033333333333333      -34.216558170288365      -34.216558170288378        0.000000000000013
        0.366666666666667        0.066666666666667      -34.216558170288367      -34.216558170288368        0.000000000000002
        0.300000000000000        0.100000000000000      -20.451817864994640      -20.451817864994629        0.000000000000011
        0.333333333333333        0.133333333333333      -17.711793824657781      -17.711793824657766        0.000000000000015
        0.366666666666667        0.166666666666667      -10.225908932497322      -10.225908932497311        0.000000000000012
        0.300000000000000        0.200000000000000       -0.000000000000002       -0.000000000000000        0.000000000000002
        0.333333333333333        0.233333333333333        9.168299129501299        9.168299129501294        0.000000000000005
        0.366666666666667        0.266666666666667       19.754939070358474       19.754939070358468        0.000000000000007
        0.300000000000000        0.300000000000000       20.451817864994638       20.451817864994632        0.000000000000006
        0.333333333333333        0.333333333333333       30.677726797491959       30.677726797491956        0.000000000000003
        0.366666666666667        0.366666666666667       38.163611689652420       38.163611689652418        0.000000000000002
        0.300000000000000        0.400000000000000       28.923238199859777       28.923238199859772        0.000000000000005
        0.333333333333333        0.433333333333333       34.216558170288366       34.216558170288365        0.000000000000001
        0.366666666666667        0.466666666666667       34.216558170288369       34.216558170288372        0.000000000000003
        0.300000000000000        0.500000000000000       20.451817864994643       20.451817864994645        0.000000000000002
        0.333333333333333        0.533333333333333       17.711793824657784       17.711793824657790        0.000000000000006
        0.366666666666667        0.566666666666667       10.225908932497327       10.225908932497331        0.000000000000004
        0.300000000000000        0.600000000000000        0.000000000000005        0.000000000000005        0.000000000000001
        0.333333333333333        0.633333333333333       -9.168299129501294       -9.168299129501298        0.000000000000004
        0.366666666666667        0.666666666666667      -19.754939070358470      -19.754939070358474        0.000000000000004
        0.300000000000000        0.700000000000000      -20.451817864994635      -20.451817864994634        0.000000000000001
        0.333333333333333        0.733333333333333      -30.677726797491957      -30.677726797491957        0.000000000000000
        0.366666666666667        0.766666666666667      -38.163611689652418      -38.163611689652421        0.000000000000002
        0.300000000000000        0.800000000000000      -28.923238199859777      -28.923238199859776        0.000000000000001
        0.333333333333333        0.833333333333333      -34.216558170288368      -34.216558170288370        0.000000000000002
        0.366666666666667        0.866666666666667      -34.216558170288371      -34.216558170288370        0.000000000000002
        0.300000000000000        0.900000000000000      -20.451817864994645      -20.451817864994637        0.000000000000008
        0.333333333333333        0.933333333333333      -17.711793824657788      -17.711793824657778        0.000000000000010
        0.366666666666667        0.966666666666667      -10.225908932497332      -10.225908932497324        0.000000000000008
        0.300000000000000        1.000000000000000       -0.000000000000009       -0.000000000000009        0.000000000000000
        0.333333333333333        1.033333333333333        9.168299129501290        9.168299129501283        0.000000000000007
        0.366666666666667        1.066666666666667       19.754939070358466       19.754939070358455        0.000000000000011
        0.400000000000000        0.000000000000000      -40.903635729989283      -40.903635729989305        0.000000000000022
        0.433333333333333        0.033333333333333      -38.163611689652423      -38.163611689652440        0.000000000000016
        0.466666666666667        0.066666666666667      -30.677726797491965      -30.677726797491971        0.000000000000005
        0.400000000000000        0.100000000000000      -28.923238199859780      -28.923238199859768        0.000000000000012
        0.433333333333333        0.133333333333333      -19.754939070358480      -19.754939070358464        0.000000000000016
        0.466666666666667        0.166666666666667       -9.168299129501304       -9.168299129501295        0.000000000000009
        0.400000000000000        0.200000000000000       -0.000000000000003       -0.000000000000000        0.000000000000002
        0.433333333333333        0.233333333333333       10.225908932497318       10.225908932497314        0.000000000000005
        0.466666666666667        0.266666666666667       17.711793824657779       17.711793824657776        0.000000000000004
        0.400000000000000        0.300000000000000       28.923238199859777       28.923238199859772        0.000000000000005
        0.433333333333333        0.333333333333333       34.216558170288366       34.216558170288365        0.000000000000001
        0.466666666666667        0.366666666666667       34.216558170288369       34.216558170288372        0.000000000000003
        0.400000000000000        0.400000000000000       40.903635729989283       40.903635729989281        0.000000000000002
        0.433333333333333        0.433333333333333       38.163611689652425       38.163611689652425        0.000000000000001
        0.466666666666667        0.466666666666667       30.677726797491967       30.677726797491974        0.000000000000007
        0.400000000000000        0.500000000000000       28.923238199859784       28.923238199859790        0.000000000000007
        0.433333333333333        0.533333333333333       19.754939070358484       19.754939070358491        0.000000000000008
        0.466666666666667        0.566666666666667        9.168299129501308        9.168299129501313        0.000000000000005
        0.400000000000000        0.600000000000000        0.000000000000008        0.000000000000006        0.000000000000001
        0.433333333333333        0.633333333333333      -10.225908932497314      -10.225908932497318        0.000000000000005
        0.466666666666667        0.666666666666667      -17.711793824657776      -17.711793824657782        0.000000000000006
        0.400000000000000        0.700000000000000      -28.923238199859773      -28.923238199859775        0.000000000000002
        0.433333333333333        0.733333333333333      -34.216558170288364      -34.216558170288366        0.000000000000002
        0.466666666666667        0.766666666666667      -34.216558170288368      -34.216558170288374        0.000000000000006
        0.400000000000000        0.800000000000000      -40.903635729989283      -40.903635729989287        0.000000000000004
        0.433333333333333        0.833333333333333      -38.163611689652426      -38.163611689652430        0.000000000000004
        0.466666666666667        0.866666666666667      -30.677726797491970      -30.677726797491972        0.000000000000003
        0.400000000000000        0.900000000000000      -28.923238199859787      -28.923238199859779        0.000000000000008
        0.433333333333333        0.933333333333333      -19.754939070358488      -19.754939070358478        0.000000000000010
        0.466666666666667        0.966666666666667       -9.168299129501312       -9.168299129501307        0.000000000000006
        0.400000000000000        1.000000000000000       -0.000000000000013       -0.000000000000013        0.000000000000000
        0.433333333333333        1.033333333333333       10.225908932497309       10.225908932497301        0.000000000000008
        0.466666666666667        1.066666666666667       17.711793824657772       17.711793824657764        0.000000000000008
        0.500000000000000        0.000000000000000      -28.923238199859784      -28.923238199859807        0.000000000000023
        0.533333333333333        0.033333333333333      -19.754939070358483      -19.754939070358499        0.000000000000016
        0.566666666666667        0.066666666666667       -9.168299129501308       -9.168299129501312        0.000000000000004
        0.500000000000000        0.100000000000000      -20.451817864994645      -20.451817864994642        0.000000000000003
        0.533333333333333        0.133333333333333      -10.225908932497324      -10.225908932497320        0.000000000000004
        0.566666666666667        0.166666666666667       -2.740024040336863       -2.740024040336862        0.000000000000002
        0.500000000000000        0.200000000000000       -0.000000000000002       -0.000000000000000        0.000000000000002
        0.533333333333333        0.233333333333333        5.293319970428588        5.293319970428588        0.000000000000000
        0.566666666666667        0.266666666666667        5.293319970428591        5.293319970428591        0.000000000000000
        0.500000000000000        0.300000000000000       20.451817864994643       20.451817864994645        0.000000000000002
        0.533333333333333        0.333333333333333       17.711793824657784       17.711793824657790        0.000000000000006
        0.566666666666667        0.366666666666667       10.225908932497327       10.225908932497331        0.000000000000004
        0.500000000000000        0.400000000000000       28.923238199859784       28.923238199859790        0.000000000000007
        0.533333333333333        0.433333333333333       19.754939070358484       19.754939070358491        0.000000000000008
        0.566666666666667        0.466666666666667        9.168299129501308        9.168299129501313        0.000000000000005
        0.500000000000000        0.500000000000000       20.451817864994648       20.451817864994658        0.000000000000010
        0.533333333333333        0.533333333333333       10.225908932497327       10.225908932497334        0.000000000000008
        0.566666666666667        0.566666666666667        2.740024040336865        2.740024040336867        0.000000000000002
        0.500000000000000        0.600000000000000        0.000000000000005        0.000000000000005        0.000000000000001
        0.533333333333333        0.633333333333333       -5.293319970428586       -5.293319970428590        0.000000000000004
        0.566666666666667        0.666666666666667       -5.293319970428590       -5.293319970428593        0.000000000000003
        0.500000000000000        0.700000000000000      -20.451817864994640      -20.451817864994647        0.000000000000007
        0.533333333333333        0.733333333333333      -17.711793824657783      -17.711793824657791        0.000000000000007
        0.566666666666667        0.766666666666667      -10.225908932497327      -10.225908932497332        0.000000000000005
        0.500000000000000        0.800000000000000      -28.923238199859784      -28.923238199859794        0.000000000000011
        0.533333333333333        0.833333333333333      -19.754939070358485      -19.754939070358494        0.000000000000009
        0.566666666666667        0.866666666666667       -9.168299129501309       -9.168299129501312        0.000000000000003
        0.500000000000000        0.900000000000000      -20.451817864994650      -20.451817864994650        0.000000000000000
        0.533333333333333        0.933333333333333      -10.225908932497329      -10.225908932497327        0.000000000000002
        0.566666666666667        0.966666666666667       -2.740024040336866       -2.740024040336865        0.000000000000001
        0.500000000000000        1.000000000000000       -0.000000000000009       -0.000000000000009        0.000000000000000
        0.533333333333333        1.033333333333333        5.293319970428583        5.293319970428581        0.000000000000002
        0.566666666666667        1.066666666666667        5.293319970428588        5.293319970428588        0.000000000000001
        0.600000000000000        0.000000000000000       -0.000000000000008       -0.000000000000006        0.000000000000001
        0.633333333333333        0.033333333333333       10.225908932497313       10.225908932497322        0.000000000000009
        0.666666666666667        0.066666666666667       17.711793824657774       17.711793824657780        0.000000000000005
        0.600000000000000        0.100000000000000       -0.000000000000005       -0.000000000000005        0.000000000000001
        0.633333333333333        0.133333333333333        5.293319970428585        5.293319970428583        0.000000000000002
        0.666666666666667        0.166666666666667        5.293319970428587        5.293319970428583        0.000000000000005
        0.600000000000000        0.200000000000000       -0.000000000000000       -0.000000000000000        0.000000000000000
        0.633333333333333        0.233333333333333       -2.740024040336858       -2.740024040336858        0.000000000000000
        0.666666666666667        0.266666666666667      -10.225908932497316      -10.225908932497315        0.000000000000001
        0.600000000000000        0.300000000000000        0.000000000000005        0.000000000000005        0.000000000000001
        0.633333333333333        0.333333333333333       -9.168299129501294       -9.168299129501298        0.000000000000004
        0.666666666666667        0.366666666666667      -19.754939070358470      -19.754939070358474        0.000000000000004
        0.600000000000000        0.400000000000000        0.000000000000008        0.000000000000006        0.000000000000001
        0.633333333333333        0.433333333333333      -10.225908932497314      -10.225908932497318        0.000000000000005
        0.666666666666667        0.466666666666667      -17.711793824657776      -17.711793824657782        0.000000000000006
        0.600000000000000        0.500000000000000        0.000000000000005        0.000000000000005        0.000000000000001
        0.633333333333333        0.533333333333333       -5.293319970428586       -5.293319970428590        0.000000000000004
        0.666666666666667        0.566666666666667       -5.293319970428590       -5.293319970428593        0.000000000000003
        0.600000000000000        0.600000000000000        0.000000000000000        0.000000000000000        0.000000000000000
        0.633333333333333        0.633333333333333        2.740024040336857        2.740024040336860        0.000000000000002
        0.666666666666667        0.666666666666667       10.225908932497314       10.225908932497318        0.000000000000005
        0.600000000000000        0.700000000000000       -0.000000000000005       -0.000000000000005        0.000000000000001
        0.633333333333333        0.733333333333333        9.168299129501294        9.168299129501298        0.000000000000005
        0.666666666666667        0.766666666666667       19.754939070358469       19.754939070358476        0.000000000000006
        0.600000000000000        0.800000000000000       -0.000000000000008       -0.000000000000006        0.000000000000001
        0.633333333333333        0.833333333333333       10.225908932497314       10.225908932497320        0.000000000000006
        0.666666666666667        0.866666666666667       17.711793824657777       17.711793824657781        0.000000000000004
        0.600000000000000        0.900000000000000       -0.000000000000005       -0.000000000000005        0.000000000000001
        0.633333333333333        0.933333333333333        5.293319970428587        5.293319970428586        0.000000000000000
        0.666666666666667        0.966666666666667        5.293319970428592        5.293319970428589        0.000000000000003
        0.600000000000000        1.000000000000000       -0.000000000000000       -0.000000000000000        0.000000000000000
        0.633333333333333        1.033333333333333       -2.740024040336856       -2.740024040336855        0.000000000000001
        0.666666666666667        1.066666666666667      -10.225908932497311      -10.225908932497308        0.000000000000003
        0.700000000000000        0.000000000000000       28.923238199859773       28.923238199859792        0.000000000000019
        0.733333333333333        0.033333333333333       34.216558170288363       34.216558170288379        0.000000000000016
        0.766666666666667        0.066666666666667       34.216558170288365       34.216558170288370        0.000000000000005
        0.700000000000000        0.100000000000000       20.451817864994638       20.451817864994632        0.000000000000006
        0.733333333333333        0.133333333333333       17.711793824657779       17.711793824657766        0.000000000000013
        0.766666666666667        0.166666666666667       10.225908932497322       10.225908932497312        0.000000000000011
        0.700000000000000        0.200000000000000        0.000000000000002        0.000000000000000        0.000000000000002
        0.733333333333333        0.233333333333333       -9.168299129501298       -9.168299129501294        0.000000000000004
        0.766666666666667        0.266666666666667      -19.754939070358474      -19.754939070358469        0.000000000000005
        0.700000000000000        0.300000000000000      -20.451817864994635      -20.451817864994634        0.000000000000001
        0.733333333333333        0.333333333333333      -30.677726797491957      -30.677726797491957        0.000000000000000
        0.766666666666667        0.366666666666667      -38.163611689652418      -38.163611689652421        0.000000000000002
        0.700000000000000        0.400000000000000      -28.923238199859773      -28.923238199859775        0.000000000000002
        0.733333333333333        0.433333333333333      -34.216558170288364      -34.216558170288366        0.000000000000002
        0.766666666666667        0.466666666666667      -34.216558170288368      -34.216558170288374        0.000000000000006
        0.700000000000000        0.500000000000000      -20.451817864994640      -20.451817864994647        0.000000000000007
        0.733333333333333        0.533333333333333      -17.711793824657783      -17.711793824657791        0.000000000000007
        0.766666666666667        0.566666666666667      -10.225908932497327      -10.225908932497332        0.000000000000005
        0.700000000000000        0.600000000000000       -0.000000000000005       -0.000000000000005        0.000000000000001
        0.733333333333333        0.633333333333333        9.168299129501294        9.168299129501298        0.000000000000005
        0.766666666666667        0.666666666666667       19.754939070358469       19.754939070358476        0.000000000000006
        0.700000000000000        0.700000000000000       20.451817864994633       20.451817864994637        0.000000000000004
        0.733333333333333        0.733333333333333       30.677726797491954       30.677726797491957        0.000000000000003
        0.766666666666667        0.766666666666667       38.163611689652417       38.163611689652423        0.000000000000006
        0.700000000000000        0.800000000000000       28.923238199859773       28.923238199859779        0.000000000000006
        0.733333333333333        0.833333333333333       34.216558170288365       34.216558170288370        0.000000000000005
        0.766666666666667        0.866666666666667       34.216558170288370       34.216558170288372        0.000000000000002
        0.700000000000000        0.900000000000000       20.451817864994643       20.451817864994640        0.000000000000003
        0.733333333333333        0.933333333333333       17.711793824657787       17.711793824657778        0.000000000000009
        0.766666666666667        0.966666666666667       10.225908932497331       10.225908932497325        0.000000000000007
        0.700000000000000        1.000000000000000        0.000000000000009        0.000000000000009        0.000000000000000
        0.733333333333333        1.033333333333333       -9.168299129501290       -9.168299129501283        0.000000000000006
        0.766666666666667        1.066666666666667      -19.754939070358465      -19.754939070358456        0.000000000000009
        0.800000000000000        0.000000000000000       40.903635729989283       40.903635729989311        0.000000000000028
        0.833333333333333        0.033333333333333       38.163611689652425       38.163611689652445        0.000000000000020
        0.866666666666667        0.066666666666667       30.677726797491967       30.677726797491969        0.000000000000001
        0.800000000000000        0.100000000000000       28.923238199859780       28.923238199859772        0.000000000000008
        0.833333333333333        0.133333333333333       19.754939070358480       19.754939070358467        0.000000000000014
        0.866666666666667        0.166666666666667        9.168299129501305        9.168299129501294        0.000000000000010
        0.800000000000000        0.200000000000000        0.000000000000003        0.000000000000000        0.000000000000002
        0.833333333333333        0.233333333333333      -10.225908932497319      -10.225908932497315        0.000000000000004
        0.866666666666667        0.266666666666667      -17.711793824657781      -17.711793824657775        0.000000000000006
        0.800000000000000        0.300000000000000      -28.923238199859777      -28.923238199859776        0.000000000000001
        0.833333333333333        0.333333333333333      -34.216558170288368      -34.216558170288370        0.000000000000002
        0.866666666666667        0.366666666666667      -34.216558170288371      -34.216558170288370        0.000000000000002
        0.800000000000000        0.400000000000000      -40.903635729989283      -40.903635729989287        0.000000000000004
        0.833333333333333        0.433333333333333      -38.163611689652426      -38.163611689652430        0.000000000000004
        0.866666666666667        0.466666666666667      -30.677726797491970      -30.677726797491972        0.000000000000003
        0.800000000000000        0.500000000000000      -28.923238199859784      -28.923238199859794        0.000000000000011
        0.833333333333333        0.533333333333333      -19.754939070358485      -19.754939070358494        0.000000000000009
        0.866666666666667        0.566666666666667       -9.168299129501309       -9.168299129501312        0.000000000000003
        0.800000000000000        0.600000000000000       -0.000000000000008       -0.000000000000006        0.000000000000001
        0.833333333333333        0.633333333333333       10.225908932497314       10.225908932497320        0.000000000000006
        0.866666666666667        0.666666666666667       17.711793824657777       17.711793824657781        0.000000000000004
        0.800000000000000        0.700000000000000       28.923238199859773       28.923238199859779        0.000000000000006
        0.833333333333333        0.733333333333333       34.216558170288365       34.216558170288370        0.000000000000005
        0.866666666666667        0.766666666666667       34.216558170288370       34.216558170288372        0.000000000000002
        0.800000000000000        0.800000000000000       40.903635729989283       40.903635729989293        0.000000000000010
        0.833333333333333        0.833333333333333       38.163611689652427       38.163611689652435        0.000000000000008
        0.866666666666667        0.866666666666667       30.677726797491972       30.677726797491970        0.000000000000001
        0.800000000000000        0.900000000000000       28.923238199859787       28.923238199859783        0.000000000000004
        0.833333333333333        0.933333333333333       19.754939070358489       19.754939070358480        0.000000000000008
        0.866666666666667        0.966666666666667        9.168299129501313        9.168299129501306        0.000000000000007
        0.800000000000000        1.000000000000000        0.000000000000013        0.000000000000013        0.000000000000000
        0.833333333333333        1.033333333333333      -10.225908932497309      -10.225908932497303        0.000000000000007
        0.866666666666667        1.066666666666667      -17.711793824657773      -17.711793824657763        0.000000000000010
        0.900000000000000        0.000000000000000       28.923238199859787       28.923238199859796        0.000000000000009
        0.933333333333333        0.033333333333333       19.754939070358487       19.754939070358485        0.000000000000002
        0.966666666666667        0.066666666666667        9.168299129501312        9.168299129501305        0.000000000000006
        0.900000000000000        0.100000000000000       20.451817864994648       20.451817864994635        0.000000000000013
        0.933333333333333        0.133333333333333       10.225908932497327       10.225908932497313        0.000000000000014
        0.966666666666667        0.166666666666667        2.740024040336865        2.740024040336860        0.000000000000005
        0.900000000000000        0.200000000000000        0.000000000000002        0.000000000000000        0.000000000000002
        0.933333333333333        0.233333333333333       -5.293319970428589       -5.293319970428584        0.000000000000005
        0.966666666666667        0.266666666666667       -5.293319970428593       -5.293319970428587        0.000000000000006
        0.900000000000000        0.300000000000000      -20.451817864994645      -20.451817864994637        0.000000000000008
        0.933333333333333        0.333333333333333      -17.711793824657788      -17.711793824657778        0.000000000000010
        0.966666666666667        0.366666666666667      -10.225908932497332      -10.225908932497324        0.000000000000008
        0.900000000000000        0.400000000000000      -28.923238199859787      -28.923238199859779        0.000000000000008
        0.933333333333333        0.433333333333333      -19.754939070358488      -19.754939070358478        0.000000000000010
        0.966666666666667        0.466666666666667       -9.168299129501312       -9.168299129501307        0.000000000000006
        0.900000000000000        0.500000000000000      -20.451817864994650      -20.451817864994650        0.000000000000000
        0.933333333333333        0.533333333333333      -10.225908932497329      -10.225908932497327        0.000000000000002
        0.966666666666667        0.566666666666667       -2.740024040336866       -2.740024040336865        0.000000000000001
        0.900000000000000        0.600000000000000       -0.000000000000005       -0.000000000000005        0.000000000000001
        0.933333333333333        0.633333333333333        5.293319970428587        5.293319970428586        0.000000000000000
        0.966666666666667        0.666666666666667        5.293319970428592        5.293319970428589        0.000000000000003
        0.900000000000000        0.700000000000000       20.451817864994643       20.451817864994640        0.000000000000003
        0.933333333333333        0.733333333333333       17.711793824657787       17.711793824657778        0.000000000000009
        0.966666666666667        0.766666666666667       10.225908932497331       10.225908932497325        0.000000000000007
        0.900000000000000        0.800000000000000       28.923238199859787       28.923238199859783        0.000000000000004
        0.933333333333333        0.833333333333333       19.754939070358489       19.754939070358480        0.000000000000008
        0.966666666666667        0.866666666666667        9.168299129501313        9.168299129501306        0.000000000000007
        0.900000000000000        0.900000000000000       20.451817864994653       20.451817864994642        0.000000000000010
        0.933333333333333        0.933333333333333       10.225908932497331       10.225908932497320        0.000000000000011
        0.966666666666667        0.966666666666667        2.740024040336867        2.740024040336863        0.000000000000004
        0.900000000000000        1.000000000000000        0.000000000000009        0.000000000000009        0.000000000000000
        0.933333333333333        1.033333333333333       -5.293319970428584       -5.293319970428578        0.000000000000007
        0.966666666666667        1.066666666666667       -5.293319970428591       -5.293319970428584        0.000000000000007
        1.000000000000000        0.000000000000000        0.000000000000013        0.000000000000013        0.000000000000000
        1.033333333333333        0.033333333333333      -10.225908932497309      -10.225908932497305        0.000000000000003
        1.066666666666667        0.066666666666667      -17.711793824657771      -17.711793824657762        0.000000000000008
        1.000000000000000        0.100000000000000        0.000000000000009        0.000000000000009        0.000000000000000
        1.033333333333333        0.133333333333333       -5.293319970428582       -5.293319970428574        0.000000000000008
        1.066666666666667        0.166666666666667       -5.293319970428586       -5.293319970428577        0.000000000000009
        1.000000000000000        0.200000000000000        0.000000000000000        0.000000000000000        0.000000000000000
        1.033333333333333        0.233333333333333        2.740024040336857        2.740024040336854        0.000000000000003
        1.066666666666667        0.266666666666667       10.225908932497314       10.225908932497305        0.000000000000009
        1.000000000000000        0.300000000000000       -0.000000000000009       -0.000000000000009        0.000000000000000
        1.033333333333333        0.333333333333333        9.168299129501290        9.168299129501283        0.000000000000007
        1.066666666666667        0.366666666666667       19.754939070358466       19.754939070358455        0.000000000000011
        1.000000000000000        0.400000000000000       -0.000000000000013       -0.000000000000013        0.000000000000000
        1.033333333333333        0.433333333333333       10.225908932497309       10.225908932497301        0.000000000000008
        1.066666666666667        0.466666666666667       17.711793824657772       17.711793824657764        0.000000000000008
        1.000000000000000        0.500000000000000       -0.000000000000009       -0.000000000000009        0.000000000000000
        1.033333333333333        0.533333333333333        5.293319970428583        5.293319970428581        0.000000000000002
        1.066666666666667        0.566666666666667        5.293319970428588        5.293319970428588        0.000000000000001
        1.000000000000000        0.600000000000000       -0.000000000000000       -0.000000000000000        0.000000000000000
        1.033333333333333        0.633333333333333       -2.740024040336856       -2.740024040336855        0.000000000000001
        1.066666666666667        0.666666666666667      -10.225908932497311      -10.225908932497308        0.000000000000003
        1.000000000000000        0.700000000000000        0.000000000000009        0.000000000000009        0.000000000000000
        1.033333333333333        0.733333333333333       -9.168299129501290       -9.168299129501283        0.000000000000006
        1.066666666666667        0.766666666666667      -19.754939070358465      -19.754939070358456        0.000000000000009
        1.000000000000000        0.800000000000000        0.000000000000013        0.000000000000013        0.000000000000000
        1.033333333333333        0.833333333333333      -10.225908932497309      -10.225908932497303        0.000000000000007
        1.066666666666667        0.866666666666667      -17.711793824657773      -17.711793824657763        0.000000000000010
        1.000000000000000        0.900000000000000        0.000000000000009        0.000000000000009        0.000000000000000
        1.033333333333333        0.933333333333333       -5.293319970428584       -5.293319970428578        0.000000000000007
        1.066666666666667        0.966666666666667       -5.293319970428591       -5.293319970428584        0.000000000000007
        1.000000000000000        1.000000000000000        0.000000000000000        0.000000000000000        0.000000000000000
        1.033333333333333        1.033333333333333        2.740024040336855        2.740024040336851        0.000000000000004
        1.066666666666667        1.066666666666667       10.225908932497309       10.225908932497298        0.000000000000011
