        0.000000000000000        0.000000000000000       39.980646202041942       39.980646202041987        0.000000000000045
        0.033333333333333        0.033333333333333       37.302450736364050       37.302450736364081        0.000000000000032
        0.066666666666667        0.066666666666667       29.985484651531458       29.985484651531461        0.000000000000004
        0.000000000000000        0.100000000000000       28.270586045684045       28.270586045684050        0.000000000000005
        0.033333333333333        0.133333333333333       19.309169359139133       19.309169359139126        0.000000000000007
        0.066666666666667        0.166666666666667        8.961416686544914        8.961416686544905        0.000000000000009
        0.000000000000000        0.200000000000000        0.000000000000002        0.000000000000000        0.000000000000002
        0.033333333333333        0.233333333333333       -9.995161550510483       -9.995161550510483        0.000000000000000
        0.066666666666667        0.266666666666667      -17.312127635343076      -17.312127635343072        0.000000000000004
        0.000000000000000        0.300000000000000      -28.270586045684042      -28.270586045684053        0.000000000000012
        0.033333333333333        0.333333333333333      -33.444462381981152      -33.444462381981164        0.000000000000013
        0.066666666666667        0.366666666666667      -33.444462381981153      -33.444462381981154        0.000000000000002
        0.000000000000000        0.400000000000000      -39.980646202041942      -39.980646202041964        0.000000000000021
        0.033333333333333        0.433333333333333      -37.302450736364051      -37.302450736364067        0.000000000000016
        0.066666666666667        0.466666666666667      -29.985484651531460      -29.985484651531465        0.000000000000005
        0.000000000000000        0.500000000000000      -28.270586045684048      -28.270586045684071        0.000000000000023
        0.033333333333333        0.533333333333333      -19.309169359139137      -19.309169359139152        0.000000000000015
        0.066666666666667        0.566666666666667       -8.961416686544919       -8.961416686544923        0.000000000000004
        0.000000000000000        0.600000000000000       -0.000000000000007       -0.000000000000006        0.000000000000001
        0.033333333333333        0.633333333333333        9.995161550510478        9.995161550510487        0.000000000000009
        0.066666666666667        0.666666666666667       17.312127635343072       17.312127635343078        0.000000000000005
        0.000000000000000        0.700000000000000       28.270586045684038       28.270586045684057        0.000000000000019
        0.033333333333333        0.733333333333333       33.444462381981149       33.444462381981165        0.000000000000016
        0.066666666666667        0.766666666666667       33.444462381981152       33.444462381981157        0.000000000000005
        0.000000000000000        0.800000000000000       39.980646202041942       39.980646202041969        0.000000000000027
        0.033333333333333        0.833333333333333       37.302450736364052       37.302450736364072        0.000000000000020
        0.066666666666667        0.866666666666667       29.985484651531462       29.985484651531463        0.000000000000001
        0.000000000000000        0.900000000000000       28.270586045684052       28.270586045684060        0.000000000000009
        0.033333333333333        0.933333333333333       19.309169359139141       19.309169359139139        0.000000000000002
        0.066666666666667        0.966666666666667        8.961416686544923        8.961416686544916        0.000000000000006
        0.000000000000000        1.000000000000000        0.000000000000012        0.000000000000012        0.000000000000000
        0.033333333333333        1.033333333333333       -9.995161550510474       -9.995161550510471        0.000000000000003
        0.066666666666667        1.066666666666667      -17.312127635343069      -17.312127635343061        0.000000000000008
        0.100000000000000        0.000000000000000       28.270586045684045       28.270586045684050        0.000000000000005
        0.133333333333333        0.033333333333333       19.309169359139133       19.309169359139126        0.000000000000007
        0.166666666666667        0.066666666666667        8.961416686544914        8.961416686544905        0.000000000000009
        0.100000000000000        0.100000000000000       19.990323101020972       19.990323101020957        0.000000000000016
        0.133333333333333        0.133333333333333        9.995161550510487        9.995161550510471        0.000000000000016
        0.166666666666667        0.166666666666667        2.678195465677894        2.678195465677888        0.000000000000006
        0.100000000000000        0.200000000000000        0.000000000000002        0.000000000000000        0.000000000000002
        0.133333333333333        0.233333333333333       -5.173876336297108       -5.173876336297102        0.000000000000006
        0.166666666666667        0.266666666666667       -5.173876336297110       -5.173876336297102        0.000000000000007
        0.100000000000000        0.300000000000000      -19.990323101020970      -19.990323101020959        0.000000000000011
        0.133333333333333        0.333333333333333      -17.312127635343079      -17.312127635343064        0.000000000000015
        0.166666666666667        0.366666666666667       -9.995161550510487       -9.995161550510476        0.000000000000011
        0.100000000000000        0.400000000000000      -28.270586045684045      -28.270586045684033        0.000000000000012
        0.133333333333333        0.433333333333333      -19.309169359139134      -19.309169359139118        0.000000000000015
        0.166666666666667        0.466666666666667       -8.961416686544915       -8.961416686544906        0.000000000000009
        0.100000000000000        0.500000000000000      -19.990323101020975      -19.990323101020972        0.000000000000003
        0.133333333333333        0.533333333333333       -9.995161550510489       -9.995161550510485        0.000000000000004
        0.166666666666667        0.566666666666667       -2.678195465677895       -2.678195465677893        0.000000000000002
        0.100000000000000        0.600000000000000       -0.000000000000005       -0.000000000000004        0.000000000000001
        0.133333333333333        0.633333333333333        5.173876336297106        5.173876336297104        0.000000000000002
        0.166666666666667        0.666666666666667        5.173876336297109        5.173876336297104        0.000000000000005
        0.100000000000000        0.700000000000000       19.990323101020968       19.990323101020962        0.000000000000006
        0.133333333333333        0.733333333333333       17.312127635343077       17.312127635343064        0.000000000000013
        0.166666666666667        0.766666666666667        9.995161550510487        9.995161550510477        0.000000000000010
        0.100000000000000        0.800000000000000       28.270586045684045       28.270586045684037        0.000000000000008
        0.133333333333333        0.833333333333333       19.309169359139134       19.309169359139121        0.000000000000013
        0.166666666666667        0.866666666666667        8.961416686544916        8.961416686544906        0.000000000000010
        0.100000000000000        0.900000000000000       19.990323101020977       19.990323101020964        0.000000000000013
        0.133333333333333        0.933333333333333        9.995161550510491        9.995161550510478        0.000000000000013
        0.166666666666667        0.966666666666667        2.678195465677896        2.678195465677891        0.000000000000005
        0.100000000000000        1.000000000000000        0.000000000000009        0.000000000000009        0.000000000000000
        0.133333333333333        1.033333333333333       -5.173876336297104       -5.173876336297096        0.000000000000008
        0.166666666666667        1.066666666666667       -5.173876336297108       -5.173876336297099        0.000000000000008
        0.200000000000000        0.000000000000000        0.000000000000002        0.000000000000000        0.000000000000002
        0.233333333333333        0.033333333333333       -9.995161550510483       -9.995161550510483        0.000000000000000
        0.266666666666667        0.066666666666667      -17.312127635343076      -17.312127635343072        0.000000000000004
        0.200000000000000        0.100000000000000        0.000000000000002        0.000000000000000        0.000000000000002
        0.233333333333333        0.133333333333333       -5.173876336297108       -5.173876336297102        0.000000000000006
        0.266666666666667        0.166666666666667       -5.173876336297110       -5.173876336297102        0.000000000000007
        0.200000000000000        0.200000000000000        0.000000000000000        0.000000000000000        0.000000000000000
        0.233333333333333        0.233333333333333        2.678195465677891        2.678195465677889        0.000000000000002
        0.266666666666667        0.266666666666667        9.995161550510483        9.995161550510476        0.000000000000006
        0.200000000000000        0.300000000000000       -0.000000000000002       -0.000000000000000        0.000000000000002
        0.233333333333333        0.333333333333333        8.961416686544910        8.961416686544905        0.000000000000004
        0.266666666666667        0.366666666666667       19.309169359139128       19.309169359139122        0.000000000000007
        0.200000000000000        0.400000000000000       -0.000000000000002       -0.000000000000000        0.000000000000002
        0.233333333333333        0.433333333333333        9.995161550510483        9.995161550510479        0.000000000000004
        0.266666666666667        0.466666666666667       17.312127635343077       17.312127635343074        0.000000000000004
        0.200000000000000        0.500000000000000       -0.000000000000002       -0.000000000000000        0.000000000000002
        0.233333333333333        0.533333333333333        5.173876336297110        5.173876336297109        0.000000000000000
        0.266666666666667        0.566666666666667        5.173876336297112        5.173876336297112        0.000000000000000
        0.200000000000000        0.600000000000000       -0.000000000000000       -0.000000000000000        0.000000000000000
        0.233333333333333        0.633333333333333       -2.678195465677890       -2.678195465677890        0.000000000000000
        0.266666666666667        0.666666666666667       -9.995161550510481       -9.995161550510480        0.000000000000001
        0.200000000000000        0.700000000000000        0.000000000000002        0.000000000000000        0.000000000000002
        0.233333333333333        0.733333333333333       -8.961416686544909       -8.961416686544905        0.000000000000004
        0.266666666666667        0.766666666666667      -19.309169359139128      -19.309169359139123        0.000000000000005
        0.200000000000000        0.800000000000000        0.000000000000002        0.000000000000000        0.000000000000002
        0.233333333333333        0.833333333333333       -9.995161550510484       -9.995161550510480        0.000000000000004
        0.266666666666667        0.866666666666667      -17.312127635343079      -17.312127635343073        0.000000000000006
        0.200000000000000        0.900000000000000        0.000000000000002        0.000000000000000        0.000000000000002
        0.233333333333333        0.933333333333333       -5.173876336297111       -5.173876336297106        0.000000000000005
        0.266666666666667        0.966666666666667       -5.173876336297114       -5.173876336297109        0.000000000000006
        0.200000000000000        1.000000000000000        0.000000000000000        0.000000000000000        0.000000000000000
        0.233333333333333        1.033333333333333        2.678195465677889        2.678195465677886        0.000000000000003
        0.266666666666667        1.066666666666667        9.995161550510479        9.995161550510470        0.000000000000008
        0.300000000000000        0.000000000000000      -28.270586045684042      -28.270586045684053        0.000000000000012
        0.333333333333333        0.033333333333333      -33.444462381981152      -33.444462381981164        0.000000000000013
        0.366666666666667        0.066666666666667      -33.444462381981153      -33.444462381981154        0.000000000000002
        0.300000000000000        0.100000000000000      -19.990323101020970      -19.990323101020959        0.000000000000011
        0.333333333333333        0.133333333333333      -17.312127635343079      -17.312127635343064        0.000000000000015
        0.366666666666667        0.166666666666667       -9.995161550510487       -9.995161550510476        0.000000000000011
        0.300000000000000        0.200000000000000       -0.000000000000002       -0.000000000000000        0.000000000000002
        0.333333333333333        0.233333333333333        8.961416686544910        8.961416686544905        0.000000000000004
        0.366666666666667        0.266666666666667       19.309169359139128       19.309169359139122        0.000000000000007
        0.300000000000000        0.300000000000000       19.990323101020968       19.990323101020962        0.000000000000006
        0.333333333333333        0.333333333333333       29.985484651531453       29.985484651531451        0.000000000000003
        0.366666666666667        0.366666666666667       37.302450736364047       37.302450736364046        0.000000000000001
        0.300000000000000        0.400000000000000       28.270586045684042       28.270586045684037        0.000000000000005
        0.333333333333333        0.433333333333333       33.444462381981153       33.444462381981152        0.000000000000001
        0.366666666666667        0.466666666666667       33.444462381981155       33.444462381981158        0.000000000000003
        0.300000000000000        0.500000000000000       19.990323101020972       19.990323101020975        0.000000000000002
        0.333333333333333        0.533333333333333       17.312127635343082       17.312127635343088        0.000000000000006
        0.366666666666667        0.566666666666667        9.995161550510492        9.995161550510495        0.000000000000004
        0.300000000000000        0.600000000000000        0.000000000000005        0.000000000000004        0.000000000000001
        0.333333333333333        0.633333333333333       -8.961416686544906       -8.961416686544909        0.000000000000004
        0.366666666666667        0.666666666666667      -19.309169359139124      -19.309169359139128        0.000000000000004
        0.300000000000000        0.700000000000000      -19.990323101020965      -19.990323101020964        0.000000000000001
        0.333333333333333        0.733333333333333      -29.985484651531451      -29.985484651531451        0.000000000000000
        0.366666666666667        0.766666666666667      -37.302450736364046      -37.302450736364048        0.000000000000002
        0.300000000000000        0.800000000000000      -28.270586045684042      -28.270586045684041        0.000000000000001
        0.333333333333333        0.833333333333333      -33.444462381981154      -33.444462381981156        0.000000000000002
        0.366666666666667        0.866666666666667      -33.444462381981158      -33.444462381981156        0.000000000000001
        0.300000000000000        0.900000000000000      -19.990323101020975      -19.990323101020967        0.000000000000008
        0.333333333333333        0.933333333333333      -17.312127635343086      -17.312127635343076        0.000000000000010
        0.366666666666667        0.966666666666667       -9.995161550510496       -9.995161550510489        0.000000000000008
        0.300000000000000        1.000000000000000       -0.000000000000009       -0.000000000000009        0.000000000000000
        0.333333333333333        1.033333333333333        8.961416686544901        8.961416686544894        0.000000000000007
        0.366666666666667        1.066666666666667       19.309169359139120       19.309169359139109        0.000000000000011
        0.400000000000000        0.000000000000000      -39.980646202041942      -39.980646202041964        0.000000000000021
        0.433333333333333        0.033333333333333      -37.302450736364051      -37.302450736364067        0.000000000000016
        0.466666666666667        0.066666666666667      -29.985484651531460      -29.985484651531465        0.000000000000005
        0.400000000000000        0.100000000000000      -28.270586045684045      -28.270586045684033        0.000000000000012
        0.433333333333333        0.133333333333333      -19.309169359139134      -19.309169359139118        0.000000000000015
        0.466666666666667        0.166666666666667       -8.961416686544915       -8.961416686544906        0.000000000000009
        0.400000000000000        0.200000000000000       -0.000000000000002       -0.000000000000000        0.000000000000002
        0.433333333333333        0.233333333333333        9.995161550510483        9.995161550510479        0.000000000000004
        0.466666666666667        0.266666666666667       17.312127635343077       17.312127635343074        0.000000000000004
        0.400000000000000        0.300000000000000       28.270586045684042       28.270586045684037        0.000000000000005
        0.433333333333333        0.333333333333333       33.444462381981153       33.444462381981152        0.000000000000001
        0.466666666666667        0.366666666666667       33.444462381981155       33.444462381981158        0.000000000000003
        0.400000000000000        0.400000000000000       39.980646202041942       39.980646202041941        0.000000000000002
        0.433333333333333        0.433333333333333       37.302450736364052       37.302450736364053        0.000000000000001
        0.466666666666667        0.466666666666667       29.985484651531462       29.985484651531468        0.000000000000006
        0.400000000000000        0.500000000000000       28.270586045684048       28.270586045684055        0.000000000000006
        0.433333333333333        0.533333333333333       19.309169359139138       19.309169359139145        0.000000000000007
        0.466666666666667        0.566666666666667        8.961416686544919        8.961416686544924        0.000000000000004
        0.400000000000000        0.600000000000000        0.000000000000007        0.000000000000006        0.000000000000001
        0.433333333333333        0.633333333333333       -9.995161550510479       -9.995161550510483        0.000000000000005
        0.466666666666667        0.666666666666667      -17.312127635343074      -17.312127635343080        0.000000000000006
        0.400000000000000        0.700000000000000      -28.270586045684038      -28.270586045684040        0.000000000000002
        0.433333333333333        0.733333333333333      -33.444462381981150      -33.444462381981152        0.000000000000002
        0.466666666666667        0.766666666666667      -33.444462381981154      -33.444462381981160        0.000000000000006
        0.400000000000000        0.800000000000000      -39.980646202041942      -39.980646202041946        0.000000000000004
        0.433333333333333        0.833333333333333      -37.302450736364053      -37.302450736364058        0.000000000000004
        0.466666666666667        0.866666666666667      -29.985484651531464      -29.985484651531466        0.000000000000002
        0.400000000000000        0.900000000000000      -28.270586045684052      -28.270586045684044        0.000000000000008
        0.433333333333333        0.933333333333333      -19.309169359139142      -19.309169359139132        0.000000000000010
        0.466666666666667        0.966666666666667       -8.961416686544923       -8.961416686544917        0.000000000000006
        0.400000000000000        1.000000000000000       -0.000000000000012       -0.000000000000012        0.000000000000000
        0.433333333333333        1.033333333333333        9.995161550510474        9.995161550510467        0.000000000000007
        0.466666666666667        1.066666666666667       17.312127635343070       17.312127635343063        0.000000000000007
        0.500000000000000        0.000000000000000      -28.270586045684048      -28.270586045684071        0.000000000000023
        0.533333333333333        0.033333333333333      -19.309169359139137      -19.309169359139152        0.000000000000015
        0.566666666666667        0.066666666666667       -8.961416686544919       -8.961416686544923        0.000000000000004
        0.500000000000000        0.100000000000000      -19.990323101020975      -19.990323101020972        0.000000000000003
        0.533333333333333        0.133333333333333       -9.995161550510489       -9.995161550510485        0.000000000000004
        0.566666666666667        0.166666666666667       -2.678195465677895       -2.678195465677893        0.000000000000002
        0.500000000000000        0.200000000000000       -0.000000000000002       -0.000000000000000        0.000000000000002
        0.533333333333333        0.233333333333333        5.173876336297110        5.173876336297109        0.000000000000000
        0.566666666666667        0.266666666666667        5.173876336297112        5.173876336297112        0.000000000000000
        0.500000000000000        0.300000000000000       19.990323101020972       19.990323101020975        0.000000000000002
        0.533333333333333        0.333333333333333       17.312127635343082       17.312127635343088        0.000000000000006
        0.566666666666667        0.366666666666667        9.995161550510492        9.995161550510495        0.000000000000004
        0.500000000000000        0.400000000000000       28.270586045684048       28.270586045684055        0.000000000000006
        0.533333333333333        0.433333333333333       19.309169359139138       19.309169359139145        0.000000000000007
        0.566666666666667        0.466666666666667        8.961416686544919        8.961416686544924        0.000000000000004
        0.500000000000000        0.500000000000000       19.990323101020977       19.990323101020987        0.000000000000010
        0.533333333333333        0.533333333333333        9.995161550510491        9.995161550510499        0.000000000000007
        0.566666666666667        0.566666666666667        2.678195465677896        2.678195465677898        0.000000000000002
        0.500000000000000        0.600000000000000        0.000000000000005        0.000000000000004        0.000000000000001
        0.533333333333333        0.633333333333333       -5.173876336297107       -5.173876336297111        0.000000000000004
        0.566666666666667        0.666666666666667       -5.173876336297111       -5.173876336297114        0.000000000000003
        0.500000000000000        0.700000000000000      -19.990323101020970      -19.990323101020977        0.000000000000007
        0.533333333333333        0.733333333333333      -17.312127635343081      -17.312127635343088        0.000000000000007
        0.566666666666667        0.766666666666667       -9.995161550510491       -9.995161550510496        0.000000000000005
        0.500000000000000        0.800000000000000      -28.270586045684048      -28.270586045684059        0.000000000000010
        0.533333333333333        0.833333333333333      -19.309169359139138      -19.309169359139147        0.000000000000009
        0.566666666666667        0.866666666666667       -8.961416686544920       -8.961416686544923        0.000000000000003
        0.500000000000000        0.900000000000000      -19.990323101020980      -19.990323101020980        0.000000000000000
        0.533333333333333        0.933333333333333       -9.995161550510493       -9.995161550510492        0.000000000000002
        0.566666666666667        0.966666666666667       -2.678195465677898       -2.678195465677897        0.000000000000001
        0.500000000000000        1.000000000000000       -0.000000000000009       -0.000000000000009        0.000000000000000
        0.533333333333333        1.033333333333333        5.173876336297105        5.173876336297103        0.000000000000002
        0.566666666666667        1.066666666666667        5.173876336297110        5.173876336297109        0.000000000000001
        0.600000000000000        0.000000000000000       -0.000000000000007       -0.000000000000006        0.000000000000001
        0.633333333333333        0.033333333333333        9.995161550510478        9.995161550510487        0.000000000000009
        0.666666666666667        0.066666666666667       17.312127635343072       17.312127635343078        0.000000000000005
        0.600000000000000        0.100000000000000       -0.000000000000005       -0.000000000000004        0.000000000000001
        0.633333333333333        0.133333333333333        5.173876336297106        5.173876336297104        0.000000000000002
        0.666666666666667        0.166666666666667        5.173876336297109        5.173876336297104        0.000000000000005
        0.600000000000000        0.200000000000000       -0.000000000000000       -0.000000000000000        0.000000000000000
        0.633333333333333        0.233333333333333       -2.678195465677890       -2.678195465677890        0.000000000000000
        0.666666666666667        0.266666666666667       -9.995161550510481       -9.995161550510480        0.000000000000001
        0.600000000000000        0.300000000000000        0.000000000000005        0.000000000000004        0.000000000000001
        0.633333333333333        0.333333333333333       -8.961416686544906       -8.961416686544909        0.000000000000004
        0.666666666666667        0.366666666666667      -19.309169359139124      -19.309169359139128        0.000000000000004
        0.600000000000000        0.400000000000000        0.000000000000007        0.000000000000006        0.000000000000001
        0.633333333333333        0.433333333333333       -9.995161550510479       -9.995161550510483        0.000000000000005
        0.666666666666667        0.466666666666667      -17.312127635343074      -17.312127635343080        0.000000000000006
        0.600000000000000        0.500000000000000        0.000000000000005        0.000000000000004        0.000000000000001
        0.633333333333333        0.533333333333333       -5.173876336297107       -5.173876336297111        0.000000000000004
        0.666666666666667        0.566666666666667       -5.173876336297111       -5.173876336297114        0.000000000000003
        0.600000000000000        0.600000000000000        0.000000000000000        0.000000000000000        0.000000000000000
        0.633333333333333        0.633333333333333        2.678195465677889        2.678195465677891        0.000000000000002
        0.666666666666667        0.666666666666667        9.995161550510479        9.995161550510483        0.000000000000005
        0.600000000000000        0.700000000000000       -0.000000000000005       -0.000000000000004        0.000000000000001
        0.633333333333333        0.733333333333333        8.961416686544905        8.961416686544909        0.000000000000004
        0.666666666666667        0.766666666666667       19.309169359139123       19.309169359139129        0.000000000000006
        0.600000000000000        0.800000000000000       -0.000000000000007       -0.000000000000006        0.000000000000001
        0.633333333333333        0.833333333333333        9.995161550510479        9.995161550510485        0.000000000000005
        0.666666666666667        0.866666666666667       17.312127635343075       17.312127635343078        0.000000000000004
        0.600000000000000        0.900000000000000       -0.000000000000005       -0.000000000000004        0.000000000000001
        0.633333333333333        0.933333333333333        5.173876336297108        5.173876336297108        0.000000000000000
        0.666666666666667        0.966666666666667        5.173876336297113        5.173876336297111        0.000000000000003
        0.600000000000000        1.000000000000000       -0.000000000000000       -0.000000000000000        0.000000000000000
        0.633333333333333        1.033333333333333       -2.678195465677888       -2.678195465677887        0.000000000000001
        0.666666666666667        1.066666666666667       -9.995161550510476       -9.995161550510473        0.000000000000003
        0.700000000000000        0.000000000000000       28.270586045684038       28.270586045684057        0.000000000000019
        0.733333333333333        0.033333333333333       33.444462381981149       33.444462381981165        0.000000000000016
        0.766666666666667        0.066666666666667       33.444462381981152       33.444462381981157        0.000000000000005
        0.700000000000000        0.100000000000000       19.990323101020968       19.990323101020962        0.000000000000006
        0.733333333333333        0.133333333333333       17.312127635343077       17.312127635343064        0.000000000000013
        0.766666666666667        0.166666666666667        9.995161550510487        9.995161550510477        0.000000000000010
        0.700000000000000        0.200000000000000        0.000000000000002        0.000000000000000        0.000000000000002
        0.733333333333333        0.233333333333333       -8.961416686544909       -8.961416686544905        0.000000000000004
        0.766666666666667        0.266666666666667      -19.309169359139128      -19.309169359139123        0.000000000000005
        0.700000000000000        0.300000000000000      -19.990323101020965      -19.990323101020964        0.000000000000001
        0.733333333333333        0.333333333333333      -29.985484651531451      -29.985484651531451        0.000000000000000
        0.766666666666667        0.366666666666667      -37.302450736364046      -37.302450736364048        0.000000000000002
        0.700000000000000        0.400000000000000      -28.270586045684038      -28.270586045684040        0.000000000000002
        0.733333333333333        0.433333333333333      -33.444462381981150      -33.444462381981152        0.000000000000002
        0.766666666666667        0.466666666666667      -33.444462381981154      -33.444462381981160        0.000000000000006
        0.700000000000000        0.500000000000000      -19.990323101020970      -19.990323101020977        0.000000000000007
        0.733333333333333        0.533333333333333      -17.312127635343081      -17.312127635343088        0.000000000000007
        0.766666666666667        0.566666666666667       -9.995161550510491       -9.995161550510496        0.000000000000005
        0.700000000000000        0.600000000000000       -0.000000000000005       -0.000000000000004        0.000000000000001
        0.733333333333333        0.633333333333333        8.961416686544905        8.961416686544909        0.000000000000004
        0.766666666666667        0.666666666666667       19.309169359139123       19.309169359139129        0.000000000000006
        0.700000000000000        0.700000000000000       19.990323101020963       19.990323101020967        0.000000000000004
        0.733333333333333        0.733333333333333       29.985484651531449       29.985484651531452        0.000000000000003
        0.766666666666667        0.766666666666667       37.302450736364045       37.302450736364050        0.000000000000006
        0.700000000000000        0.800000000000000       28.270586045684038       28.270586045684044        0.000000000000006
        0.733333333333333        0.833333333333333       33.444462381981152       33.444462381981157        0.000000000000005
        0.766666666666667        0.866666666666667       33.444462381981157       33.444462381981158        0.000000000000002
        0.700000000000000        0.900000000000000       19.990323101020972       19.990323101020969        0.000000000000003
        0.733333333333333        0.933333333333333       17.312127635343085       17.312127635343076        0.000000000000008
        0.766666666666667        0.966666666666667        9.995161550510496        9.995161550510489        0.000000000000007
        0.700000000000000        1.000000000000000        0.000000000000009        0.000000000000009        0.000000000000000
        0.733333333333333        1.033333333333333       -8.961416686544901       -8.961416686544895        0.000000000000006
        0.766666666666667        1.066666666666667      -19.309169359139119      -19.309169359139111        0.000000000000009
        0.800000000000000        0.000000000000000       39.980646202041942       39.980646202041969        0.000000000000027
        0.833333333333333        0.033333333333333       37.302450736364052       37.302450736364072        0.000000000000020
        0.866666666666667        0.066666666666667       29.985484651531462       29.985484651531463        0.000000000000001
        0.800000000000000        0.100000000000000       28.270586045684045       28.270586045684037        0.000000000000008
        0.833333333333333        0.133333333333333       19.309169359139134       19.309169359139121        0.000000000000013
        0.866666666666667        0.166666666666667        8.961416686544916        8.961416686544906        0.000000000000010
        0.800000000000000        0.200000000000000        0.000000000000002        0.000000000000000        0.000000000000002
        0.833333333333333        0.233333333333333       -9.995161550510484       -9.995161550510480        0.000000000000004
        0.866666666666667        0.266666666666667      -17.312127635343079      -17.312127635343073        0.000000000000006
        0.800000000000000        0.300000000000000      -28.270586045684042      -28.270586045684041        0.000000000000001
        0.833333333333333        0.333333333333333      -33.444462381981154      -33.444462381981156        0.000000000000002
        0.866666666666667        0.366666666666667      -33.444462381981158      -33.444462381981156        0.000000000000001
        0.800000000000000        0.400000000000000      -39.980646202041942      -39.980646202041946        0.000000000000004
        0.833333333333333        0.433333333333333      -37.302450736364053      -37.302450736364058        0.000000000000004
        0.866666666666667        0.466666666666667      -29.985484651531464      -29.985484651531466        0.000000000000002
        0.800000000000000        0.500000000000000      -28.270586045684048      -28.270586045684059        0.000000000000010
        0.833333333333333        0.533333333333333      -19.309169359139138      -19.309169359139147        0.000000000000009
        0.866666666666667        0.566666666666667       -8.961416686544920       -8.961416686544923        0.000000000000003
        0.800000000000000        0.600000000000000       -0.000000000000007       -0.000000000000006        0.000000000000001
        0.833333333333333        0.633333333333333        9.995161550510479        9.995161550510485        0.000000000000005
        0.866666666666667        0.666666666666667       17.312127635343075       17.312127635343078        0.000000000000004
        0.800000000000000        0.700000000000000       28.270586045684038       28.270586045684044        0.000000000000006
        0.833333333333333        0.733333333333333       33.444462381981152       33.444462381981157        0.000000000000005
        0.866666666666667        0.766666666666667       33.444462381981157       33.444462381981158        0.000000000000002
        0.800000000000000        0.800000000000000       39.980646202041942       39.980646202041952        0.000000000000009
        0.833333333333333        0.833333333333333       37.302450736364055       37.302450736364062        0.000000000000008
        0.866666666666667        0.866666666666667       29.985484651531466       29.985484651531465        0.000000000000001
        0.800000000000000        0.900000000000000       28.270586045684052       28.270586045684048        0.000000000000004
        0.833333333333333        0.933333333333333       19.309169359139142       19.309169359139134        0.000000000000008
        0.866666666666667        0.966666666666667        8.961416686544924        8.961416686544917        0.000000000000007
        0.800000000000000        1.000000000000000        0.000000000000012        0.000000000000012        0.000000000000000
        0.833333333333333        1.033333333333333       -9.995161550510474       -9.995161550510468        0.000000000000007
        0.866666666666667        1.066666666666667      -17.312127635343071      -17.312127635343062        0.000000000000010
        0.900000000000000        0.000000000000000       28.270586045684052       28.270586045684060        0.000000000000009
        0.933333333333333        0.033333333333333       19.309169359139141       19.309169359139139        0.000000000000002
        0.966666666666667        0.066666666666667        8.961416686544923        8.961416686544916        0.000000000000006
        0.900000000000000        0.100000000000000       19.990323101020977       19.990323101020964        0.000000000000013
        0.933333333333333        0.133333333333333        9.995161550510491        9.995161550510478        0.000000000000013
        0.966666666666667        0.166666666666667        2.678195465677896        2.678195465677891        0.000000000000005
        0.900000000000000        0.200000000000000        0.000000000000002        0.000000000000000        0.000000000000002
        0.933333333333333        0.233333333333333       -5.173876336297111       -5.173876336297106        0.000000000000005
        0.966666666666667        0.266666666666667       -5.173876336297114       -5.173876336297109        0.000000000000006
        0.900000000000000        0.300000000000000      -19.990323101020975      -19.990323101020967        0.000000000000008
        0.933333333333333        0.333333333333333      -17.312127635343086      -17.312127635343076        0.000000000000010
        0.966666666666667        0.366666666666667       -9.995161550510496       -9.995161550510489        0.000000000000008
        0.900000000000000        0.400000000000000      -28.270586045684052      -28.270586045684044        0.000000000000008
        0.933333333333333        0.433333333333333      -19.309169359139142      -19.309169359139132        0.000000000000010
        0.966666666666667        0.466666666666667       -8.961416686544923       -8.961416686544917        0.000000000000006
        0.900000000000000        0.500000000000000      -19.990323101020980      -19.990323101020980        0.000000000000000
        0.933333333333333        0.533333333333333       -9.995161550510493       -9.995161550510492        0.000000000000002
        0.966666666666667        0.566666666666667       -2.678195465677898       -2.678195465677897        0.000000000000001
        0.900000000000000        0.600000000000000       -0.000000000000005       -0.000000000000004        0.000000000000001
        0.933333333333333        0.633333333333333        5.173876336297108        5.173876336297108        0.000000000000000
        0.966666666666667        0.666666666666667        5.173876336297113        5.173876336297111        0.000000000000003
        0.900000000000000        0.700000000000000       19.990323101020972       19.990323101020969        0.000000000000003
        0.933333333333333        0.733333333333333       17.312127635343085       17.312127635343076        0.000000000000008
        0.966666666666667        0.766666666666667        9.995161550510496        9.995161550510489        0.000000000000007
        0.900000000000000        0.800000000000000       28.270586045684052       28.270586045684048        0.000000000000004
        0.933333333333333        0.833333333333333       19.309169359139142       19.309169359139134        0.000000000000008
        0.966666666666667        0.866666666666667        8.961416686544924        8.961416686544917        0.000000000000007
        0.900000000000000        0.900000000000000       19.990323101020982       19.990323101020972        0.000000000000010
        0.933333333333333        0.933333333333333        9.995161550510495        9.995161550510485        0.000000000000011
        0.966666666666667        0.966666666666667        2.678195465677899        2.678195465677895        0.000000000000004
        0.900000000000000        1.000000000000000        0.000000000000009        0.000000000000009        0.000000000000000
        0.933333333333333        1.033333333333333       -5.173876336297106       -5.173876336297099        0.000000000000007
        0.966666666666667        1.066666666666667       -5.173876336297112       -5.173876336297106        0.000000000000007
        1.000000000000000        0.000000000000000        0.000000000000012        0.000000000000012        0.000000000000000
        1.033333333333333        0.033333333333333       -9.995161550510474       -9.995161550510471        0.000000000000003
        1.066666666666667        0.066666666666667      -17.312127635343069      -17.312127635343061        0.000000000000008
        1.000000000000000        0.100000000000000        0.000000000000009        0.000000000000009        0.000000000000000
        1.033333333333333        0.133333333333333       -5.173876336297104       -5.173876336297096        0.000000000000008
        1.066666666666667        0.166666666666667       -5.173876336297108       -5.173876336297099        0.000000000000008
        1.000000000000000        0.200000000000000        0.000000000000000        0.000000000000000        0.000000000000000
        1.033333333333333        0.233333333333333        2.678195465677889        2.678195465677886        0.000000000000003
        1.066666666666667        0.266666666666667        9.995161550510479        9.995161550510470        0.000000000000008
        1.000000000000000        0.300000000000000       -0.000000000000009       -0.000000000000009        0.000000000000000
        1.033333333333333        0.333333333333333        8.961416686544901        8.961416686544894        0.000000000000007
        1.066666666666667        0.366666666666667       19.309169359139120       19.309169359139109        0.000000000000011
        1.000000000000000        0.400000000000000       -0.000000000000012       -0.000000000000012        0.000000000000000
        1.033333333333333        0.433333333333333        9.995161550510474        9.995161550510467        0.000000000000007
        1.066666666666667        0.466666666666667       17.312127635343070       17.312127635343063        0.000000000000007
        1.000000000000000        0.500000000000000       -0.000000000000009       -0.000000000000009        0.000000000000000
        1.033333333333333        0.533333333333333        5.173876336297105        5.173876336297103        0.000000000000002
        1.066666666666667        0.566666666666667        5.173876336297110        5.173876336297109        0.000000000000001
        1.000000000000000        0.600000000000000       -0.000000000000000       -0.000000000000000        0.000000000000000
        1.033333333333333        0.633333333333333       -2.678195465677888       -2.678195465677887        0.000000000000001
        1.066666666666667        0.666666666666667       -9.995161550510476       -9.995161550510473        0.000000000000003
        1.000000000000000        0.700000000000000        0.000000000000009        0.000000000000009        0.000000000000000
        1.033333333333333        0.733333333333333       -8.961416686544901       -8.961416686544895        0.000000000000006
        1.066666666666667        0.766666666666667      -19.309169359139119      -19.309169359139111        0.000000000000009
        1.000000000000000        0.800000000000000        0.000000000000012        0.000000000000012        0.000000000000000
        1.033333333333333        0.833333333333333       -9.995161550510474       -9.995161550510468        0.000000000000007
        1.066666666666667        0.866666666666667      -17.312127635343071      -17.312127635343062        0.000000000000010
        1.000000000000000        0.900000000000000        0.000000000000009        0.000000000000009        0.000000000000000
        1.033333333333333        0.933333333333333       -5.173876336297106       -5.173876336297099        0.000000000000007
        1.066666666666667        0.966666666666667       -5.173876336297112       -5.173876336297106        0.000000000000007
        1.000000000000000        1.000000000000000        0.000000000000000        0.000000000000000        0.000000000000000
        1.033333333333333        1.033333333333333        2.678195465677887        2.678195465677883        0.000000000000004
        1.066666666666667        1.066666666666667        9.995161550510474        9.995161550510464        0.000000000000011
