        0.000000000000000        0.000000000000000       39.054385769637477       39.054385769637520        0.000000000000044
        0.033333333333333        0.033333333333333       36.438237987670504       36.438237987670535        0.000000000000031
        0.066666666666667        0.066666666666667       29.290789327228108       29.290789327228112        0.000000000000004
        0.000000000000000        0.100000000000000       27.615621012786063       27.615621012786068        0.000000000000005
        0.033333333333333        0.133333333333333       18.861819922374556       18.861819922374549        0.000000000000007
        0.066666666666667        0.166666666666667        8.753801090411510        8.753801090411500        0.000000000000009
        0.000000000000000        0.200000000000000        0.000000000000002        0.000000000000000        0.000000000000002
        0.033333333333333        0.233333333333333       -9.763596442409367       -9.763596442409366        0.000000000000000
        0.066666666666667        0.266666666666667      -16.911045102851763      -16.911045102851759        0.000000000000004
        0.000000000000000        0.300000000000000      -27.615621012786060      -27.615621012786072        0.000000000000011
        0.033333333333333        0.333333333333333      -32.669630428767584      -32.669630428767597        0.000000000000012
        0.066666666666667        0.366666666666667      -32.669630428767586      -32.669630428767587        0.000000000000001
        0.000000000000000        0.400000000000000      -39.054385769637477      -39.054385769637498        0.000000000000021
        0.033333333333333        0.433333333333333      -36.438237987670505      -36.438237987670521        0.000000000000016
        0.066666666666667        0.466666666666667      -29.290789327228110      -29.290789327228115        0.000000000000005
        0.000000000000000        0.500000000000000      -27.615621012786067      -27.615621012786089        0.000000000000022
        0.033333333333333        0.533333333333333      -18.861819922374560      -18.861819922374575        0.000000000000015
        0.066666666666667        0.566666666666667       -8.753801090411514       -8.753801090411518        0.000000000000004
        0.000000000000000        0.600000000000000       -0.000000000000007       -0.000000000000006        0.000000000000001
        0.033333333333333        0.633333333333333        9.763596442409362        9.763596442409371        0.000000000000008
        0.066666666666667        0.666666666666667       16.911045102851759       16.911045102851764        0.000000000000005
        0.000000000000000        0.700000000000000       27.615621012786057       27.615621012786075        0.000000000000018
        0.033333333333333        0.733333333333333       32.669630428767582       32.669630428767597        0.000000000000015
        0.066666666666667        0.766666666666667       32.669630428767584       32.669630428767589        0.000000000000005
        0.000000000000000        0.800000000000000       39.054385769637477       39.054385769637503        0.000000000000026
        0.033333333333333        0.833333333333333       36.438237987670506       36.438237987670525        0.000000000000019
        0.066666666666667        0.866666666666667       29.290789327228112       29.290789327228113        0.000000000000001
        0.000000000000000        0.900000000000000       27.615621012786070       27.615621012786079        0.000000000000008
        0.033333333333333        0.933333333333333       18.861819922374564       18.861819922374562        0.000000000000002
        0.066666666666667        0.966666666666667        8.753801090411518        8.753801090411511        0.000000000000006
        0.000000000000000        1.000000000000000        0.000000000000012        0.000000000000012        0.000000000000000
        0.033333333333333        1.033333333333333       -9.763596442409358       -9.763596442409354        0.000000000000003
        0.066666666666667        1.066666666666667      -16.911045102851756      -16.911045102851748        0.000000000000008
        0.100000000000000        0.000000000000000       27.615621012786063       27.615621012786068        0.000000000000005
        0.133333333333333        0.033333333333333       18.861819922374556       18.861819922374549        0.000000000000007
        0.166666666666667        0.066666666666667        8.753801090411510        8.753801090411500        0.000000000000009
        0.100000000000000        0.100000000000000       19.527192884818739       19.527192884818724        0.000000000000015
        0.133333333333333        0.133333333333333        9.763596442409371        9.763596442409355        0.000000000000016
        0.166666666666667        0.166666666666667        2.616147781966974        2.616147781966968        0.000000000000006
        0.100000000000000        0.200000000000000        0.000000000000002        0.000000000000000        0.000000000000002
        0.133333333333333        0.233333333333333       -5.054009415981523       -5.054009415981516        0.000000000000006
        0.166666666666667        0.266666666666667       -5.054009415981524       -5.054009415981517        0.000000000000007
        0.100000000000000        0.300000000000000      -19.527192884818737      -19.527192884818727        0.000000000000010
        0.133333333333333        0.333333333333333      -16.911045102851765      -16.911045102851751        0.000000000000014
        0.166666666666667        0.366666666666667       -9.763596442409371       -9.763596442409360        0.000000000000011
        0.100000000000000        0.400000000000000      -27.615621012786063      -27.615621012786052        0.000000000000011
        0.133333333333333        0.433333333333333      -18.861819922374557      -18.861819922374542        0.000000000000015
        0.166666666666667        0.466666666666667       -8.753801090411510       -8.753801090411501        0.000000000000009
        0.100000000000000        0.500000000000000      -19.527192884818742      -19.527192884818739        0.000000000000003
        0.133333333333333        0.533333333333333       -9.763596442409373       -9.763596442409368        0.000000000000004
        0.166666666666667        0.566666666666667       -2.616147781966975       -2.616147781966973        0.000000000000002
        0.100000000000000        0.600000000000000       -0.000000000000005       -0.000000000000004        0.000000000000001
        0.133333333333333        0.633333333333333        5.054009415981520        5.054009415981518        0.000000000000002
        0.166666666666667        0.666666666666667        5.054009415981523        5.054009415981518        0.000000000000004
        0.100000000000000        0.700000000000000       19.527192884818735       19.527192884818729        0.000000000000006
        0.133333333333333        0.733333333333333       16.911045102851764       16.911045102851751        0.000000000000013
        0.166666666666667        0.766666666666667        9.763596442409370        9.763596442409360        0.000000000000010
        0.100000000000000        0.800000000000000       27.615621012786063       27.615621012786056        0.000000000000008
        0.133333333333333        0.833333333333333       18.861819922374557       18.861819922374544        0.000000000000013
        0.166666666666667        0.866666666666667        8.753801090411511        8.753801090411501        0.000000000000010
        0.100000000000000        0.900000000000000       19.527192884818744       19.527192884818732        0.000000000000013
        0.133333333333333        0.933333333333333        9.763596442409375        9.763596442409362        0.000000000000013
        0.166666666666667        0.966666666666667        2.616147781966977        2.616147781966972        0.000000000000005
        0.100000000000000        1.000000000000000        0.000000000000008        0.000000000000008        0.000000000000000
        0.133333333333333        1.033333333333333       -5.054009415981518       -5.054009415981510        0.000000000000008
        0.166666666666667        1.066666666666667       -5.054009415981522       -5.054009415981513        0.000000000000008
        0.200000000000000        0.000000000000000        0.000000000000002        0.000000000000000        0.000000000000002
        0.233333333333333        0.033333333333333       -9.763596442409367       -9.763596442409366        0.000000000000000
        0.266666666666667        0.066666666666667      -16.911045102851763      -16.911045102851759        0.000000000000004
        0.200000000000000        0.100000000000000        0.000000000000002        0.000000000000000        0.000000000000002
        0.233333333333333        0.133333333333333       -5.054009415981523       -5.054009415981516        0.000000000000006
        0.266666666666667        0.166666666666667       -5.054009415981524       -5.054009415981517        0.000000000000007
        0.200000000000000        0.200000000000000        0.000000000000000        0.000000000000000        0.000000000000000
        0.233333333333333        0.233333333333333        2.616147781966972        2.616147781966969        0.000000000000002
        0.266666666666667        0.266666666666667        9.763596442409366        9.763596442409360        0.000000000000006
        0.200000000000000        0.300000000000000       -0.000000000000002       -0.000000000000000        0.000000000000002
        0.233333333333333        0.333333333333333        8.753801090411505        8.753801090411501        0.000000000000004
        0.266666666666667        0.366666666666667       18.861819922374552       18.861819922374545        0.000000000000006
        0.200000000000000        0.400000000000000       -0.000000000000002       -0.000000000000000        0.000000000000002
        0.233333333333333        0.433333333333333        9.763596442409367        9.763596442409363        0.000000000000004
        0.266666666666667        0.466666666666667       16.911045102851764       16.911045102851761        0.000000000000004
        0.200000000000000        0.500000000000000       -0.000000000000002       -0.000000000000000        0.000000000000002
        0.233333333333333        0.533333333333333        5.054009415981524        5.054009415981523        0.000000000000000
        0.266666666666667        0.566666666666667        5.054009415981526        5.054009415981526        0.000000000000000
        0.200000000000000        0.600000000000000       -0.000000000000000       -0.000000000000000        0.000000000000000
        0.233333333333333        0.633333333333333       -2.616147781966971       -2.616147781966971        0.000000000000000
        0.266666666666667        0.666666666666667       -9.763596442409364       -9.763596442409364        0.000000000000001
        0.200000000000000        0.700000000000000        0.000000000000002        0.000000000000000        0.000000000000002
        0.233333333333333        0.733333333333333       -8.753801090411504       -8.753801090411501        0.000000000000004
        0.266666666666667        0.766666666666667      -18.861819922374551      -18.861819922374546        0.000000000000005
        0.200000000000000        0.800000000000000        0.000000000000002        0.000000000000000        0.000000000000002
        0.233333333333333        0.833333333333333       -9.763596442409367       -9.763596442409364        0.000000000000003
        0.266666666666667        0.866666666666667      -16.911045102851765      -16.911045102851760        0.000000000000006
        0.200000000000000        0.900000000000000        0.000000000000002        0.000000000000000        0.000000000000002
        0.233333333333333        0.933333333333333       -5.054009415981525       -5.054009415981520        0.000000000000005
        0.266666666666667        0.966666666666667       -5.054009415981528       -5.054009415981523        0.000000000000005
        0.200000000000000        1.000000000000000        0.000000000000000        0.000000000000000        0.000000000000000
        0.233333333333333        1.033333333333333        2.616147781966969        2.616147781966966        0.000000000000003
        0.266666666666667        1.066666666666667        9.763596442409362        9.763596442409354        0.000000000000008
        0.300000000000000        0.000000000000000      -27.615621012786060      -27.615621012786072        0.000000000000011
        0.333333333333333        0.033333333333333      -32.669630428767584      -32.669630428767597        0.000000000000012
        0.366666666666667        0.066666666666667      -32.669630428767586      -32.669630428767587        0.000000000000001
        0.300000000000000        0.100000000000000      -19.527192884818737      -19.527192884818727        0.000000000000010
        0.333333333333333        0.133333333333333      -16.911045102851765      -16.911045102851751        0.000000000000014
        0.366666666666667        0.166666666666667       -9.763596442409371       -9.763596442409360        0.000000000000011
        0.300000000000000        0.200000000000000       -0.000000000000002       -0.000000000000000        0.000000000000002
        0.333333333333333        0.233333333333333        8.753801090411505        8.753801090411501        0.000000000000004
        0.366666666666667        0.266666666666667       18.861819922374552       18.861819922374545        0.000000000000006
        0.300000000000000        0.300000000000000       19.527192884818735       19.527192884818729        0.000000000000006
        0.333333333333333        0.333333333333333       29.290789327228104       29.290789327228101        0.000000000000003
        0.366666666666667        0.366666666666667       36.438237987670501       36.438237987670500        0.000000000000001
        0.300000000000000        0.400000000000000       27.615621012786060       27.615621012786055        0.000000000000005
        0.333333333333333        0.433333333333333       32.669630428767585       32.669630428767584        0.000000000000001
        0.366666666666667        0.466666666666667       32.669630428767588       32.669630428767591        0.000000000000003
        0.300000000000000        0.500000000000000       19.527192884818739       19.527192884818742        0.000000000000002
        0.333333333333333        0.533333333333333       16.911045102851769       16.911045102851775        0.000000000000006
        0.366666666666667        0.566666666666667        9.763596442409375        9.763596442409379        0.000000000000004
        0.300000000000000        0.600000000000000        0.000000000000005        0.000000000000004        0.000000000000001
        0.333333333333333        0.633333333333333       -8.753801090411501       -8.753801090411504        0.000000000000004
        0.366666666666667        0.666666666666667      -18.861819922374548      -18.861819922374552        0.000000000000004
        0.300000000000000        0.700000000000000      -19.527192884818732      -19.527192884818731        0.000000000000001
        0.333333333333333        0.733333333333333      -29.290789327228102      -29.290789327228102        0.000000000000000
        0.366666666666667        0.766666666666667      -36.438237987670500      -36.438237987670502        0.000000000000002
        0.300000000000000        0.800000000000000      -27.615621012786060      -27.615621012786059        0.000000000000001
        0.333333333333333        0.833333333333333      -32.669630428767586      -32.669630428767588        0.000000000000002
        0.366666666666667        0.866666666666667      -32.669630428767590      -32.669630428767589        0.000000000000001
        0.300000000000000        0.900000000000000      -19.527192884818742      -19.527192884818734        0.000000000000008
        0.333333333333333        0.933333333333333      -16.911045102851773      -16.911045102851763        0.000000000000010
        0.366666666666667        0.966666666666667       -9.763596442409380       -9.763596442409372        0.000000000000008
        0.300000000000000        1.000000000000000       -0.000000000000008       -0.000000000000008        0.000000000000000
        0.333333333333333        1.033333333333333        8.753801090411497        8.753801090411490        0.000000000000007
        0.366666666666667        1.066666666666667       18.861819922374544       18.861819922374533        0.000000000000010
        0.400000000000000        0.000000000000000      -39.054385769637477      -39.054385769637498        0.000000000000021
        0.433333333333333        0.033333333333333      -36.438237987670505      -36.438237987670521        0.000000000000016
        0.466666666666667        0.066666666666667      -29.290789327228110      -29.290789327228115        0.000000000000005
        0.400000000000000        0.100000000000000      -27.615621012786063      -27.615621012786052        0.000000000000011
        0.433333333333333        0.133333333333333      -18.861819922374557      -18.861819922374542        0.000000000000015
        0.466666666666667        0.166666666666667       -8.753801090411510       -8.753801090411501        0.000000000000009
        0.400000000000000        0.200000000000000       -0.000000000000002       -0.000000000000000        0.000000000000002
        0.433333333333333        0.233333333333333        9.763596442409367        9.763596442409363        0.000000000000004
        0.466666666666667        0.266666666666667       16.911045102851764       16.911045102851761        0.000000000000004
        0.400000000000000        0.300000000000000       27.615621012786060       27.615621012786055        0.000000000000005
        0.433333333333333        0.333333333333333       32.669630428767585       32.669630428767584        0.000000000000001
        0.466666666666667        0.366666666666667       32.669630428767588       32.669630428767591        0.000000000000003
        0.400000000000000        0.400000000000000       39.054385769637477       39.054385769637475        0.000000000000002
        0.433333333333333        0.433333333333333       36.438237987670506       36.438237987670507        0.000000000000001
        0.466666666666667        0.466666666666667       29.290789327228112       29.290789327228118        0.000000000000006
        0.400000000000000        0.500000000000000       27.615621012786067       27.615621012786073        0.000000000000006
        0.433333333333333        0.533333333333333       18.861819922374561       18.861819922374568        0.000000000000007
        0.466666666666667        0.566666666666667        8.753801090411514        8.753801090411519        0.000000000000004
        0.400000000000000        0.600000000000000        0.000000000000007        0.000000000000006        0.000000000000001
        0.433333333333333        0.633333333333333       -9.763596442409362       -9.763596442409367        0.000000000000004
        0.466666666666667        0.666666666666667      -16.911045102851761      -16.911045102851766        0.000000000000006
        0.400000000000000        0.700000000000000      -27.615621012786057      -27.615621012786059        0.000000000000002
        0.433333333333333        0.733333333333333      -32.669630428767583      -32.669630428767585        0.000000000000002
        0.466666666666667        0.766666666666667      -32.669630428767587      -32.669630428767593        0.000000000000006
        0.400000000000000        0.800000000000000      -39.054385769637477      -39.054385769637480        0.000000000000004
        0.433333333333333        0.833333333333333      -36.438237987670507      -36.438237987670511        0.000000000000004
        0.466666666666667        0.866666666666667      -29.290789327228114      -29.290789327228117        0.000000000000002
        0.400000000000000        0.900000000000000      -27.615621012786070      -27.615621012786062        0.000000000000008
        0.433333333333333        0.933333333333333      -18.861819922374565      -18.861819922374555        0.000000000000010
        0.466666666666667        0.966666666666667       -8.753801090411518       -8.753801090411512        0.000000000000006
        0.400000000000000        1.000000000000000       -0.000000000000012       -0.000000000000012        0.000000000000000
        0.433333333333333        1.033333333333333        9.763596442409358        9.763596442409351        0.000000000000007
        0.466666666666667        1.066666666666667       16.911045102851757       16.911045102851750        0.000000000000007
        0.500000000000000        0.000000000000000      -27.615621012786067      -27.615621012786089        0.000000000000022
        0.533333333333333        0.033333333333333      -18.861819922374560      -18.861819922374575        0.000000000000015
        0.566666666666667        0.066666666666667       -8.753801090411514       -8.753801090411518        0.000000000000004
        0.500000000000000        0.100000000000000      -19.527192884818742      -19.527192884818739        0.000000000000003
        0.533333333333333        0.133333333333333       -9.763596442409373       -9.763596442409368        0.000000000000004
        0.566666666666667        0.166666666666667       -2.616147781966975       -2.616147781966973        0.000000000000002
        0.500000000000000        0.200000000000000       -0.000000000000002       -0.000000000000000        0.000000000000002
        0.533333333333333        0.233333333333333        5.054009415981524        5.054009415981523        0.000000000000000
        0.566666666666667        0.266666666666667        5.054009415981526        5.054009415981526        0.000000000000000
        0.500000000000000        0.300000000000000       19.527192884818739       19.527192884818742        0.000000000000002
        0.533333333333333        0.333333333333333       16.911045102851769       16.911045102851775        0.000000000000006
        0.566666666666667        0.366666666666667        9.763596442409375        9.763596442409379        0.000000000000004
        0.500000000000000        0.400000000000000       27.615621012786067       27.615621012786073        0.000000000000006
        0.533333333333333        0.433333333333333       18.861819922374561       18.861819922374568        0.000000000000007
        0.566666666666667        0.466666666666667        8.753801090411514        8.753801090411519        0.000000000000004
        0.500000000000000        0.500000000000000       19.527192884818744       19.527192884818754        0.000000000000010
        0.533333333333333        0.533333333333333        9.763596442409375        9.763596442409382        0.000000000000007
        0.566666666666667        0.566666666666667        2.616147781966977        2.616147781966979        0.000000000000002
        0.500000000000000        0.600000000000000        0.000000000000005        0.000000000000004        0.000000000000001
        0.533333333333333        0.633333333333333       -5.054009415981521       -5.054009415981525        0.000000000000004
        0.566666666666667        0.666666666666667       -5.054009415981525       -5.054009415981528        0.000000000000003
        0.500000000000000        0.700000000000000      -19.527192884818737      -19.527192884818744        0.000000000000007
        0.533333333333333        0.733333333333333      -16.911045102851768      -16.911045102851775        0.000000000000007
        0.566666666666667        0.766666666666667       -9.763596442409375       -9.763596442409379        0.000000000000005
        0.500000000000000        0.800000000000000      -27.615621012786067      -27.615621012786077        0.000000000000010
        0.533333333333333        0.833333333333333      -18.861819922374561      -18.861819922374570        0.000000000000009
        0.566666666666667        0.866666666666667       -8.753801090411515       -8.753801090411518        0.000000000000003
        0.500000000000000        0.900000000000000      -19.527192884818747      -19.527192884818747        0.000000000000000
        0.533333333333333        0.933333333333333       -9.763596442409377       -9.763596442409375        0.000000000000002
        0.566666666666667        0.966666666666667       -2.616147781966978       -2.616147781966977        0.000000000000001
        0.500000000000000        1.000000000000000       -0.000000000000008       -0.000000000000008        0.000000000000000
        0.533333333333333        1.033333333333333        5.054009415981519        5.054009415981517        0.000000000000002
        0.566666666666667        1.066666666666667        5.054009415981524        5.054009415981523        0.000000000000001
        0.600000000000000        0.000000000000000       -0.000000000000007       -0.000000000000006        0.000000000000001
        0.633333333333333        0.033333333333333        9.763596442409362        9.763596442409371        0.000000000000008
        0.666666666666667        0.066666666666667       16.911045102851759       16.911045102851764        0.000000000000005
        0.600000000000000        0.100000000000000       -0.000000000000005       -0.000000000000004        0.000000000000001
        0.633333333333333        0.133333333333333        5.054009415981520        5.054009415981518        0.000000000000002
        0.666666666666667        0.166666666666667        5.054009415981523        5.054009415981518        0.000000000000004
        0.600000000000000        0.200000000000000       -0.000000000000000       -0.000000000000000        0.000000000000000
        0.633333333333333        0.233333333333333       -2.616147781966971       -2.616147781966971        0.000000000000000
        0.666666666666667        0.266666666666667       -9.763596442409364       -9.763596442409364        0.000000000000001
        0.600000000000000        0.300000000000000        0.000000000000005        0.000000000000004        0.000000000000001
        0.633333333333333        0.333333333333333       -8.753801090411501       -8.753801090411504        0.000000000000004
        0.666666666666667        0.366666666666667      -18.861819922374548      -18.861819922374552        0.000000000000004
        0.600000000000000        0.400000000000000        0.000000000000007        0.000000000000006        0.000000000000001
        0.633333333333333        0.433333333333333       -9.763596442409362       -9.763596442409367        0.000000000000004
        0.666666666666667        0.466666666666667      -16.911045102851761      -16.911045102851766        0.000000000000006
        0.600000000000000        0.500000000000000        0.000000000000005        0.000000000000004        0.000000000000001
        0.633333333333333        0.533333333333333       -5.054009415981521       -5.054009415981525        0.000000000000004
        0.666666666666667        0.566666666666667       -5.054009415981525       -5.054009415981528        0.000000000000003
        0.600000000000000        0.600000000000000        0.000000000000000        0.000000000000000        0.000000000000000
        0.633333333333333        0.633333333333333        2.616147781966969        2.616147781966972        0.000000000000002
        0.666666666666667        0.666666666666667        9.763596442409362        9.763596442409367        0.000000000000005
        0.600000000000000        0.700000000000000       -0.000000000000005       -0.000000000000004        0.000000000000001
        0.633333333333333        0.733333333333333        8.753801090411500        8.753801090411505        0.000000000000004
        0.666666666666667        0.766666666666667       18.861819922374547       18.861819922374553        0.000000000000006
        0.600000000000000        0.800000000000000       -0.000000000000007       -0.000000000000006        0.000000000000001
        0.633333333333333        0.833333333333333        9.763596442409363        9.763596442409368        0.000000000000005
        0.666666666666667        0.866666666666667       16.911045102851762       16.911045102851765        0.000000000000004
        0.600000000000000        0.900000000000000       -0.000000000000005       -0.000000000000004        0.000000000000001
        0.633333333333333        0.933333333333333        5.054009415981522        5.054009415981522        0.000000000000000
        0.666666666666667        0.966666666666667        5.054009415981527        5.054009415981525        0.000000000000003
        0.600000000000000        1.000000000000000       -0.000000000000000       -0.000000000000000        0.000000000000000
        0.633333333333333        1.033333333333333       -2.616147781966968       -2.616147781966967        0.000000000000001
        0.666666666666667        1.066666666666667       -9.763596442409360       -9.763596442409357        0.000000000000003
        0.700000000000000        0.000000000000000       27.615621012786057       27.615621012786075        0.000000000000018
        0.733333333333333        0.033333333333333       32.669630428767582       32.669630428767597        0.000000000000015
        0.766666666666667        0.066666666666667       32.669630428767584       32.669630428767589        0.000000000000005
        0.700000000000000        0.100000000000000       19.527192884818735       19.527192884818729        0.000000000000006
        0.733333333333333        0.133333333333333       16.911045102851764       16.911045102851751        0.000000000000013
        0.766666666666667        0.166666666666667        9.763596442409370        9.763596442409360        0.000000000000010
        0.700000000000000        0.200000000000000        0.000000000000002        0.000000000000000        0.000000000000002
        0.733333333333333        0.233333333333333       -8.753801090411504       -8.753801090411501        0.000000000000004
        0.766666666666667        0.266666666666667      -18.861819922374551      -18.861819922374546        0.000000000000005
        0.700000000000000        0.300000000000000      -19.527192884818732      -19.527192884818731        0.000000000000001
        0.733333333333333        0.333333333333333      -29.290789327228102      -29.290789327228102        0.000000000000000
        0.766666666666667        0.366666666666667      -36.438237987670500      -36.438237987670502        0.000000000000002
        0.700000000000000        0.400000000000000      -27.615621012786057      -27.615621012786059        0.000000000000002
        0.733333333333333        0.433333333333333      -32.669630428767583      -32.669630428767585        0.000000000000002
        0.766666666666667        0.466666666666667      -32.669630428767587      -32.669630428767593        0.000000000000006
        0.700000000000000        0.500000000000000      -19.527192884818737      -19.527192884818744        0.000000000000007
        0.733333333333333        0.533333333333333      -16.911045102851768      -16.911045102851775        0.000000000000007
        0.766666666666667        0.566666666666667       -9.763596442409375       -9.763596442409379        0.000000000000005
        0.700000000000000        0.600000000000000       -0.000000000000005       -0.000000000000004        0.000000000000001
        0.733333333333333        0.633333333333333        8.753801090411500        8.753801090411505        0.000000000000004
        0.766666666666667        0.666666666666667       18.861819922374547       18.861819922374553        0.000000000000006
        0.700000000000000        0.700000000000000       19.527192884818730       19.527192884818734        0.000000000000004
        0.733333333333333        0.733333333333333       29.290789327228100       29.290789327228103        0.000000000000003
        0.766666666666667        0.766666666666667       36.438237987670499       36.438237987670504        0.000000000000005
        0.700000000000000        0.800000000000000       27.615621012786057       27.615621012786063        0.000000000000006
        0.733333333333333        0.833333333333333       32.669630428767584       32.669630428767589        0.000000000000005
        0.766666666666667        0.866666666666667       32.669630428767589       32.669630428767591        0.000000000000002
        0.700000000000000        0.900000000000000       19.527192884818739       19.527192884818736        0.000000000000003
        0.733333333333333        0.933333333333333       16.911045102851771       16.911045102851763        0.000000000000008
        0.766666666666667        0.966666666666667        9.763596442409379        9.763596442409373        0.000000000000007
        0.700000000000000        1.000000000000000        0.000000000000008        0.000000000000008        0.000000000000000
        0.733333333333333        1.033333333333333       -8.753801090411496       -8.753801090411490        0.000000000000006
        0.766666666666667        1.066666666666667      -18.861819922374543      -18.861819922374534        0.000000000000009
        0.800000000000000        0.000000000000000       39.054385769637477       39.054385769637503        0.000000000000026
        0.833333333333333        0.033333333333333       36.438237987670506       36.438237987670525        0.000000000000019
        0.866666666666667        0.066666666666667       29.290789327228112       29.290789327228113        0.000000000000001
        0.800000000000000        0.100000000000000       27.615621012786063       27.615621012786056        0.000000000000008
        0.833333333333333        0.133333333333333       18.861819922374557       18.861819922374544        0.000000000000013
        0.866666666666667        0.166666666666667        8.753801090411511        8.753801090411501        0.000000000000010
        0.800000000000000        0.200000000000000        0.000000000000002        0.000000000000000        0.000000000000002
        0.833333333333333        0.233333333333333       -9.763596442409367       -9.763596442409364        0.000000000000003
        0.866666666666667        0.266666666666667      -16.911045102851765      -16.911045102851760        0.000000000000006
        0.800000000000000        0.300000000000000      -27.615621012786060      -27.615621012786059        0.000000000000001
        0.833333333333333        0.333333333333333      -32.669630428767586      -32.669630428767588        0.000000000000002
        0.866666666666667        0.366666666666667      -32.669630428767590      -32.669630428767589        0.000000000000001
        0.800000000000000        0.400000000000000      -39.054385769637477      -39.054385769637480        0.000000000000004
        0.833333333333333        0.433333333333333      -36.438237987670507      -36.438237987670511        0.000000000000004
        0.866666666666667        0.466666666666667      -29.290789327228114      -29.290789327228117        0.000000000000002
        0.800000000000000        0.500000000000000      -27.615621012786067      -27.615621012786077        0.000000000000010
        0.833333333333333        0.533333333333333      -18.861819922374561      -18.861819922374570        0.000000000000009
        0.866666666666667        0.566666666666667       -8.753801090411515       -8.753801090411518        0.000000000000003
        0.800000000000000        0.600000000000000       -0.000000000000007       -0.000000000000006        0.000000000000001
        0.833333333333333        0.633333333333333        9.763596442409363        9.763596442409368        0.000000000000005
        0.866666666666667        0.666666666666667       16.911045102851762       16.911045102851765        0.000000000000004
        0.800000000000000        0.700000000000000       27.615621012786057       27.615621012786063        0.000000000000006
        0.833333333333333        0.733333333333333       32.669630428767584       32.669630428767589        0.000000000000005
        0.866666666666667        0.766666666666667       32.669630428767589       32.669630428767591        0.000000000000002
        0.800000000000000        0.800000000000000       39.054385769637477       39.054385769637486        0.000000000000009
        0.833333333333333        0.833333333333333       36.438237987670508       36.438237987670516        0.000000000000007
        0.866666666666667        0.866666666666667       29.290789327228116       29.290789327228115        0.000000000000001
        0.800000000000000        0.900000000000000       27.615621012786070       27.615621012786066        0.000000000000004
        0.833333333333333        0.933333333333333       18.861819922374565       18.861819922374557        0.000000000000008
        0.866666666666667        0.966666666666667        8.753801090411519        8.753801090411512        0.000000000000007
        0.800000000000000        1.000000000000000        0.000000000000012        0.000000000000012        0.000000000000000
        0.833333333333333        1.033333333333333       -9.763596442409358       -9.763596442409352        0.000000000000006
        0.866666666666667        1.066666666666667      -16.911045102851758      -16.911045102851749        0.000000000000009
        0.900000000000000        0.000000000000000       27.615621012786070       27.615621012786079        0.000000000000008
        0.933333333333333        0.033333333333333       18.861819922374564       18.861819922374562        0.000000000000002
        0.966666666666667        0.066666666666667        8.753801090411518        8.753801090411511        0.000000000000006
        0.900000000000000        0.100000000000000       19.527192884818744       19.527192884818732        0.000000000000013
        0.933333333333333        0.133333333333333        9.763596442409375        9.763596442409362        0.000000000000013
        0.966666666666667        0.166666666666667        2.616147781966977        2.616147781966972        0.000000000000005
        0.900000000000000        0.200000000000000        0.000000000000002        0.000000000000000        0.000000000000002
        0.933333333333333        0.233333333333333       -5.054009415981525       -5.054009415981520        0.000000000000005
        0.966666666666667        0.266666666666667       -5.054009415981528       -5.054009415981523        0.000000000000005
        0.900000000000000        0.300000000000000      -19.527192884818742      -19.527192884818734        0.000000000000008
        0.933333333333333        0.333333333333333      -16.911045102851773      -16.911045102851763        0.000000000000010
        0.966666666666667        0.366666666666667       -9.763596442409380       -9.763596442409372        0.000000000000008
        0.900000000000000        0.400000000000000      -27.615621012786070      -27.615621012786062        0.000000000000008
        0.933333333333333        0.433333333333333      -18.861819922374565      -18.861819922374555        0.000000000000010
        0.966666666666667        0.466666666666667       -8.753801090411518       -8.753801090411512        0.000000000000006
        0.900000000000000        0.500000000000000      -19.527192884818747      -19.527192884818747        0.000000000000000
        0.933333333333333        0.533333333333333       -9.763596442409377       -9.763596442409375        0.000000000000002
        0.966666666666667        0.566666666666667       -2.616147781966978       -2.616147781966977        0.000000000000001
        0.900000000000000        0.600000000000000       -0.000000000000005       -0.000000000000004        0.000000000000001
        0.933333333333333        0.633333333333333        5.054009415981522        5.054009415981522        0.000000000000000
        0.966666666666667        0.666666666666667        5.054009415981527        5.054009415981525        0.000000000000003
        0.900000000000000        0.700000000000000       19.527192884818739       19.527192884818736        0.000000000000003
        0.933333333333333        0.733333333333333       16.911045102851771       16.911045102851763        0.000000000000008
        0.966666666666667        0.766666666666667        9.763596442409379        9.763596442409373        0.000000000000007
        0.900000000000000        0.800000000000000       27.615621012786070       27.615621012786066        0.000000000000004
        0.933333333333333        0.833333333333333       18.861819922374565       18.861819922374557        0.000000000000008
        0.966666666666667        0.866666666666667        8.753801090411519        8.753801090411512        0.000000000000007
        0.900000000000000        0.900000000000000       19.527192884818749       19.527192884818739        0.000000000000010
        0.933333333333333        0.933333333333333        9.763596442409379        9.763596442409368        0.000000000000010
        0.966666666666667        0.966666666666667        2.616147781966979        2.616147781966975        0.000000000000004
        0.900000000000000        1.000000000000000        0.000000000000008        0.000000000000008        0.000000000000000
        0.933333333333333        1.033333333333333       -5.054009415981520       -5.054009415981514        0.000000000000006
        0.966666666666667        1.066666666666667       -5.054009415981526       -5.054009415981520        0.000000000000006
        1.000000000000000        0.000000000000000        0.000000000000012        0.000000000000012        0.000000000000000
        1.033333333333333        0.033333333333333       -9.763596442409358       -9.763596442409354        0.000000000000003
        1.066666666666667        0.066666666666667      -16.911045102851756      -16.911045102851748        0.000000000000008
        1.000000000000000        0.100000000000000        0.000000000000008        0.000000000000008        0.000000000000000
        1.033333333333333        0.133333333333333       -5.054009415981518       -5.054009415981510        0.000000000000008
        1.066666666666667        0.166666666666667       -5.054009415981522       -5.054009415981513        0.000000000000008
        1.000000000000000        0.200000000000000        0.000000000000000        0.000000000000000        0.000000000000000
        1.033333333333333        0.233333333333333        2.616147781966969        2.616147781966966        0.000000000000003
        1.066666666666667        0.266666666666667        9.763596442409362        9.763596442409354        0.000000000000008
        1.000000000000000        0.300000000000000       -0.000000000000008       -0.000000000000008        0.000000000000000
        1.033333333333333        0.333333333333333        8.753801090411497        8.753801090411490        0.000000000000007
        1.066666666666667        0.366666666666667       18.861819922374544       18.861819922374533        0.000000000000010
        1.000000000000000        0.400000000000000       -0.000000000000012       -0.000000000000012        0.000000000000000
        1.033333333333333        0.433333333333333        9.763596442409358        9.763596442409351        0.000000000000007
        1.066666666666667        0.466666666666667       16.911045102851757       16.911045102851750        0.000000000000007
        1.000000000000000        0.500000000000000       -0.000000000000008       -0.000000000000008        0.000000000000000
        1.033333333333333        0.533333333333333        5.054009415981519        5.054009415981517        0.000000000000002
        1.066666666666667        0.566666666666667        5.054009415981524        5.054009415981523        0.000000000000001
        1.000000000000000        0.600000000000000       -0.000000000000000       -0.000000000000000        0.000000000000000
        1.033333333333333        0.633333333333333       -2.616147781966968       -2.616147781966967        0.000000000000001
        1.066666666666667        0.666666666666667       -9.763596442409360       -9.763596442409357        0.000000000000003
        1.000000000000000        0.700000000000000        0.000000000000008        0.000000000000008        0.000000000000000
        1.033333333333333        0.733333333333333       -8.753801090411496       -8.753801090411490        0.000000000000006
        1.066666666666667        0.766666666666667      -18.861819922374543      -18.861819922374534        0.000000000000009
        1.000000000000000        0.800000000000000        0.000000000000012        0.000000000000012        0.000000000000000
        1.033333333333333        0.833333333333333       -9.763596442409358       -9.763596442409352        0.000000000000006
        1.066666666666667        0.866666666666667      -16.911045102851758      -16.911045102851749        0.000000000000009
        1.000000000000000        0.900000000000000        0.000000000000008        0.000000000000008        0.000000000000000
        1.033333333333333        0.933333333333333       -5.054009415981520       -5.054009415981514        0.000000000000006
        1.066666666666667        0.966666666666667       -5.054009415981526       -5.054009415981520        0.000000000000006
        1.000000000000000        1.000000000000000        0.000000000000000        0.000000000000000        0.000000000000000
        1.033333333333333        1.033333333333333        2.616147781966967        2.616147781966963        0.000000000000004
        1.066666666666667        1.066666666666667        9.763596442409358        9.763596442409348        0.000000000000010
