        0.000000000000000        0.000000000000000       38.126059354687621       38.126059354687663        0.000000000000043
        0.033333333333333        0.033333333333333       35.572097651020221       35.572097651020251        0.000000000000030
        0.066666666666667        0.066666666666667       28.594544516015716       28.594544516015720        0.000000000000004
        0.000000000000000        0.100000000000000       26.959195109620424       26.959195109620428        0.000000000000005
        0.033333333333333        0.133333333333333       18.413472692661352       18.413472692661345        0.000000000000007
        0.066666666666667        0.166666666666667        8.545722416959074        8.545722416959065        0.000000000000009
        0.000000000000000        0.200000000000000        0.000000000000002        0.000000000000000        0.000000000000002
        0.033333333333333        0.233333333333333       -9.531514838671903       -9.531514838671902        0.000000000000000
        0.066666666666667        0.266666666666667      -16.509067973676408      -16.509067973676404        0.000000000000004
        0.000000000000000        0.300000000000000      -26.959195109620420      -26.959195109620431        0.000000000000011
        0.033333333333333        0.333333333333333      -31.893070247471560      -31.893070247471573        0.000000000000012
        0.066666666666667        0.366666666666667      -31.893070247471562      -31.893070247471563        0.000000000000001
        0.000000000000000        0.400000000000000      -38.126059354687621      -38.126059354687641        0.000000000000020
        0.033333333333333        0.433333333333333      -35.572097651020222      -35.572097651020238        0.000000000000015
        0.066666666666667        0.466666666666667      -28.594544516015718      -28.594544516015723        0.000000000000005
        0.000000000000000        0.500000000000000      -26.959195109620427      -26.959195109620449        0.000000000000022
        0.033333333333333        0.533333333333333      -18.413472692661356      -18.413472692661371        0.000000000000015
        0.066666666666667        0.566666666666667       -8.545722416959078       -8.545722416959081        0.000000000000004
        0.000000000000000        0.600000000000000       -0.000000000000007       -0.000000000000006        0.000000000000001
        0.033333333333333        0.633333333333333        9.531514838671898        9.531514838671907        0.000000000000008
        0.066666666666667        0.666666666666667       16.509067973676405       16.509067973676410        0.000000000000005
        0.000000000000000        0.700000000000000       26.959195109620417       26.959195109620435        0.000000000000018
        0.033333333333333        0.733333333333333       31.893070247471558       31.893070247471573        0.000000000000015
        0.066666666666667        0.766666666666667       31.893070247471561       31.893070247471565        0.000000000000004
        0.000000000000000        0.800000000000000       38.126059354687621       38.126059354687646        0.000000000000026
        0.033333333333333        0.833333333333333       35.572097651020223       35.572097651020242        0.000000000000019
        0.066666666666667        0.866666666666667       28.594544516015720       28.594544516015721        0.000000000000001
        0.000000000000000        0.900000000000000       26.959195109620430       26.959195109620438        0.000000000000008
        0.033333333333333        0.933333333333333       18.413472692661360       18.413472692661358        0.000000000000002
        0.066666666666667        0.966666666666667        8.545722416959081        8.545722416959076        0.000000000000006
        0.000000000000000        1.000000000000000        0.000000000000012        0.000000000000012        0.000000000000000
        0.033333333333333        1.033333333333333       -9.531514838671894       -9.531514838671891        0.000000000000003
        0.066666666666667        1.066666666666667      -16.509067973676401      -16.509067973676394        0.000000000000008
        0.100000000000000        0.000000000000000       26.959195109620424       26.959195109620428        0.000000000000005
        0.133333333333333        0.033333333333333       18.413472692661352       18.413472692661345        0.000000000000007
        0.166666666666667        0.066666666666667        8.545722416959074        8.545722416959065        0.000000000000009
        0.100000000000000        0.100000000000000       19.063029677343812       19.063029677343797        0.000000000000015
        0.133333333333333        0.133333333333333        9.531514838671907        9.531514838671891        0.000000000000015
        0.166666666666667        0.166666666666667        2.553961703667401        2.553961703667395        0.000000000000006
        0.100000000000000        0.200000000000000        0.000000000000002        0.000000000000000        0.000000000000002
        0.133333333333333        0.233333333333333       -4.933875137851138       -4.933875137851132        0.000000000000006
        0.166666666666667        0.266666666666667       -4.933875137851140       -4.933875137851133        0.000000000000007
        0.100000000000000        0.300000000000000      -19.063029677343809      -19.063029677343799        0.000000000000010
        0.133333333333333        0.333333333333333      -16.509067973676411      -16.509067973676397        0.000000000000014
        0.166666666666667        0.366666666666667       -9.531514838671907       -9.531514838671896        0.000000000000011
        0.100000000000000        0.400000000000000      -26.959195109620424      -26.959195109620412        0.000000000000011
        0.133333333333333        0.433333333333333      -18.413472692661353      -18.413472692661338        0.000000000000015
        0.166666666666667        0.466666666666667       -8.545722416959074       -8.545722416959066        0.000000000000009
        0.100000000000000        0.500000000000000      -19.063029677343814      -19.063029677343811        0.000000000000003
        0.133333333333333        0.533333333333333       -9.531514838671909       -9.531514838671904        0.000000000000004
        0.166666666666667        0.566666666666667       -2.553961703667402       -2.553961703667400        0.000000000000002
        0.100000000000000        0.600000000000000       -0.000000000000005       -0.000000000000004        0.000000000000001
        0.133333333333333        0.633333333333333        4.933875137851136        4.933875137851134        0.000000000000002
        0.166666666666667        0.666666666666667        4.933875137851139        4.933875137851134        0.000000000000004
        0.100000000000000        0.700000000000000       19.063029677343807       19.063029677343801        0.000000000000006
        0.133333333333333        0.733333333333333       16.509067973676410       16.509067973676397        0.000000000000012
        0.166666666666667        0.766666666666667        9.531514838671906        9.531514838671897        0.000000000000010
        0.100000000000000        0.800000000000000       26.959195109620424       26.959195109620416        0.000000000000007
        0.133333333333333        0.833333333333333       18.413472692661353       18.413472692661341        0.000000000000013
        0.166666666666667        0.866666666666667        8.545722416959075        8.545722416959065        0.000000000000010
        0.100000000000000        0.900000000000000       19.063029677343816       19.063029677343804        0.000000000000012
        0.133333333333333        0.933333333333333        9.531514838671911        9.531514838671898        0.000000000000013
        0.166666666666667        0.966666666666667        2.553961703667403        2.553961703667398        0.000000000000005
        0.100000000000000        1.000000000000000        0.000000000000008        0.000000000000008        0.000000000000000
        0.133333333333333        1.033333333333333       -4.933875137851134       -4.933875137851126        0.000000000000008
        0.166666666666667        1.066666666666667       -4.933875137851138       -4.933875137851130        0.000000000000008
        0.200000000000000        0.000000000000000        0.000000000000002        0.000000000000000        0.000000000000002
        0.233333333333333        0.033333333333333       -9.531514838671903       -9.531514838671902        0.000000000000000
        0.266666666666667        0.066666666666667      -16.509067973676408      -16.509067973676404        0.000000000000004
        0.200000000000000        0.100000000000000        0.000000000000002        0.000000000000000        0.000000000000002
        0.233333333333333        0.133333333333333       -4.933875137851138       -4.933875137851132        0.000000000000006
        0.266666666666667        0.166666666666667       -4.933875137851140       -4.933875137851133        0.000000000000007
        0.200000000000000        0.200000000000000        0.000000000000000        0.000000000000000        0.000000000000000
        0.233333333333333        0.233333333333333        2.553961703667398        2.553961703667396        0.000000000000002
        0.266666666666667        0.266666666666667        9.531514838671902        9.531514838671896        0.000000000000006
        0.200000000000000        0.300000000000000       -0.000000000000002       -0.000000000000000        0.000000000000002
        0.233333333333333        0.333333333333333        8.545722416959069        8.545722416959065        0.000000000000004
        0.266666666666667        0.366666666666667       18.413472692661348       18.413472692661341        0.000000000000006
        0.200000000000000        0.400000000000000       -0.000000000000002       -0.000000000000000        0.000000000000002
        0.233333333333333        0.433333333333333        9.531514838671903        9.531514838671899        0.000000000000004
        0.266666666666667        0.466666666666667       16.509067973676410       16.509067973676406        0.000000000000003
        0.200000000000000        0.500000000000000       -0.000000000000002       -0.000000000000000        0.000000000000002
        0.233333333333333        0.533333333333333        4.933875137851140        4.933875137851139        0.000000000000000
        0.266666666666667        0.566666666666667        4.933875137851142        4.933875137851142        0.000000000000000
        0.200000000000000        0.600000000000000       -0.000000000000000       -0.000000000000000        0.000000000000000
        0.233333333333333        0.633333333333333       -2.553961703667397       -2.553961703667397        0.000000000000000
        0.266666666666667        0.666666666666667       -9.531514838671900       -9.531514838671900        0.000000000000001
        0.200000000000000        0.700000000000000        0.000000000000002        0.000000000000000        0.000000000000002
        0.233333333333333        0.733333333333333       -8.545722416959069       -8.545722416959065        0.000000000000003
        0.266666666666667        0.766666666666667      -18.413472692661347      -18.413472692661343        0.000000000000004
        0.200000000000000        0.800000000000000        0.000000000000002        0.000000000000000        0.000000000000002
        0.233333333333333        0.833333333333333       -9.531514838671903       -9.531514838671900        0.000000000000003
        0.266666666666667        0.866666666666667      -16.509067973676411      -16.509067973676405        0.000000000000006
        0.200000000000000        0.900000000000000        0.000000000000002        0.000000000000000        0.000000000000002
        0.233333333333333        0.933333333333333       -4.933875137851141       -4.933875137851136        0.000000000000005
        0.266666666666667        0.966666666666667       -4.933875137851144       -4.933875137851139        0.000000000000005
        0.200000000000000        1.000000000000000        0.000000000000000        0.000000000000000        0.000000000000000
        0.233333333333333        1.033333333333333        2.553961703667396        2.553961703667393        0.000000000000003
        0.266666666666667        1.066666666666667        9.531514838671898        9.531514838671890        0.000000000000008
        0.300000000000000        0.000000000000000      -26.959195109620420      -26.959195109620431        0.000000000000011
        0.333333333333333        0.033333333333333      -31.893070247471560      -31.893070247471572        0.000000000000012
        0.366666666666667        0.066666666666667      -31.893070247471562      -31.893070247471563        0.000000000000001
        0.300000000000000        0.100000000000000      -19.063029677343809      -19.063029677343799        0.000000000000010
        0.333333333333333        0.133333333333333      -16.509067973676411      -16.509067973676397        0.000000000000014
        0.366666666666667        0.166666666666667       -9.531514838671907       -9.531514838671896        0.000000000000011
        0.300000000000000        0.200000000000000       -0.000000000000002       -0.000000000000000        0.000000000000002
        0.333333333333333        0.233333333333333        8.545722416959069        8.545722416959065        0.000000000000004
        0.366666666666667        0.266666666666667       18.413472692661348       18.413472692661341        0.000000000000006
        0.300000000000000        0.300000000000000       19.063029677343807       19.063029677343801        0.000000000000005
        0.333333333333333        0.333333333333333       28.594544516015712       28.594544516015710        0.000000000000002
        0.366666666666667        0.366666666666667       35.572097651020219       35.572097651020217        0.000000000000001
        0.300000000000000        0.400000000000000       26.959195109620420       26.959195109620416        0.000000000000004
        0.333333333333333        0.433333333333333       31.893070247471561       31.893070247471560        0.000000000000001
        0.366666666666667        0.466666666666667       31.893070247471564       31.893070247471567        0.000000000000003
        0.300000000000000        0.500000000000000       19.063029677343812       19.063029677343814        0.000000000000002
        0.333333333333333        0.533333333333333       16.509067973676414       16.509067973676420        0.000000000000005
        0.366666666666667        0.566666666666667        9.531514838671911        9.531514838671915        0.000000000000004
        0.300000000000000        0.600000000000000        0.000000000000005        0.000000000000004        0.000000000000001
        0.333333333333333        0.633333333333333       -8.545722416959065       -8.545722416959069        0.000000000000003
        0.366666666666667        0.666666666666667      -18.413472692661344      -18.413472692661348        0.000000000000004
        0.300000000000000        0.700000000000000      -19.063029677343804      -19.063029677343804        0.000000000000001
        0.333333333333333        0.733333333333333      -28.594544516015710      -28.594544516015710        0.000000000000000
        0.366666666666667        0.766666666666667      -35.572097651020218      -35.572097651020220        0.000000000000002
        0.300000000000000        0.800000000000000      -26.959195109620420      -26.959195109620420        0.000000000000001
        0.333333333333333        0.833333333333333      -31.893070247471562      -31.893070247471564        0.000000000000002
        0.366666666666667        0.866666666666667      -31.893070247471566      -31.893070247471565        0.000000000000001
        0.300000000000000        0.900000000000000      -19.063029677343814      -19.063029677343806        0.000000000000008
        0.333333333333333        0.933333333333333      -16.509067973676418      -16.509067973676408        0.000000000000009
        0.366666666666667        0.966666666666667       -9.531514838671915       -9.531514838671908        0.000000000000007
        0.300000000000000        1.000000000000000       -0.000000000000008       -0.000000000000008        0.000000000000000
        0.333333333333333        1.033333333333333        8.545722416959061        8.545722416959054        0.000000000000007
        0.366666666666667        1.066666666666667       18.413472692661340       18.413472692661330        0.000000000000010
        0.400000000000000        0.000000000000000      -38.126059354687621      -38.126059354687641        0.000000000000020
        0.433333333333333        0.033333333333333      -35.572097651020222      -35.572097651020238        0.000000000000015
        0.466666666666667        0.066666666666667      -28.594544516015718      -28.594544516015723        0.000000000000005
        0.400000000000000        0.100000000000000      -26.959195109620424      -26.959195109620412        0.000000000000011
        0.433333333333333        0.133333333333333      -18.413472692661353      -18.413472692661338        0.000000000000015
        0.466666666666667        0.166666666666667       -8.545722416959074       -8.545722416959066        0.000000000000009
        0.400000000000000        0.200000000000000       -0.000000000000002       -0.000000000000000        0.000000000000002
        0.433333333333333        0.233333333333333        9.531514838671903        9.531514838671899        0.000000000000004
        0.466666666666667        0.266666666666667       16.509067973676410       16.509067973676406        0.000000000000003
        0.400000000000000        0.300000000000000       26.959195109620420       26.959195109620416        0.000000000000004
        0.433333333333333        0.333333333333333       31.893070247471561       31.893070247471560        0.000000000000001
        0.466666666666667        0.366666666666667       31.893070247471564       31.893070247471567        0.000000000000003
        0.400000000000000        0.400000000000000       38.126059354687621       38.126059354687619        0.000000000000002
        0.433333333333333        0.433333333333333       35.572097651020223       35.572097651020224        0.000000000000001
        0.466666666666667        0.466666666666667       28.594544516015720       28.594544516015726        0.000000000000006
        0.400000000000000        0.500000000000000       26.959195109620427       26.959195109620433        0.000000000000006
        0.433333333333333        0.533333333333333       18.413472692661357       18.413472692661364        0.000000000000007
        0.466666666666667        0.566666666666667        8.545722416959078        8.545722416959082        0.000000000000004
        0.400000000000000        0.600000000000000        0.000000000000007        0.000000000000006        0.000000000000001
        0.433333333333333        0.633333333333333       -9.531514838671899       -9.531514838671903        0.000000000000004
        0.466666666666667        0.666666666666667      -16.509067973676406      -16.509067973676412        0.000000000000006
        0.400000000000000        0.700000000000000      -26.959195109620417      -26.959195109620419        0.000000000000002
        0.433333333333333        0.733333333333333      -31.893070247471559      -31.893070247471561        0.000000000000002
        0.466666666666667        0.766666666666667      -31.893070247471563      -31.893070247471569        0.000000000000006
        0.400000000000000        0.800000000000000      -38.126059354687621      -38.126059354687624        0.000000000000004
        0.433333333333333        0.833333333333333      -35.572097651020225      -35.572097651020228        0.000000000000004
        0.466666666666667        0.866666666666667      -28.594544516015722      -28.594544516015725        0.000000000000002
        0.400000000000000        0.900000000000000      -26.959195109620430      -26.959195109620423        0.000000000000008
        0.433333333333333        0.933333333333333      -18.413472692661361      -18.413472692661351        0.000000000000010
        0.466666666666667        0.966666666666667       -8.545722416959082       -8.545722416959076        0.000000000000006
        0.400000000000000        1.000000000000000       -0.000000000000012       -0.000000000000012        0.000000000000000
        0.433333333333333        1.033333333333333        9.531514838671894        9.531514838671887        0.000000000000007
        0.466666666666667        1.066666666666667       16.509067973676403       16.509067973676396        0.000000000000007
        0.500000000000000        0.000000000000000      -26.959195109620427      -26.959195109620449        0.000000000000022
        0.533333333333333        0.033333333333333      -18.413472692661356      -18.413472692661371        0.000000000000015
        0.566666666666667        0.066666666666667       -8.545722416959078       -8.545722416959081        0.000000000000004
        0.500000000000000        0.100000000000000      -19.063029677343814      -19.063029677343811        0.000000000000003
        0.533333333333333        0.133333333333333       -9.531514838671909       -9.531514838671904        0.000000000000004
        0.566666666666667        0.166666666666667       -2.553961703667402       -2.553961703667400        0.000000000000002
        0.500000000000000        0.200000000000000       -0.000000000000002       -0.000000000000000        0.000000000000002
        0.533333333333333        0.233333333333333        4.933875137851140        4.933875137851139        0.000000000000000
        0.566666666666667        0.266666666666667        4.933875137851142        4.933875137851142        0.000000000000000
        0.500000000000000        0.300000000000000       19.063029677343812       19.063029677343814        0.000000000000002
        0.533333333333333        0.333333333333333       16.509067973676414       16.509067973676420        0.000000000000005
        0.566666666666667        0.366666666666667        9.531514838671911        9.531514838671915        0.000000000000004
        0.500000000000000        0.400000000000000       26.959195109620427       26.959195109620433        0.000000000000006
        0.533333333333333        0.433333333333333       18.413472692661357       18.413472692661364        0.000000000000007
        0.566666666666667        0.466666666666667        8.545722416959078        8.545722416959082        0.000000000000004
        0.500000000000000        0.500000000000000       19.063029677343816       19.063029677343826        0.000000000000009
        0.533333333333333        0.533333333333333        9.531514838671911        9.531514838671918        0.000000000000007
        0.566666666666667        0.566666666666667        2.553961703667403        2.553961703667405        0.000000000000002
        0.500000000000000        0.600000000000000        0.000000000000005        0.000000000000004        0.000000000000001
        0.533333333333333        0.633333333333333       -4.933875137851137       -4.933875137851141        0.000000000000004
        0.566666666666667        0.666666666666667       -4.933875137851141       -4.933875137851144        0.000000000000003
        0.500000000000000        0.700000000000000      -19.063029677343809      -19.063029677343816        0.000000000000007
        0.533333333333333        0.733333333333333      -16.509067973676413      -16.509067973676420        0.000000000000007
        0.566666666666667        0.766666666666667       -9.531514838671911       -9.531514838671915        0.000000000000004
        0.500000000000000        0.800000000000000      -26.959195109620427      -26.959195109620437        0.000000000000010
        0.533333333333333        0.833333333333333      -18.413472692661357      -18.413472692661366        0.000000000000009
        0.566666666666667        0.866666666666667       -8.545722416959079       -8.545722416959082        0.000000000000003
        0.500000000000000        0.900000000000000      -19.063029677343818      -19.063029677343818        0.000000000000000
        0.533333333333333        0.933333333333333       -9.531514838671913       -9.531514838671911        0.000000000000001
        0.566666666666667        0.966666666666667       -2.553961703667404       -2.553961703667403        0.000000000000001
        0.500000000000000        1.000000000000000       -0.000000000000008       -0.000000000000008        0.000000000000000
        0.533333333333333        1.033333333333333        4.933875137851135        4.933875137851133        0.000000000000002
        0.566666666666667        1.066666666666667        4.933875137851140        4.933875137851139        0.000000000000001
        0.600000000000000        0.000000000000000       -0.000000000000007       -0.000000000000006        0.000000000000001
        0.633333333333333        0.033333333333333        9.531514838671898        9.531514838671907        0.000000000000008
        0.666666666666667        0.066666666666667       16.509067973676405       16.509067973676410        0.000000000000005
        0.600000000000000        0.100000000000000       -0.000000000000005       -0.000000000000004        0.000000000000001
        0.633333333333333        0.133333333333333        4.933875137851136        4.933875137851134        0.000000000000002
        0.666666666666667        0.166666666666667        4.933875137851139        4.933875137851134        0.000000000000004
        0.600000000000000        0.200000000000000       -0.000000000000000       -0.000000000000000        0.000000000000000
        0.633333333333333        0.233333333333333       -2.553961703667397       -2.553961703667397        0.000000000000000
        0.666666666666667        0.266666666666667       -9.531514838671900       -9.531514838671900        0.000000000000001
        0.600000000000000        0.300000000000000        0.000000000000005        0.000000000000004        0.000000000000001
        0.633333333333333        0.333333333333333       -8.545722416959065       -8.545722416959069        0.000000000000003
        0.666666666666667        0.366666666666667      -18.413472692661344      -18.413472692661348        0.000000000000004
        0.600000000000000        0.400000000000000        0.000000000000007        0.000000000000006        0.000000000000001
        0.633333333333333        0.433333333333333       -9.531514838671899       -9.531514838671903        0.000000000000004
        0.666666666666667        0.466666666666667      -16.509067973676406      -16.509067973676412        0.000000000000006
        0.600000000000000        0.500000000000000        0.000000000000005        0.000000000000004        0.000000000000001
        0.633333333333333        0.533333333333333       -4.933875137851137       -4.933875137851141        0.000000000000004
        0.666666666666667        0.566666666666667       -4.933875137851141       -4.933875137851144        0.000000000000003
        0.600000000000000        0.600000000000000        0.000000000000000        0.000000000000000        0.000000000000000
        0.633333333333333        0.633333333333333        2.553961703667396        2.553961703667398        0.000000000000002
        0.666666666666667        0.666666666666667        9.531514838671898        9.531514838671903        0.000000000000004
        0.600000000000000        0.700000000000000       -0.000000000000005       -0.000000000000004        0.000000000000001
        0.633333333333333        0.733333333333333        8.545722416959065        8.545722416959069        0.000000000000004
        0.666666666666667        0.766666666666667       18.413472692661343       18.413472692661349        0.000000000000006
        0.600000000000000        0.800000000000000       -0.000000000000007       -0.000000000000006        0.000000000000001
        0.633333333333333        0.833333333333333        9.531514838671899        9.531514838671904        0.000000000000005
        0.666666666666667        0.866666666666667       16.509067973676407       16.509067973676411        0.000000000000003
        0.600000000000000        0.900000000000000       -0.000000000000005       -0.000000000000004        0.000000000000001
        0.633333333333333        0.933333333333333        4.933875137851138        4.933875137851138        0.000000000000000
        0.666666666666667        0.966666666666667        4.933875137851143        4.933875137851141        0.000000000000003
        0.600000000000000        1.000000000000000       -0.000000000000000       -0.000000000000000        0.000000000000000
        0.633333333333333        1.033333333333333       -2.553961703667395       -2.553961703667394        0.000000000000001
        0.666666666666667        1.066666666666667       -9.531514838671896       -9.531514838671894        0.000000000000003
        0.700000000000000        0.000000000000000       26.959195109620417       26.959195109620435        0.000000000000018
        0.733333333333333        0.033333333333333       31.893070247471558       31.893070247471573        0.000000000000015
        0.766666666666667        0.066666666666667       31.893070247471561       31.893070247471565        0.000000000000004
        0.700000000000000        0.100000000000000       19.063029677343807       19.063029677343801        0.000000000000006
        0.733333333333333        0.133333333333333       16.509067973676410       16.509067973676397        0.000000000000012
        0.766666666666667        0.166666666666667        9.531514838671906        9.531514838671897        0.000000000000010
        0.700000000000000        0.200000000000000        0.000000000000002        0.000000000000000        0.000000000000002
        0.733333333333333        0.233333333333333       -8.545722416959069       -8.545722416959065        0.000000000000003
        0.766666666666667        0.266666666666667      -18.413472692661347      -18.413472692661343        0.000000000000004
        0.700000000000000        0.300000000000000      -19.063029677343804      -19.063029677343804        0.000000000000001
        0.733333333333333        0.333333333333333      -28.594544516015710      -28.594544516015710        0.000000000000000
        0.766666666666667        0.366666666666667      -35.572097651020218      -35.572097651020220        0.000000000000002
        0.700000000000000        0.400000000000000      -26.959195109620417      -26.959195109620419        0.000000000000002
        0.733333333333333        0.433333333333333      -31.893070247471559      -31.893070247471561        0.000000000000002
        0.766666666666667        0.466666666666667      -31.893070247471563      -31.893070247471569        0.000000000000006
        0.700000000000000        0.500000000000000      -19.063029677343809      -19.063029677343816        0.000000000000007
        0.733333333333333        0.533333333333333      -16.509067973676413      -16.509067973676420        0.000000000000007
        0.766666666666667        0.566666666666667       -9.531514838671911       -9.531514838671915        0.000000000000004
        0.700000000000000        0.600000000000000       -0.000000000000005       -0.000000000000004        0.000000000000001
        0.733333333333333        0.633333333333333        8.545722416959065        8.545722416959069        0.000000000000004
        0.766666666666667        0.666666666666667       18.413472692661343       18.413472692661349        0.000000000000006
        0.700000000000000        0.700000000000000       19.063029677343802       19.063029677343806        0.000000000000004
        0.733333333333333        0.733333333333333       28.594544516015708       28.594544516015711        0.000000000000003
        0.766666666666667        0.766666666666667       35.572097651020216       35.572097651020222        0.000000000000005
        0.700000000000000        0.800000000000000       26.959195109620417       26.959195109620423        0.000000000000006
        0.733333333333333        0.833333333333333       31.893070247471560       31.893070247471565        0.000000000000005
        0.766666666666667        0.866666666666667       31.893070247471565       31.893070247471567        0.000000000000002
        0.700000000000000        0.900000000000000       19.063029677343811       19.063029677343808        0.000000000000003
        0.733333333333333        0.933333333333333       16.509067973676417       16.509067973676409        0.000000000000008
        0.766666666666667        0.966666666666667        9.531514838671915        9.531514838671909        0.000000000000006
        0.700000000000000        1.000000000000000        0.000000000000008        0.000000000000008        0.000000000000000
        0.733333333333333        1.033333333333333       -8.545722416959061       -8.545722416959055        0.000000000000006
        0.766666666666667        1.066666666666667      -18.413472692661339      -18.413472692661331        0.000000000000008
        0.800000000000000        0.000000000000000       38.126059354687621       38.126059354687646        0.000000000000026
        0.833333333333333        0.033333333333333       35.572097651020223       35.572097651020242        0.000000000000019
        0.866666666666667        0.066666666666667       28.594544516015720       28.594544516015721        0.000000000000001
        0.800000000000000        0.100000000000000       26.959195109620424       26.959195109620416        0.000000000000007
        0.833333333333333        0.133333333333333       18.413472692661353       18.413472692661341        0.000000000000013
        0.866666666666667        0.166666666666667        8.545722416959075        8.545722416959065        0.000000000000010
        0.800000000000000        0.200000000000000        0.000000000000002        0.000000000000000        0.000000000000002
        0.833333333333333        0.233333333333333       -9.531514838671903       -9.531514838671900        0.000000000000003
        0.866666666666667        0.266666666666667      -16.509067973676411      -16.509067973676405        0.000000000000006
        0.800000000000000        0.300000000000000      -26.959195109620420      -26.959195109620420        0.000000000000001
        0.833333333333333        0.333333333333333      -31.893070247471562      -31.893070247471564        0.000000000000002
        0.866666666666667        0.366666666666667      -31.893070247471566      -31.893070247471565        0.000000000000001
        0.800000000000000        0.400000000000000      -38.126059354687621      -38.126059354687624        0.000000000000004
        0.833333333333333        0.433333333333333      -35.572097651020225      -35.572097651020228        0.000000000000004
        0.866666666666667        0.466666666666667      -28.594544516015722      -28.594544516015725        0.000000000000002
        0.800000000000000        0.500000000000000      -26.959195109620427      -26.959195109620437        0.000000000000010
        0.833333333333333        0.533333333333333      -18.413472692661357      -18.413472692661366        0.000000000000009
        0.866666666666667        0.566666666666667       -8.545722416959079       -8.545722416959082        0.000000000000003
        0.800000000000000        0.600000000000000       -0.000000000000007       -0.000000000000006        0.000000000000001
        0.833333333333333        0.633333333333333        9.531514838671899        9.531514838671904        0.000000000000005
        0.866666666666667        0.666666666666667       16.509067973676407       16.509067973676411        0.000000000000003
        0.800000000000000        0.700000000000000       26.959195109620417       26.959195109620423        0.000000000000006
        0.833333333333333        0.733333333333333       31.893070247471560       31.893070247471565        0.000000000000005
        0.866666666666667        0.766666666666667       31.893070247471565       31.893070247471567        0.000000000000002
        0.800000000000000        0.800000000000000       38.126059354687621       38.126059354687630        0.000000000000009
        0.833333333333333        0.833333333333333       35.572097651020226       35.572097651020233        0.000000000000007
        0.866666666666667        0.866666666666667       28.594544516015724       28.594544516015723        0.000000000000001
        0.800000000000000        0.900000000000000       26.959195109620430       26.959195109620426        0.000000000000004
        0.833333333333333        0.933333333333333       18.413472692661361       18.413472692661353        0.000000000000008
        0.866666666666667        0.966666666666667        8.545722416959083        8.545722416959076        0.000000000000007
        0.800000000000000        1.000000000000000        0.000000000000012        0.000000000000012        0.000000000000000
        0.833333333333333        1.033333333333333       -9.531514838671895       -9.531514838671888        0.000000000000006
        0.866666666666667        1.066666666666667      -16.509067973676404      -16.509067973676395        0.000000000000009
        0.900000000000000        0.000000000000000       26.959195109620430       26.959195109620438        0.000000000000008
        0.933333333333333        0.033333333333333       18.413472692661360       18.413472692661358        0.000000000000002
        0.966666666666667        0.066666666666667        8.545722416959081        8.545722416959076        0.000000000000006
        0.900000000000000        0.100000000000000       19.063029677343816       19.063029677343804        0.000000000000012
        0.933333333333333        0.133333333333333        9.531514838671911        9.531514838671898        0.000000000000013
        0.966666666666667        0.166666666666667        2.553961703667403        2.553961703667398        0.000000000000005
        0.900000000000000        0.200000000000000        0.000000000000002        0.000000000000000        0.000000000000002
        0.933333333333333        0.233333333333333       -4.933875137851141       -4.933875137851136        0.000000000000005
        0.966666666666667        0.266666666666667       -4.933875137851144       -4.933875137851139        0.000000000000005
        0.900000000000000        0.300000000000000      -19.063029677343814      -19.063029677343806        0.000000000000008
        0.933333333333333        0.333333333333333      -16.509067973676418      -16.509067973676408        0.000000000000009
        0.966666666666667        0.366666666666667       -9.531514838671915       -9.531514838671908        0.000000000000007
        0.900000000000000        0.400000000000000      -26.959195109620430      -26.959195109620423        0.000000000000008
        0.933333333333333        0.433333333333333      -18.413472692661361      -18.413472692661351        0.000000000000010
        0.966666666666667        0.466666666666667       -8.545722416959082       -8.545722416959076        0.000000000000006
        0.900000000000000        0.500000000000000      -19.063029677343818      -19.063029677343818        0.000000000000000
        0.933333333333333        0.533333333333333       -9.531514838671913       -9.531514838671911        0.000000000000001
        0.966666666666667        0.566666666666667       -2.553961703667404       -2.553961703667403        0.000000000000001
        0.900000000000000        0.600000000000000       -0.000000000000005       -0.000000000000004        0.000000000000001
        0.933333333333333        0.633333333333333        4.933875137851138        4.933875137851138        0.000000000000000
        0.966666666666667        0.666666666666667        4.933875137851143        4.933875137851141        0.000000000000003
        0.900000000000000        0.700000000000000       19.063029677343811       19.063029677343808        0.000000000000003
        0.933333333333333        0.733333333333333       16.509067973676417       16.509067973676409        0.000000000000008
        0.966666666666667        0.766666666666667        9.531514838671915        9.531514838671909        0.000000000000006
        0.900000000000000        0.800000000000000       26.959195109620430       26.959195109620426        0.000000000000004
        0.933333333333333        0.833333333333333       18.413472692661361       18.413472692661353        0.000000000000008
        0.966666666666667        0.866666666666667        8.545722416959083        8.545722416959076        0.000000000000007
        0.900000000000000        0.900000000000000       19.063029677343821       19.063029677343811        0.000000000000010
        0.933333333333333        0.933333333333333        9.531514838671915        9.531514838671904        0.000000000000010
        0.966666666666667        0.966666666666667        2.553961703667405        2.553961703667402        0.000000000000004
        0.900000000000000        1.000000000000000        0.000000000000008        0.000000000000008        0.000000000000000
        0.933333333333333        1.033333333333333       -4.933875137851136       -4.933875137851130        0.000000000000006
        0.966666666666667        1.066666666666667       -4.933875137851142       -4.933875137851136        0.000000000000006
        1.000000000000000        0.000000000000000        0.000000000000012        0.000000000000012        0.000000000000000
        1.033333333333333        0.033333333333333       -9.531514838671894       -9.531514838671891        0.000000000000003
        1.066666666666667        0.066666666666667      -16.509067973676401      -16.509067973676394        0.000000000000008
        1.000000000000000        0.100000000000000        0.000000000000008        0.000000000000008        0.000000000000000
        1.033333333333333        0.133333333333333       -4.933875137851134       -4.933875137851126        0.000000000000008
        1.066666666666667        0.166666666666667       -4.933875137851138       -4.933875137851130        0.000000000000008
        1.000000000000000        0.200000000000000        0.000000000000000        0.000000000000000        0.000000000000000
        1.033333333333333        0.233333333333333        2.553961703667396        2.553961703667393        0.000000000000003
        1.066666666666667        0.266666666666667        9.531514838671898        9.531514838671890        0.000000000000008
        1.000000000000000        0.300000000000000       -0.000000000000008       -0.000000000000008        0.000000000000000
        1.033333333333333        0.333333333333333        8.545722416959061        8.545722416959054        0.000000000000007
        1.066666666666667        0.366666666666667       18.413472692661340       18.413472692661330        0.000000000000010
        1.000000000000000        0.400000000000000       -0.000000000000012       -0.000000000000012        0.000000000000000
        1.033333333333333        0.433333333333333        9.531514838671894        9.531514838671887        0.000000000000007
        1.066666666666667        0.466666666666667       16.509067973676403       16.509067973676396        0.000000000000007
        1.000000000000000        0.500000000000000       -0.000000000000008       -0.000000000000008        0.000000000000000
        1.033333333333333        0.533333333333333        4.933875137851135        4.933875137851133        0.000000000000002
        1.066666666666667        0.566666666666667        4.933875137851140        4.933875137851139        0.000000000000001
        1.000000000000000        0.600000000000000       -0.000000000000000       -0.000000000000000        0.000000000000000
        1.033333333333333        0.633333333333333       -2.553961703667395       -2.553961703667394        0.000000000000001
        1.066666666666667        0.666666666666667       -9.531514838671896       -9.531514838671894        0.000000000000003
        1.000000000000000        0.700000000000000        0.000000000000008        0.000000000000008        0.000000000000000
        1.033333333333333        0.733333333333333       -8.545722416959061       -8.545722416959055        0.000000000000006
        1.066666666666667        0.766666666666667      -18.413472692661339      -18.413472692661331        0.000000000000008
        1.000000000000000        0.800000000000000        0.000000000000012        0.000000000000012        0.000000000000000
        1.033333333333333        0.833333333333333       -9.531514838671895       -9.531514838671888        0.000000000000006
        1.066666666666667        0.866666666666667      -16.509067973676404      -16.509067973676395        0.000000000000009
        1.000000000000000        0.900000000000000        0.000000000000008        0.000000000000008        0.000000000000000
        1.033333333333333        0.933333333333333       -4.933875137851136       -4.933875137851130        0.000000000000006
        1.066666666666667        0.966666666666667       -4.933875137851142       -4.933875137851136        0.000000000000006
        1.000000000000000        1.000000000000000        0.000000000000000        0.000000000000000        0.000000000000000
        1.033333333333333        1.033333333333333        2.553961703667394        2.553961703667390        0.000000000000004
        1.066666666666667        1.066666666666667        9.531514838671894        9.531514838671884        0.000000000000010
