        0.000000000000000        0.000000000000000       48.197209511091463       48.197209511091517        0.000000000000054
        0.033333333333333        0.033333333333333       44.968608669608817       44.968608669608855        0.000000000000038
        0.066666666666667        0.066666666666667       36.147907133318598       36.147907133318603        0.000000000000005
        0.000000000000000        0.100000000000000       34.080573679561539       34.080573679561545        0.000000000000006
        0.033333333333333        0.133333333333333       23.277464710914183       23.277464710914174        0.000000000000009
        0.066666666666667        0.166666666666667       10.803108968647359       10.803108968647348        0.000000000000011
        0.000000000000000        0.200000000000000        0.000000000000003        0.000000000000000        0.000000000000003
        0.033333333333333        0.233333333333333      -12.049302377772863      -12.049302377772862        0.000000000000000
        0.066666666666667        0.266666666666667      -20.870003914063083      -20.870003914063077        0.000000000000005
        0.000000000000000        0.300000000000000      -34.080573679561535      -34.080573679561549        0.000000000000014
        0.033333333333333        0.333333333333333      -40.317751550694948      -40.317751550694963        0.000000000000015
        0.066666666666667        0.366666666666667      -40.317751550694949      -40.317751550694951        0.000000000000002
        0.000000000000000        0.400000000000000      -48.197209511091463      -48.197209511091489        0.000000000000026
        0.033333333333333        0.433333333333333      -44.968608669608819      -44.968608669608838        0.000000000000019
        0.066666666666667        0.466666666666667      -36.147907133318601      -36.147907133318607        0.000000000000006
        0.000000000000000        0.500000000000000      -34.080573679561543      -34.080573679561571        0.000000000000028
        0.033333333333333        0.533333333333333      -23.277464710914188      -23.277464710914206        0.000000000000019
        0.066666666666667        0.566666666666667      -10.803108968647364      -10.803108968647369        0.000000000000005
        0.000000000000000        0.600000000000000       -0.000000000000009       -0.000000000000008        0.000000000000001
        0.033333333333333        0.633333333333333       12.049302377772857       12.049302377772868        0.000000000000010
        0.066666666666667        0.666666666666667       20.870003914063078       20.870003914063085        0.000000000000006
        0.000000000000000        0.700000000000000       34.080573679561531       34.080573679561553        0.000000000000022
        0.033333333333333        0.733333333333333       40.317751550694945       40.317751550694964        0.000000000000019
        0.066666666666667        0.766666666666667       40.317751550694948       40.317751550694954        0.000000000000006
        0.000000000000000        0.800000000000000       48.197209511091463       48.197209511091495        0.000000000000033
        0.033333333333333        0.833333333333333       44.968608669608820       44.968608669608844        0.000000000000024
        0.066666666666667        0.866666666666667       36.147907133318603       36.147907133318605        0.000000000000001
        0.000000000000000        0.900000000000000       34.080573679561548       34.080573679561558        0.000000000000010
        0.033333333333333        0.933333333333333       23.277464710914193       23.277464710914190        0.000000000000003
        0.066666666666667        0.966666666666667       10.803108968647369       10.803108968647362        0.000000000000007
        0.000000000000000        1.000000000000000        0.000000000000015        0.000000000000015        0.000000000000000
        0.033333333333333        1.033333333333333      -12.049302377772851      -12.049302377772848        0.000000000000004
        0.066666666666667        1.066666666666667      -20.870003914063074      -20.870003914063064        0.000000000000010
        0.100000000000000        0.000000000000000       34.080573679561539       34.080573679561545        0.000000000000006
        0.133333333333333        0.033333333333333       23.277464710914183       23.277464710914174        0.000000000000009
        0.166666666666667        0.066666666666667       10.803108968647359       10.803108968647348        0.000000000000011
        0.100000000000000        0.100000000000000       24.098604755545733       24.098604755545714        0.000000000000019
        0.133333333333333        0.133333333333333       12.049302377772867       12.049302377772848        0.000000000000019
        0.166666666666667        0.166666666666667        3.228600841482647        3.228600841482640        0.000000000000007
        0.100000000000000        0.200000000000000        0.000000000000002        0.000000000000000        0.000000000000002
        0.133333333333333        0.233333333333333       -6.237177871133411       -6.237177871133403        0.000000000000008
        0.166666666666667        0.266666666666667       -6.237177871133412       -6.237177871133403        0.000000000000009
        0.100000000000000        0.300000000000000      -24.098604755545730      -24.098604755545717        0.000000000000013
        0.133333333333333        0.333333333333333      -20.870003914063086      -20.870003914063068        0.000000000000018
        0.166666666666667        0.366666666666667      -12.049302377772868      -12.049302377772854        0.000000000000014
        0.100000000000000        0.400000000000000      -34.080573679561539      -34.080573679561525        0.000000000000014
        0.133333333333333        0.433333333333333      -23.277464710914184      -23.277464710914165        0.000000000000018
        0.166666666666667        0.466666666666667      -10.803108968647360      -10.803108968647349        0.000000000000011
        0.100000000000000        0.500000000000000      -24.098604755545736      -24.098604755545732        0.000000000000003
        0.133333333333333        0.533333333333333      -12.049302377772870      -12.049302377772865        0.000000000000005
        0.166666666666667        0.566666666666667       -3.228600841482649       -3.228600841482646        0.000000000000002
        0.100000000000000        0.600000000000000       -0.000000000000006       -0.000000000000005        0.000000000000001
        0.133333333333333        0.633333333333333        6.237177871133408        6.237177871133406        0.000000000000002
        0.166666666666667        0.666666666666667        6.237177871133411        6.237177871133406        0.000000000000005
        0.100000000000000        0.700000000000000       24.098604755545727       24.098604755545720        0.000000000000007
        0.133333333333333        0.733333333333333       20.870003914063084       20.870003914063069        0.000000000000016
        0.166666666666667        0.766666666666667       12.049302377772867       12.049302377772855        0.000000000000012
        0.100000000000000        0.800000000000000       34.080573679561539       34.080573679561530        0.000000000000009
        0.133333333333333        0.833333333333333       23.277464710914184       23.277464710914168        0.000000000000016
        0.166666666666667        0.866666666666667       10.803108968647361       10.803108968647349        0.000000000000012
        0.100000000000000        0.900000000000000       24.098604755545739       24.098604755545723        0.000000000000016
        0.133333333333333        0.933333333333333       12.049302377772873       12.049302377772856        0.000000000000016
        0.166666666666667        0.966666666666667        3.228600841482650        3.228600841482644        0.000000000000006
        0.100000000000000        1.000000000000000        0.000000000000010        0.000000000000010        0.000000000000000
        0.133333333333333        1.033333333333333       -6.237177871133405       -6.237177871133395        0.000000000000010
        0.166666666666667        1.066666666666667       -6.237177871133410       -6.237177871133399        0.000000000000010
        0.200000000000000        0.000000000000000        0.000000000000003        0.000000000000000        0.000000000000003
        0.233333333333333        0.033333333333333      -12.049302377772863      -12.049302377772862        0.000000000000000
        0.266666666666667        0.066666666666667      -20.870003914063083      -20.870003914063077        0.000000000000005
        0.200000000000000        0.100000000000000        0.000000000000002        0.000000000000000        0.000000000000002
        0.233333333333333        0.133333333333333       -6.237177871133411       -6.237177871133403        0.000000000000008
        0.266666666666667        0.166666666666667       -6.237177871133412       -6.237177871133403        0.000000000000009
        0.200000000000000        0.200000000000000        0.000000000000000       -0.000000000000000        0.000000000000000
        0.233333333333333        0.233333333333333        3.228600841482644        3.228600841482641        0.000000000000003
        0.266666666666667        0.266666666666667       12.049302377772862       12.049302377772855        0.000000000000008
        0.200000000000000        0.300000000000000       -0.000000000000002       -0.000000000000000        0.000000000000002
        0.233333333333333        0.333333333333333       10.803108968647354       10.803108968647348        0.000000000000005
        0.266666666666667        0.366666666666667       23.277464710914177       23.277464710914169        0.000000000000008
        0.200000000000000        0.400000000000000       -0.000000000000003       -0.000000000000000        0.000000000000003
        0.233333333333333        0.433333333333333       12.049302377772863       12.049302377772858        0.000000000000005
        0.266666666666667        0.466666666666667       20.870003914063084       20.870003914063080        0.000000000000004
        0.200000000000000        0.500000000000000       -0.000000000000002       -0.000000000000000        0.000000000000002
        0.233333333333333        0.533333333333333        6.237177871133412        6.237177871133412        0.000000000000000
        0.266666666666667        0.566666666666667        6.237177871133415        6.237177871133416        0.000000000000000
        0.200000000000000        0.600000000000000       -0.000000000000000       -0.000000000000000        0.000000000000000
        0.233333333333333        0.633333333333333       -3.228600841482643       -3.228600841482643        0.000000000000000
        0.266666666666667        0.666666666666667      -12.049302377772860      -12.049302377772859        0.000000000000001
        0.200000000000000        0.700000000000000        0.000000000000002        0.000000000000000        0.000000000000002
        0.233333333333333        0.733333333333333      -10.803108968647353      -10.803108968647348        0.000000000000004
        0.266666666666667        0.766666666666667      -23.277464710914176      -23.277464710914171        0.000000000000006
        0.200000000000000        0.800000000000000        0.000000000000003        0.000000000000000        0.000000000000003
        0.233333333333333        0.833333333333333      -12.049302377772863      -12.049302377772859        0.000000000000004
        0.266666666666667        0.866666666666667      -20.870003914063086      -20.870003914063079        0.000000000000007
        0.200000000000000        0.900000000000000        0.000000000000002        0.000000000000000        0.000000000000002
        0.233333333333333        0.933333333333333       -6.237177871133413       -6.237177871133407        0.000000000000006
        0.266666666666667        0.966666666666667       -6.237177871133418       -6.237177871133411        0.000000000000007
        0.200000000000000        1.000000000000000        0.000000000000000        0.000000000000000        0.000000000000000
        0.233333333333333        1.033333333333333        3.228600841482641        3.228600841482637        0.000000000000004
        0.266666666666667        1.066666666666667       12.049302377772857       12.049302377772847        0.000000000000010
        0.300000000000000        0.000000000000000      -34.080573679561535      -34.080573679561549        0.000000000000014
        0.333333333333333        0.033333333333333      -40.317751550694948      -40.317751550694963        0.000000000000015
        0.366666666666667        0.066666666666667      -40.317751550694949      -40.317751550694951        0.000000000000002
        0.300000000000000        0.100000000000000      -24.098604755545730      -24.098604755545717        0.000000000000013
        0.333333333333333        0.133333333333333      -20.870003914063086      -20.870003914063068        0.000000000000018
        0.366666666666667        0.166666666666667      -12.049302377772868      -12.049302377772854        0.000000000000014
        0.300000000000000        0.200000000000000       -0.000000000000002       -0.000000000000000        0.000000000000002
        0.333333333333333        0.233333333333333       10.803108968647354       10.803108968647348        0.000000000000005
        0.366666666666667        0.266666666666667       23.277464710914177       23.277464710914169        0.000000000000008
        0.300000000000000        0.300000000000000       24.098604755545727       24.098604755545720        0.000000000000007
        0.333333333333333        0.333333333333333       36.147907133318593       36.147907133318590        0.000000000000003
        0.366666666666667        0.366666666666667       44.968608669608814       44.968608669608812        0.000000000000002
        0.300000000000000        0.400000000000000       34.080573679561535       34.080573679561529        0.000000000000006
        0.333333333333333        0.433333333333333       40.317751550694949       40.317751550694948        0.000000000000001
        0.366666666666667        0.466666666666667       40.317751550694952       40.317751550694956        0.000000000000003
        0.300000000000000        0.500000000000000       24.098604755545733       24.098604755545735        0.000000000000003
        0.333333333333333        0.533333333333333       20.870003914063090       20.870003914063097        0.000000000000007
        0.366666666666667        0.566666666666667       12.049302377772873       12.049302377772878        0.000000000000004
        0.300000000000000        0.600000000000000        0.000000000000006        0.000000000000005        0.000000000000001
        0.333333333333333        0.633333333333333      -10.803108968647349      -10.803108968647353        0.000000000000004
        0.366666666666667        0.666666666666667      -23.277464710914172      -23.277464710914177        0.000000000000005
        0.300000000000000        0.700000000000000      -24.098604755545724      -24.098604755545723        0.000000000000001
        0.333333333333333        0.733333333333333      -36.147907133318590      -36.147907133318591        0.000000000000000
        0.366666666666667        0.766666666666667      -44.968608669608813      -44.968608669608815        0.000000000000002
        0.300000000000000        0.800000000000000      -34.080573679561535      -34.080573679561534        0.000000000000001
        0.333333333333333        0.833333333333333      -40.317751550694951      -40.317751550694953        0.000000000000002
        0.366666666666667        0.866666666666667      -40.317751550694955      -40.317751550694953        0.000000000000002
        0.300000000000000        0.900000000000000      -24.098604755545736      -24.098604755545726        0.000000000000010
        0.333333333333333        0.933333333333333      -20.870003914063095      -20.870003914063083        0.000000000000012
        0.366666666666667        0.966666666666667      -12.049302377772879      -12.049302377772869        0.000000000000009
        0.300000000000000        1.000000000000000       -0.000000000000010       -0.000000000000010        0.000000000000000
        0.333333333333333        1.033333333333333       10.803108968647344       10.803108968647335        0.000000000000009
        0.366666666666667        1.066666666666667       23.277464710914167       23.277464710914154        0.000000000000013
        0.400000000000000        0.000000000000000      -48.197209511091463      -48.197209511091489        0.000000000000026
        0.433333333333333        0.033333333333333      -44.968608669608819      -44.968608669608838        0.000000000000019
        0.466666666666667        0.066666666666667      -36.147907133318601      -36.147907133318607        0.000000000000006
        0.400000000000000        0.100000000000000      -34.080573679561539      -34.080573679561525        0.000000000000014
        0.433333333333333        0.133333333333333      -23.277464710914184      -23.277464710914165        0.000000000000018
        0.466666666666667        0.166666666666667      -10.803108968647360      -10.803108968647349        0.000000000000011
        0.400000000000000        0.200000000000000       -0.000000000000003       -0.000000000000000        0.000000000000003
        0.433333333333333        0.233333333333333       12.049302377772863       12.049302377772858        0.000000000000005
        0.466666666666667        0.266666666666667       20.870003914063084       20.870003914063080        0.000000000000004
        0.400000000000000        0.300000000000000       34.080573679561535       34.080573679561529        0.000000000000006
        0.433333333333333        0.333333333333333       40.317751550694949       40.317751550694948        0.000000000000001
        0.466666666666667        0.366666666666667       40.317751550694952       40.317751550694956        0.000000000000003
        0.400000000000000        0.400000000000000       48.197209511091463       48.197209511091461        0.000000000000002
        0.433333333333333        0.433333333333333       44.968608669608820       44.968608669608821        0.000000000000001
        0.466666666666667        0.466666666666667       36.147907133318603       36.147907133318611        0.000000000000008
        0.400000000000000        0.500000000000000       34.080573679561543       34.080573679561551        0.000000000000008
        0.433333333333333        0.533333333333333       23.277464710914188       23.277464710914197        0.000000000000009
        0.466666666666667        0.566666666666667       10.803108968647365       10.803108968647370        0.000000000000005
        0.400000000000000        0.600000000000000        0.000000000000009        0.000000000000008        0.000000000000001
        0.433333333333333        0.633333333333333      -12.049302377772857      -12.049302377772863        0.000000000000005
        0.466666666666667        0.666666666666667      -20.870003914063080      -20.870003914063087        0.000000000000007
        0.400000000000000        0.700000000000000      -34.080573679561531      -34.080573679561533        0.000000000000003
        0.433333333333333        0.733333333333333      -40.317751550694946      -40.317751550694949        0.000000000000002
        0.466666666666667        0.766666666666667      -40.317751550694951      -40.317751550694958        0.000000000000007
        0.400000000000000        0.800000000000000      -48.197209511091463      -48.197209511091467        0.000000000000005
        0.433333333333333        0.833333333333333      -44.968608669608822      -44.968608669608826        0.000000000000005
        0.466666666666667        0.866666666666667      -36.147907133318606      -36.147907133318609        0.000000000000003
        0.400000000000000        0.900000000000000      -34.080573679561548      -34.080573679561538        0.000000000000010
        0.433333333333333        0.933333333333333      -23.277464710914193      -23.277464710914181        0.000000000000012
        0.466666666666667        0.966666666666667      -10.803108968647370      -10.803108968647363        0.000000000000007
        0.400000000000000        1.000000000000000       -0.000000000000015       -0.000000000000015        0.000000000000000
        0.433333333333333        1.033333333333333       12.049302377772852       12.049302377772843        0.000000000000009
        0.466666666666667        1.066666666666667       20.870003914063075       20.870003914063066        0.000000000000009
        0.500000000000000        0.000000000000000      -34.080573679561543      -34.080573679561571        0.000000000000028
        0.533333333333333        0.033333333333333      -23.277464710914188      -23.277464710914206        0.000000000000019
        0.566666666666667        0.066666666666667      -10.803108968647364      -10.803108968647369        0.000000000000005
        0.500000000000000        0.100000000000000      -24.098604755545736      -24.098604755545732        0.000000000000003
        0.533333333333333        0.133333333333333      -12.049302377772870      -12.049302377772865        0.000000000000005
        0.566666666666667        0.166666666666667       -3.228600841482649       -3.228600841482646        0.000000000000002
        0.500000000000000        0.200000000000000       -0.000000000000002       -0.000000000000000        0.000000000000002
        0.533333333333333        0.233333333333333        6.237177871133412        6.237177871133412        0.000000000000001
        0.566666666666667        0.266666666666667        6.237177871133415        6.237177871133416        0.000000000000000
        0.500000000000000        0.300000000000000       24.098604755545733       24.098604755545735        0.000000000000003
        0.533333333333333        0.333333333333333       20.870003914063090       20.870003914063097        0.000000000000007
        0.566666666666667        0.366666666666667       12.049302377772873       12.049302377772878        0.000000000000004
        0.500000000000000        0.400000000000000       34.080573679561543       34.080573679561551        0.000000000000008
        0.533333333333333        0.433333333333333       23.277464710914188       23.277464710914197        0.000000000000009
        0.566666666666667        0.466666666666667       10.803108968647365       10.803108968647370        0.000000000000005
        0.500000000000000        0.500000000000000       24.098604755545739       24.098604755545751        0.000000000000012
        0.533333333333333        0.533333333333333       12.049302377772873       12.049302377772882        0.000000000000009
        0.566666666666667        0.566666666666667        3.228600841482650        3.228600841482653        0.000000000000003
        0.500000000000000        0.600000000000000        0.000000000000006        0.000000000000005        0.000000000000001
        0.533333333333333        0.633333333333333       -6.237177871133409       -6.237177871133414        0.000000000000005
        0.566666666666667        0.666666666666667       -6.237177871133414       -6.237177871133418        0.000000000000004
        0.500000000000000        0.700000000000000      -24.098604755545730      -24.098604755545738        0.000000000000008
        0.533333333333333        0.733333333333333      -20.870003914063089      -20.870003914063097        0.000000000000009
        0.566666666666667        0.766666666666667      -12.049302377772873      -12.049302377772878        0.000000000000006
        0.500000000000000        0.800000000000000      -34.080573679561543      -34.080573679561556        0.000000000000013
        0.533333333333333        0.833333333333333      -23.277464710914189      -23.277464710914200        0.000000000000011
        0.566666666666667        0.866666666666667      -10.803108968647366      -10.803108968647370        0.000000000000004
        0.500000000000000        0.900000000000000      -24.098604755545742      -24.098604755545742        0.000000000000000
        0.533333333333333        0.933333333333333      -12.049302377772875      -12.049302377772873        0.000000000000002
        0.566666666666667        0.966666666666667       -3.228600841482652       -3.228600841482650        0.000000000000001
        0.500000000000000        1.000000000000000       -0.000000000000010       -0.000000000000010        0.000000000000000
        0.533333333333333        1.033333333333333        6.237177871133406        6.237177871133404        0.000000000000002
        0.566666666666667        1.066666666666667        6.237177871133413        6.237177871133412        0.000000000000001
        0.600000000000000        0.000000000000000       -0.000000000000009       -0.000000000000008        0.000000000000001
        0.633333333333333        0.033333333333333       12.049302377772857       12.049302377772867        0.000000000000010
        0.666666666666667        0.066666666666667       20.870003914063078       20.870003914063085        0.000000000000006
        0.600000000000000        0.100000000000000       -0.000000000000006       -0.000000000000005        0.000000000000001
        0.633333333333333        0.133333333333333        6.237177871133408        6.237177871133406        0.000000000000002
        0.666666666666667        0.166666666666667        6.237177871133411        6.237177871133406        0.000000000000005
        0.600000000000000        0.200000000000000       -0.000000000000000       -0.000000000000000        0.000000000000000
        0.633333333333333        0.233333333333333       -3.228600841482643       -3.228600841482643        0.000000000000000
        0.666666666666667        0.266666666666667      -12.049302377772860      -12.049302377772859        0.000000000000001
        0.600000000000000        0.300000000000000        0.000000000000006        0.000000000000005        0.000000000000001
        0.633333333333333        0.333333333333333      -10.803108968647349      -10.803108968647353        0.000000000000004
        0.666666666666667        0.366666666666667      -23.277464710914172      -23.277464710914177        0.000000000000005
        0.600000000000000        0.400000000000000        0.000000000000009        0.000000000000008        0.000000000000001
        0.633333333333333        0.433333333333333      -12.049302377772857      -12.049302377772863        0.000000000000005
        0.666666666666667        0.466666666666667      -20.870003914063080      -20.870003914063087        0.000000000000007
        0.600000000000000        0.500000000000000        0.000000000000006        0.000000000000005        0.000000000000001
        0.633333333333333        0.533333333333333       -6.237177871133409       -6.237177871133414        0.000000000000005
        0.666666666666667        0.566666666666667       -6.237177871133414       -6.237177871133418        0.000000000000004
        0.600000000000000        0.600000000000000        0.000000000000000        0.000000000000000        0.000000000000000
        0.633333333333333        0.633333333333333        3.228600841482641        3.228600841482644        0.000000000000003
        0.666666666666667        0.666666666666667       12.049302377772857       12.049302377772863        0.000000000000006
        0.600000000000000        0.700000000000000       -0.000000000000006       -0.000000000000005        0.000000000000001
        0.633333333333333        0.733333333333333       10.803108968647348       10.803108968647353        0.000000000000005
        0.666666666666667        0.766666666666667       23.277464710914171       23.277464710914179        0.000000000000007
        0.600000000000000        0.800000000000000       -0.000000000000009       -0.000000000000008        0.000000000000001
        0.633333333333333        0.833333333333333       12.049302377772858       12.049302377772864        0.000000000000007
        0.666666666666667        0.866666666666667       20.870003914063081       20.870003914063086        0.000000000000004
        0.600000000000000        0.900000000000000       -0.000000000000006       -0.000000000000005        0.000000000000001
        0.633333333333333        0.933333333333333        6.237177871133411        6.237177871133410        0.000000000000001
        0.666666666666667        0.966666666666667        6.237177871133417        6.237177871133413        0.000000000000003
        0.600000000000000        1.000000000000000       -0.000000000000000       -0.000000000000000        0.000000000000000
        0.633333333333333        1.033333333333333       -3.228600841482640       -3.228600841482639        0.000000000000001
        0.666666666666667        1.066666666666667      -12.049302377772855      -12.049302377772851        0.000000000000004
        0.700000000000000        0.000000000000000       34.080573679561531       34.080573679561553        0.000000000000022
        0.733333333333333        0.033333333333333       40.317751550694945       40.317751550694964        0.000000000000019
        0.766666666666667        0.066666666666667       40.317751550694948       40.317751550694954        0.000000000000006
        0.700000000000000        0.100000000000000       24.098604755545727       24.098604755545720        0.000000000000007
        0.733333333333333        0.133333333333333       20.870003914063084       20.870003914063069        0.000000000000016
        0.766666666666667        0.166666666666667       12.049302377772867       12.049302377772855        0.000000000000012
        0.700000000000000        0.200000000000000        0.000000000000002        0.000000000000000        0.000000000000002
        0.733333333333333        0.233333333333333      -10.803108968647353      -10.803108968647348        0.000000000000004
        0.766666666666667        0.266666666666667      -23.277464710914176      -23.277464710914171        0.000000000000006
        0.700000000000000        0.300000000000000      -24.098604755545724      -24.098604755545723        0.000000000000001
        0.733333333333333        0.333333333333333      -36.147907133318590      -36.147907133318591        0.000000000000000
        0.766666666666667        0.366666666666667      -44.968608669608813      -44.968608669608815        0.000000000000002
        0.700000000000000        0.400000000000000      -34.080573679561531      -34.080573679561533        0.000000000000003
        0.733333333333333        0.433333333333333      -40.317751550694946      -40.317751550694949        0.000000000000002
        0.766666666666667        0.466666666666667      -40.317751550694951      -40.317751550694958        0.000000000000007
        0.700000000000000        0.500000000000000      -24.098604755545730      -24.098604755545738        0.000000000000008
        0.733333333333333        0.533333333333333      -20.870003914063089      -20.870003914063097        0.000000000000009
        0.766666666666667        0.566666666666667      -12.049302377772873      -12.049302377772878        0.000000000000006
        0.700000000000000        0.600000000000000       -0.000000000000006       -0.000000000000005        0.000000000000001
        0.733333333333333        0.633333333333333       10.803108968647348       10.803108968647353        0.000000000000005
        0.766666666666667        0.666666666666667       23.277464710914171       23.277464710914179        0.000000000000007
        0.700000000000000        0.700000000000000       24.098604755545721       24.098604755545726        0.000000000000005
        0.733333333333333        0.733333333333333       36.147907133318588       36.147907133318591        0.000000000000004
        0.766666666666667        0.766666666666667       44.968608669608811       44.968608669608818        0.000000000000007
        0.700000000000000        0.800000000000000       34.080573679561531       34.080573679561538        0.000000000000007
        0.733333333333333        0.833333333333333       40.317751550694948       40.317751550694954        0.000000000000006
        0.766666666666667        0.866666666666667       40.317751550694954       40.317751550694956        0.000000000000002
        0.700000000000000        0.900000000000000       24.098604755545733       24.098604755545729        0.000000000000004
        0.733333333333333        0.933333333333333       20.870003914063093       20.870003914063083        0.000000000000010
        0.766666666666667        0.966666666666667       12.049302377772878       12.049302377772870        0.000000000000008
        0.700000000000000        1.000000000000000        0.000000000000010        0.000000000000010        0.000000000000000
        0.733333333333333        1.033333333333333      -10.803108968647343      -10.803108968647335        0.000000000000008
        0.766666666666667        1.066666666666667      -23.277464710914166      -23.277464710914156        0.000000000000011
        0.800000000000000        0.000000000000000       48.197209511091463       48.197209511091495        0.000000000000033
        0.833333333333333        0.033333333333333       44.968608669608820       44.968608669608844        0.000000000000024
        0.866666666666667        0.066666666666667       36.147907133318603       36.147907133318605        0.000000000000001
        0.800000000000000        0.100000000000000       34.080573679561539       34.080573679561530        0.000000000000009
        0.833333333333333        0.133333333333333       23.277464710914184       23.277464710914168        0.000000000000016
        0.866666666666667        0.166666666666667       10.803108968647361       10.803108968647349        0.000000000000012
        0.800000000000000        0.200000000000000        0.000000000000003        0.000000000000000        0.000000000000003
        0.833333333333333        0.233333333333333      -12.049302377772863      -12.049302377772859        0.000000000000004
        0.866666666666667        0.266666666666667      -20.870003914063086      -20.870003914063079        0.000000000000007
        0.800000000000000        0.300000000000000      -34.080573679561535      -34.080573679561534        0.000000000000001
        0.833333333333333        0.333333333333333      -40.317751550694951      -40.317751550694953        0.000000000000002
        0.866666666666667        0.366666666666667      -40.317751550694955      -40.317751550694953        0.000000000000002
        0.800000000000000        0.400000000000000      -48.197209511091463      -48.197209511091467        0.000000000000005
        0.833333333333333        0.433333333333333      -44.968608669608822      -44.968608669608826        0.000000000000005
        0.866666666666667        0.466666666666667      -36.147907133318606      -36.147907133318609        0.000000000000003
        0.800000000000000        0.500000000000000      -34.080573679561543      -34.080573679561556        0.000000000000012
        0.833333333333333        0.533333333333333      -23.277464710914189      -23.277464710914200        0.000000000000011
        0.866666666666667        0.566666666666667      -10.803108968647366      -10.803108968647370        0.000000000000004
        0.800000000000000        0.600000000000000       -0.000000000000009       -0.000000000000008        0.000000000000001
        0.833333333333333        0.633333333333333       12.049302377772858       12.049302377772864        0.000000000000007
        0.866666666666667        0.666666666666667       20.870003914063081       20.870003914063086        0.000000000000004
        0.800000000000000        0.700000000000000       34.080573679561531       34.080573679561538        0.000000000000007
        0.833333333333333        0.733333333333333       40.317751550694948       40.317751550694954        0.000000000000006
        0.866666666666667        0.766666666666667       40.317751550694954       40.317751550694956        0.000000000000002
        0.800000000000000        0.800000000000000       48.197209511091463       48.197209511091474        0.000000000000011
        0.833333333333333        0.833333333333333       44.968608669608823       44.968608669608832        0.000000000000009
        0.866666666666667        0.866666666666667       36.147907133318608       36.147907133318606        0.000000000000002
        0.800000000000000        0.900000000000000       34.080573679561548       34.080573679561543        0.000000000000005
        0.833333333333333        0.933333333333333       23.277464710914194       23.277464710914184        0.000000000000010
        0.866666666666667        0.966666666666667       10.803108968647371       10.803108968647362        0.000000000000008
        0.800000000000000        1.000000000000000        0.000000000000015        0.000000000000015        0.000000000000000
        0.833333333333333        1.033333333333333      -12.049302377772852      -12.049302377772844        0.000000000000008
        0.866666666666667        1.066666666666667      -20.870003914063077      -20.870003914063065        0.000000000000012
        0.900000000000000        0.000000000000000       34.080573679561548       34.080573679561558        0.000000000000010
        0.933333333333333        0.033333333333333       23.277464710914193       23.277464710914190        0.000000000000003
        0.966666666666667        0.066666666666667       10.803108968647369       10.803108968647362        0.000000000000007
        0.900000000000000        0.100000000000000       24.098604755545739       24.098604755545723        0.000000000000016
        0.933333333333333        0.133333333333333       12.049302377772873       12.049302377772856        0.000000000000016
        0.966666666666667        0.166666666666667        3.228600841482650        3.228600841482644        0.000000000000006
        0.900000000000000        0.200000000000000        0.000000000000002        0.000000000000000        0.000000000000002
        0.933333333333333        0.233333333333333       -6.237177871133413       -6.237177871133407        0.000000000000006
        0.966666666666667        0.266666666666667       -6.237177871133418       -6.237177871133411        0.000000000000007
        0.900000000000000        0.300000000000000      -24.098604755545736      -24.098604755545726        0.000000000000010
        0.933333333333333        0.333333333333333      -20.870003914063095      -20.870003914063083        0.000000000000012
        0.966666666666667        0.366666666666667      -12.049302377772879      -12.049302377772869        0.000000000000009
        0.900000000000000        0.400000000000000      -34.080573679561548      -34.080573679561538        0.000000000000010
        0.933333333333333        0.433333333333333      -23.277464710914193      -23.277464710914181        0.000000000000012
        0.966666666666667        0.466666666666667      -10.803108968647370      -10.803108968647363        0.000000000000007
        0.900000000000000        0.500000000000000      -24.098604755545742      -24.098604755545742        0.000000000000000
        0.933333333333333        0.533333333333333      -12.049302377772875      -12.049302377772873        0.000000000000002
        0.966666666666667        0.566666666666667       -3.228600841482652       -3.228600841482650        0.000000000000001
        0.900000000000000        0.600000000000000       -0.000000000000006       -0.000000000000005        0.000000000000001
        0.933333333333333        0.633333333333333        6.237177871133411        6.237177871133410        0.000000000000001
        0.966666666666667        0.666666666666667        6.237177871133417        6.237177871133413        0.000000000000003
        0.900000000000000        0.700000000000000       24.098604755545733       24.098604755545729        0.000000000000004
        0.933333333333333        0.733333333333333       20.870003914063093       20.870003914063083        0.000000000000010
        0.966666666666667        0.766666666666667       12.049302377772878       12.049302377772870        0.000000000000008
        0.900000000000000        0.800000000000000       34.080573679561548       34.080573679561543        0.000000000000005
        0.933333333333333        0.833333333333333       23.277464710914194       23.277464710914184        0.000000000000010
        0.966666666666667        0.866666666666667       10.803108968647371       10.803108968647362        0.000000000000008
        0.900000000000000        0.900000000000000       24.098604755545745       24.098604755545732        0.000000000000012
        0.933333333333333        0.933333333333333       12.049302377772878       12.049302377772865        0.000000000000013
        0.966666666666667        0.966666666666667        3.228600841482653        3.228600841482648        0.000000000000005
        0.900000000000000        1.000000000000000        0.000000000000010        0.000000000000010        0.000000000000000
        0.933333333333333        1.033333333333333       -6.237177871133408       -6.237177871133400        0.000000000000008
        0.966666666666667        1.066666666666667       -6.237177871133415       -6.237177871133407        0.000000000000008
        1.000000000000000        0.000000000000000        0.000000000000015        0.000000000000015        0.000000000000000
        1.033333333333333        0.033333333333333      -12.049302377772851      -12.049302377772848        0.000000000000004
        1.066666666666667        0.066666666666667      -20.870003914063074      -20.870003914063064        0.000000000000010
        1.000000000000000        0.100000000000000        0.000000000000010        0.000000000000010        0.000000000000000
        1.033333333333333        0.133333333333333       -6.237177871133405       -6.237177871133395        0.000000000000010
        1.066666666666667        0.166666666666667       -6.237177871133410       -6.237177871133399        0.000000000000010
        1.000000000000000        0.200000000000000        0.000000000000000        0.000000000000000        0.000000000000000
        1.033333333333333        0.233333333333333        3.228600841482641        3.228600841482637        0.000000000000004
        1.066666666666667        0.266666666666667       12.049302377772857       12.049302377772847        0.000000000000010
        1.000000000000000        0.300000000000000       -0.000000000000010       -0.000000000000010        0.000000000000000
        1.033333333333333        0.333333333333333       10.803108968647344       10.803108968647335        0.000000000000009
        1.066666666666667        0.366666666666667       23.277464710914167       23.277464710914154        0.000000000000013
        1.000000000000000        0.400000000000000       -0.000000000000015       -0.000000000000015        0.000000000000000
        1.033333333333333        0.433333333333333       12.049302377772852       12.049302377772843        0.000000000000009
        1.066666666666667        0.466666666666667       20.870003914063075       20.870003914063066        0.000000000000009
        1.000000000000000        0.500000000000000       -0.000000000000010       -0.000000000000010        0.000000000000000
        1.033333333333333        0.533333333333333        6.237177871133406        6.237177871133404        0.000000000000002
        1.066666666666667        0.566666666666667        6.237177871133413        6.237177871133412        0.000000000000001
        1.000000000000000        0.600000000000000       -0.000000000000000       -0.000000000000000        0.000000000000000
        1.033333333333333        0.633333333333333       -3.228600841482640       -3.228600841482639        0.000000000000001
        1.066666666666667        0.666666666666667      -12.049302377772855      -12.049302377772851        0.000000000000004
        1.000000000000000        0.700000000000000        0.000000000000010        0.000000000000010        0.000000000000000
        1.033333333333333        0.733333333333333      -10.803108968647343      -10.803108968647335        0.000000000000008
        1.066666666666667        0.766666666666667      -23.277464710914166      -23.277464710914156        0.000000000000011
        1.000000000000000        0.800000000000000        0.000000000000015        0.000000000000015        0.000000000000000
        1.033333333333333        0.833333333333333      -12.049302377772852      -12.049302377772844        0.000000000000008
        1.066666666666667        0.866666666666667      -20.870003914063077      -20.870003914063065        0.000000000000012
        1.000000000000000        0.900000000000000        0.000000000000010        0.000000000000010        0.000000000000000
        1.033333333333333        0.933333333333333       -6.237177871133408       -6.237177871133400        0.000000000000008
        1.066666666666667        0.966666666666667       -6.237177871133415       -6.237177871133407        0.000000000000008
        1.000000000000000        1.000000000000000        0.000000000000000        0.000000000000000        0.000000000000000
        1.033333333333333        1.033333333333333        3.228600841482638        3.228600841482633        0.000000000000005
        1.066666666666667        1.066666666666667       12.049302377772852       12.049302377772839        0.000000000000013
