        0.000000000000000        0.000000000000000        0.079731851725924        0.041624698483586        0.038107153242337
        0.033333333333333        0.033333333333333        0.074390830405674        0.038836372397620        0.035554458008054
        0.066666666666667        0.066666666666667        0.059798888794443        0.031218523862690        0.028580364931753
        0.000000000000000        0.100000000000000        0.056378933031961        0.029433106562589        0.026945826469372
        0.033333333333333        0.133333333333333        0.038507527379960        0.020103185638396        0.018404341741564
        0.066666666666667        0.166666666666667        0.017871405652001        0.009329920924194        0.008541484727807
        0.000000000000000        0.200000000000000        0.000000000000000        0.000000000000000        0.000000000000000
        0.033333333333333        0.233333333333333       -0.019932962931481       -0.010406174620897        0.009526788310584
        0.066666666666667        0.266666666666667       -0.034524904542712       -0.018024023155827        0.016500881386885
        0.000000000000000        0.300000000000000       -0.056378933031961       -0.029433106562589        0.026945826469372
        0.033333333333333        0.333333333333333       -0.066696993895940       -0.034819738919690        0.031877254976250
        0.066666666666667        0.366666666666667       -0.066696993895940       -0.034819738919690        0.031877254976250
        0.000000000000000        0.400000000000000       -0.079731851725924       -0.041624698483586        0.038107153242337
        0.033333333333333        0.433333333333333       -0.074390830405674       -0.038836372397620        0.035554458008054
        0.066666666666667        0.466666666666667       -0.059798888794443       -0.031218523862690        0.028580364931753
        0.000000000000000        0.500000000000000       -0.056378933031961       -0.029433106562589        0.026945826469372
        0.033333333333333        0.533333333333333       -0.038507527379960       -0.020103185638396        0.018404341741564
        0.066666666666667        0.566666666666667       -0.017871405652001       -0.009329920924194        0.008541484727807
        0.000000000000000        0.600000000000000       -0.000000000000000       -0.000000000000000        0.000000000000000
        0.033333333333333        0.633333333333333        0.019932962931481        0.010406174620897        0.009526788310584
        0.066666666666667        0.666666666666667        0.034524904542712        0.018024023155827        0.016500881386885
        0.000000000000000        0.700000000000000        0.056378933031961        0.029433106562589        0.026945826469372
        0.033333333333333        0.733333333333333        0.066696993895940        0.034819738919690        0.031877254976250
        0.066666666666667        0.766666666666667        0.066696993895940        0.034819738919690        0.031877254976250
        0.000000000000000        0.800000000000000        0.079731851725924        0.041624698483586        0.038107153242337
        0.033333333333333        0.833333333333333        0.074390830405674        0.038836372397620        0.035554458008054
        0.066666666666667        0.866666666666667        0.059798888794443        0.031218523862690        0.028580364931753
        0.000000000000000        0.900000000000000        0.056378933031961        0.029433106562589        0.026945826469372
        0.033333333333333        0.933333333333333        0.038507527379960        0.020103185638396        0.018404341741564
        0.066666666666667        0.966666666666667        0.017871405652001        0.009329920924194        0.008541484727807
        0.000000000000000        1.000000000000000        0.000000000000000        0.000000000000000        0.000000000000000
        0.033333333333333        1.033333333333333       -0.019932962931481       -0.010406174620897        0.009526788310584
        0.066666666666667        1.066666666666667       -0.034524904542712       -0.018024023155827        0.016500881386885
        0.100000000000000        0.000000000000000        0.056378933031961        0.029433106562589        0.026945826469372
        0.133333333333333        0.033333333333333        0.038507527379960        0.020103185638396        0.018404341741564
        0.166666666666667        0.066666666666667        0.017871405652001        0.009329920924194        0.008541484727807
        0.100000000000000        0.100000000000000        0.039865925862962        0.020812349241793        0.019053576621169
        0.133333333333333        0.133333333333333        0.019932962931481        0.010406174620897        0.009526788310584
        0.166666666666667        0.166666666666667        0.005341021320250        0.002788326085966        0.002552695234283
        0.100000000000000        0.200000000000000        0.000000000000000        0.000000000000000        0.000000000000000
        0.133333333333333        0.233333333333333       -0.010318060863980       -0.005386632357101        0.004931428506879
        0.166666666666667        0.266666666666667       -0.010318060863980       -0.005386632357101        0.004931428506879
        0.100000000000000        0.300000000000000       -0.039865925862962       -0.020812349241793        0.019053576621169
        0.133333333333333        0.333333333333333       -0.034524904542712       -0.018024023155827        0.016500881386885
        0.166666666666667        0.366666666666667       -0.019932962931481       -0.010406174620897        0.009526788310584
        0.100000000000000        0.400000000000000       -0.056378933031961       -0.029433106562589        0.026945826469372
        0.133333333333333        0.433333333333333       -0.038507527379960       -0.020103185638396        0.018404341741564
        0.166666666666667        0.466666666666667       -0.017871405652001       -0.009329920924194        0.008541484727807
        0.100000000000000        0.500000000000000       -0.039865925862962       -0.020812349241793        0.019053576621169
        0.133333333333333        0.533333333333333       -0.019932962931481       -0.010406174620897        0.009526788310584
        0.166666666666667        0.566666666666667       -0.005341021320250       -0.002788326085966        0.002552695234283
        0.100000000000000        0.600000000000000       -0.000000000000000       -0.000000000000000        0.000000000000000
        0.133333333333333        0.633333333333333        0.010318060863980        0.005386632357101        0.004931428506879
        0.166666666666667        0.666666666666667        0.010318060863980        0.005386632357101        0.004931428506879
        0.100000000000000        0.700000000000000        0.039865925862962        0.020812349241793        0.019053576621169
        0.133333333333333        0.733333333333333        0.034524904542712        0.018024023155827        0.016500881386885
        0.166666666666667        0.766666666666667        0.019932962931481        0.010406174620897        0.009526788310584
        0.100000000000000        0.800000000000000        0.056378933031961        0.029433106562589        0.026945826469372
        0.133333333333333        0.833333333333333        0.038507527379960        0.020103185638396        0.018404341741564
        0.166666666666667        0.866666666666667        0.017871405652001        0.009329920924194        0.008541484727807
        0.100000000000000        0.900000000000000        0.039865925862962        0.020812349241793        0.019053576621169
        0.133333333333333        0.933333333333333        0.019932962931481        0.010406174620897        0.009526788310584
        0.166666666666667        0.966666666666667        0.005341021320250        0.002788326085966        0.002552695234283
        0.100000000000000        1.000000000000000        0.000000000000000        0.000000000000000        0.000000000000000
        0.133333333333333        1.033333333333333       -0.010318060863980       -0.005386632357101        0.004931428506879
        0.166666666666667        1.066666666666667       -0.010318060863980       -0.005386632357101        0.004931428506879
        0.200000000000000        0.000000000000000        0.000000000000000        0.000000000000000        0.000000000000000
        0.233333333333333        0.033333333333333       -0.019932962931481       -0.010406174620897        0.009526788310584
        0.266666666666667        0.066666666666667       -0.034524904542712       -0.018024023155827        0.016500881386885
        0.200000000000000        0.100000000000000        0.000000000000000        0.000000000000000        0.000000000000000
        0.233333333333333        0.133333333333333       -0.010318060863980       -0.005386632357101        0.004931428506879
        0.266666666666667        0.166666666666667       -0.010318060863980       -0.005386632357101        0.004931428506879
        0.200000000000000        0.200000000000000        0.000000000000000        0.000000000000000        0.000000000000000
        0.233333333333333        0.233333333333333        0.005341021320250        0.002788326085966        0.002552695234283
        0.266666666666667        0.266666666666667        0.019932962931481        0.010406174620897        0.009526788310584
        0.200000000000000        0.300000000000000       -0.000000000000000       -0.000000000000000        0.000000000000000
        0.233333333333333        0.333333333333333        0.017871405652001        0.009329920924194        0.008541484727807
        0.266666666666667        0.366666666666667        0.038507527379960        0.020103185638396        0.018404341741564
        0.200000000000000        0.400000000000000       -0.000000000000000       -0.000000000000000        0.000000000000000
        0.233333333333333        0.433333333333333        0.019932962931481        0.010406174620897        0.009526788310584
        0.266666666666667        0.466666666666667        0.034524904542712        0.018024023155827        0.016500881386885
        0.200000000000000        0.500000000000000       -0.000000000000000       -0.000000000000000        0.000000000000000
        0.233333333333333        0.533333333333333        0.010318060863980        0.005386632357101        0.004931428506879
        0.266666666666667        0.566666666666667        0.010318060863980        0.005386632357101        0.004931428506879
        0.200000000000000        0.600000000000000       -0.000000000000000        0.000000000000000        0.000000000000000
        0.233333333333333        0.633333333333333       -0.005341021320250       -0.002788326085966        0.002552695234283
        0.266666666666667        0.666666666666667       -0.019932962931481       -0.010406174620897        0.009526788310584
        0.200000000000000        0.700000000000000        0.000000000000000        0.000000000000000        0.000000000000000
        0.233333333333333        0.733333333333333       -0.017871405652001       -0.009329920924194        0.008541484727807
        0.266666666666667        0.766666666666667       -0.038507527379960       -0.020103185638396        0.018404341741564
        0.200000000000000        0.800000000000000        0.000000000000000        0.000000000000000        0.000000000000000
        0.233333333333333        0.833333333333333       -0.019932962931481       -0.010406174620897        0.009526788310584
        0.266666666666667        0.866666666666667       -0.034524904542712       -0.018024023155827        0.016500881386885
        0.200000000000000        0.900000000000000        0.000000000000000        0.000000000000000        0.000000000000000
        0.233333333333333        0.933333333333333       -0.010318060863980       -0.005386632357101        0.004931428506879
        0.266666666666667        0.966666666666667       -0.010318060863980       -0.005386632357101        0.004931428506879
        0.200000000000000        1.000000000000000        0.000000000000000        0.000000000000000        0.000000000000000
        0.233333333333333        1.033333333333333        0.005341021320250        0.002788326085966        0.002552695234283
        0.266666666666667        1.066666666666667        0.019932962931481        0.010406174620897        0.009526788310584
        0.300000000000000        0.000000000000000       -0.056378933031961       -0.029433106562589        0.026945826469372
        0.333333333333333        0.033333333333333       -0.066696993895940       -0.034819738919690        0.031877254976250
        0.366666666666667        0.066666666666667       -0.066696993895940       -0.034819738919690        0.031877254976250
        0.300000000000000        0.100000000000000       -0.039865925862962       -0.020812349241793        0.019053576621169
        0.333333333333333        0.133333333333333       -0.034524904542712       -0.018024023155827        0.016500881386885
        0.366666666666667        0.166666666666667       -0.019932962931481       -0.010406174620897        0.009526788310584
        0.300000000000000        0.200000000000000       -0.000000000000000       -0.000000000000000        0.000000000000000
        0.333333333333333        0.233333333333333        0.017871405652001        0.009329920924194        0.008541484727807
        0.366666666666667        0.266666666666667        0.038507527379960        0.020103185638396        0.018404341741564
        0.300000000000000        0.300000000000000        0.039865925862962        0.020812349241793        0.019053576621169
        0.333333333333333        0.333333333333333        0.059798888794443        0.031218523862690        0.028580364931753
        0.366666666666667        0.366666666666667        0.074390830405674        0.038836372397620        0.035554458008054
        0.300000000000000        0.400000000000000        0.056378933031961        0.029433106562589        0.026945826469372
        0.333333333333333        0.433333333333333        0.066696993895940        0.034819738919690        0.031877254976250
        0.366666666666667        0.466666666666667        0.066696993895940        0.034819738919690        0.031877254976250
        0.300000000000000        0.500000000000000        0.039865925862962        0.020812349241793        0.019053576621169
        0.333333333333333        0.533333333333333        0.034524904542712        0.018024023155827        0.016500881386885
        0.366666666666667        0.566666666666667        0.019932962931481        0.010406174620897        0.009526788310584
        0.300000000000000        0.600000000000000        0.000000000000000        0.000000000000000        0.000000000000000
        0.333333333333333        0.633333333333333       -0.017871405652001       -0.009329920924194        0.008541484727807
        0.366666666666667        0.666666666666667       -0.038507527379960       -0.020103185638396        0.018404341741564
        0.300000000000000        0.700000000000000       -0.039865925862962       -0.020812349241793        0.019053576621169
        0.333333333333333        0.733333333333333       -0.059798888794443       -0.031218523862690        0.028580364931753
        0.366666666666667        0.766666666666667       -0.074390830405674       -0.038836372397620        0.035554458008054
        0.300000000000000        0.800000000000000       -0.056378933031961       -0.029433106562589        0.026945826469372
        0.333333333333333        0.833333333333333       -0.066696993895940       -0.034819738919690        0.031877254976250
        0.366666666666667        0.866666666666667       -0.066696993895940       -0.034819738919690        0.031877254976250
        0.300000000000000        0.900000000000000       -0.039865925862962       -0.020812349241793        0.019053576621169
        0.333333333333333        0.933333333333333       -0.034524904542712       -0.018024023155827        0.016500881386885
        0.366666666666667        0.966666666666667       -0.019932962931481       -0.010406174620897        0.009526788310584
        0.300000000000000        1.000000000000000       -0.000000000000000       -0.000000000000000        0.000000000000000
        0.333333333333333        1.033333333333333        0.017871405652001        0.009329920924193        0.008541484727807
        0.366666666666667        1.066666666666667        0.038507527379960        0.020103185638396        0.018404341741564
        0.400000000000000        0.000000000000000       -0.079731851725924       -0.041624698483586        0.038107153242337
        0.433333333333333        0.033333333333333       -0.074390830405674       -0.038836372397620        0.035554458008054
        0.466666666666667        0.066666666666667       -0.059798888794443       -0.031218523862690        0.028580364931753
        0.400000000000000        0.100000000000000       -0.056378933031961       -0.029433106562589        0.026945826469372
        0.433333333333333        0.133333333333333       -0.038507527379960       -0.020103185638396        0.018404341741564
        0.466666666666667        0.166666666666667       -0.017871405652001       -0.009329920924194        0.008541484727807
        0.400000000000000        0.200000000000000       -0.000000000000000       -0.000000000000000        0.000000000000000
        0.433333333333333        0.233333333333333        0.019932962931481        0.010406174620897        0.009526788310584
        0.466666666666667        0.266666666666667        0.034524904542712        0.018024023155827        0.016500881386885
        0.400000000000000        0.300000000000000        0.056378933031961        0.029433106562589        0.026945826469372
        0.433333333333333        0.333333333333333        0.066696993895940        0.034819738919690        0.031877254976250
        0.466666666666667        0.366666666666667        0.066696993895940        0.034819738919690        0.031877254976250
        0.400000000000000        0.400000000000000        0.079731851725924        0.041624698483586        0.038107153242337
        0.433333333333333        0.433333333333333        0.074390830405674        0.038836372397620        0.035554458008054
        0.466666666666667        0.466666666666667        0.059798888794443        0.031218523862690        0.028580364931753
        0.400000000000000        0.500000000000000        0.056378933031961        0.029433106562589        0.026945826469372
        0.433333333333333        0.533333333333333        0.038507527379960        0.020103185638396        0.018404341741564
        0.466666666666667        0.566666666666667        0.017871405652001        0.009329920924194        0.008541484727807
        0.400000000000000        0.600000000000000        0.000000000000000        0.000000000000000        0.000000000000000
        0.433333333333333        0.633333333333333       -0.019932962931481       -0.010406174620897        0.009526788310584
        0.466666666666667        0.666666666666667       -0.034524904542712       -0.018024023155827        0.016500881386885
        0.400000000000000        0.700000000000000       -0.056378933031961       -0.029433106562589        0.026945826469372
        0.433333333333333        0.733333333333333       -0.066696993895940       -0.034819738919690        0.031877254976250
        0.466666666666667        0.766666666666667       -0.066696993895940       -0.034819738919690        0.031877254976250
        0.400000000000000        0.800000000000000       -0.079731851725924       -0.041624698483586        0.038107153242337
        0.433333333333333        0.833333333333333       -0.074390830405674       -0.038836372397620        0.035554458008054
        0.466666666666667        0.866666666666667       -0.059798888794443       -0.031218523862690        0.028580364931753
        0.400000000000000        0.900000000000000       -0.056378933031961       -0.029433106562589        0.026945826469372
        0.433333333333333        0.933333333333333       -0.038507527379960       -0.020103185638396        0.018404341741564
        0.466666666666667        0.966666666666667       -0.017871405652001       -0.009329920924194        0.008541484727807
        0.400000000000000        1.000000000000000       -0.000000000000000       -0.000000000000000        0.000000000000000
        0.433333333333333        1.033333333333333        0.019932962931481        0.010406174620897        0.009526788310584
        0.466666666666667        1.066666666666667        0.034524904542712        0.018024023155827        0.016500881386885
        0.500000000000000        0.000000000000000       -0.056378933031961       -0.029433106562589        0.026945826469372
        0.533333333333333        0.033333333333333       -0.038507527379960       -0.020103185638396        0.018404341741564
        0.566666666666667        0.066666666666667       -0.017871405652001       -0.009329920924194        0.008541484727807
        0.500000000000000        0.100000000000000       -0.039865925862962       -0.020812349241793        0.019053576621169
        0.533333333333333        0.133333333333333       -0.019932962931481       -0.010406174620897        0.009526788310584
        0.566666666666667        0.166666666666667       -0.005341021320250       -0.002788326085966        0.002552695234283
        0.500000000000000        0.200000000000000       -0.000000000000000       -0.000000000000000        0.000000000000000
        0.533333333333333        0.233333333333333        0.010318060863980        0.005386632357101        0.004931428506879
        0.566666666666667        0.266666666666667        0.010318060863980        0.005386632357101        0.004931428506879
        0.500000000000000        0.300000000000000        0.039865925862962        0.020812349241793        0.019053576621169
        0.533333333333333        0.333333333333333        0.034524904542712        0.018024023155827        0.016500881386885
        0.566666666666667        0.366666666666667        0.019932962931481        0.010406174620897        0.009526788310584
        0.500000000000000        0.400000000000000        0.056378933031961        0.029433106562589        0.026945826469372
        0.533333333333333        0.433333333333333        0.038507527379960        0.020103185638396        0.018404341741564
        0.566666666666667        0.466666666666667        0.017871405652001        0.009329920924194        0.008541484727807
        0.500000000000000        0.500000000000000        0.039865925862962        0.020812349241793        0.019053576621169
        0.533333333333333        0.533333333333333        0.019932962931481        0.010406174620897        0.009526788310584
        0.566666666666667        0.566666666666667        0.005341021320250        0.002788326085966        0.002552695234283
        0.500000000000000        0.600000000000000        0.000000000000000        0.000000000000000        0.000000000000000
        0.533333333333333        0.633333333333333       -0.010318060863980       -0.005386632357101        0.004931428506879
        0.566666666666667        0.666666666666667       -0.010318060863980       -0.005386632357101        0.004931428506879
        0.500000000000000        0.700000000000000       -0.039865925862962       -0.020812349241793        0.019053576621169
        0.533333333333333        0.733333333333333       -0.034524904542712       -0.018024023155827        0.016500881386885
        0.566666666666667        0.766666666666667       -0.019932962931481       -0.010406174620897        0.009526788310584
        0.500000000000000        0.800000000000000       -0.056378933031961       -0.029433106562589        0.026945826469372
        0.533333333333333        0.833333333333333       -0.038507527379960       -0.020103185638396        0.018404341741564
        0.566666666666667        0.866666666666667       -0.017871405652001       -0.009329920924194        0.008541484727807
        0.500000000000000        0.900000000000000       -0.039865925862962       -0.020812349241793        0.019053576621169
        0.533333333333333        0.933333333333333       -0.019932962931481       -0.010406174620897        0.009526788310584
        0.566666666666667        0.966666666666667       -0.005341021320250       -0.002788326085966        0.002552695234283
        0.500000000000000        1.000000000000000       -0.000000000000000       -0.000000000000000        0.000000000000000
        0.533333333333333        1.033333333333333        0.010318060863980        0.005386632357101        0.004931428506879
        0.566666666666667        1.066666666666667        0.010318060863980        0.005386632357101        0.004931428506879
        0.600000000000000        0.000000000000000       -0.000000000000000       -0.000000000000000        0.000000000000000
        0.633333333333333        0.033333333333333        0.019932962931481        0.010406174620897        0.009526788310584
        0.666666666666667        0.066666666666667        0.034524904542712        0.018024023155827        0.016500881386885
        0.600000000000000        0.100000000000000       -0.000000000000000       -0.000000000000000        0.000000000000000
        0.633333333333333        0.133333333333333        0.010318060863980        0.005386632357101        0.004931428506879
        0.666666666666667        0.166666666666667        0.010318060863980        0.005386632357101        0.004931428506879
        0.600000000000000        0.200000000000000       -0.000000000000000        0.000000000000000        0.000000000000000
        0.633333333333333        0.233333333333333       -0.005341021320250       -0.002788326085966        0.002552695234283
        0.666666666666667        0.266666666666667       -0.019932962931481       -0.010406174620897        0.009526788310584
        0.600000000000000        0.300000000000000        0.000000000000000        0.000000000000000        0.000000000000000
        0.633333333333333        0.333333333333333       -0.017871405652001       -0.009329920924194        0.008541484727807
        0.666666666666667        0.366666666666667       -0.038507527379960       -0.020103185638396        0.018404341741564
        0.600000000000000        0.400000000000000        0.000000000000000        0.000000000000000        0.000000000000000
        0.633333333333333        0.433333333333333       -0.019932962931481       -0.010406174620897        0.009526788310584
        0.666666666666667        0.466666666666667       -0.034524904542712       -0.018024023155827        0.016500881386885
        0.600000000000000        0.500000000000000        0.000000000000000        0.000000000000000        0.000000000000000
        0.633333333333333        0.533333333333333       -0.010318060863980       -0.005386632357101        0.004931428506879
        0.666666666666667        0.566666666666667       -0.010318060863980       -0.005386632357101        0.004931428506879
        0.600000000000000        0.600000000000000        0.000000000000000        0.000000000000000        0.000000000000000
        0.633333333333333        0.633333333333333        0.005341021320250        0.002788326085966        0.002552695234283
        0.666666666666667        0.666666666666667        0.019932962931481        0.010406174620897        0.009526788310584
        0.600000000000000        0.700000000000000       -0.000000000000000       -0.000000000000000        0.000000000000000
        0.633333333333333        0.733333333333333        0.017871405652001        0.009329920924194        0.008541484727807
        0.666666666666667        0.766666666666667        0.038507527379960        0.020103185638396        0.018404341741564
        0.600000000000000        0.800000000000000       -0.000000000000000       -0.000000000000000        0.000000000000000
        0.633333333333333        0.833333333333333        0.019932962931481        0.010406174620897        0.009526788310584
        0.666666666666667        0.866666666666667        0.034524904542712        0.018024023155827        0.016500881386885
        0.600000000000000        0.900000000000000       -0.000000000000000       -0.000000000000000        0.000000000000000
        0.633333333333333        0.933333333333333        0.010318060863980        0.005386632357101        0.004931428506879
        0.666666666666667        0.966666666666667        0.010318060863980        0.005386632357101        0.004931428506879
        0.600000000000000        1.000000000000000       -0.000000000000000       -0.000000000000000        0.000000000000000
        0.633333333333333        1.033333333333333       -0.005341021320250       -0.002788326085966        0.002552695234283
        0.666666666666667        1.066666666666667       -0.019932962931481       -0.010406174620897        0.009526788310584
        0.700000000000000        0.000000000000000        0.056378933031961        0.029433106562589        0.026945826469372
        0.733333333333333        0.033333333333333        0.066696993895940        0.034819738919690        0.031877254976250
        0.766666666666667        0.066666666666667        0.066696993895940        0.034819738919690        0.031877254976250
        0.700000000000000        0.100000000000000        0.039865925862962        0.020812349241793        0.019053576621169
        0.733333333333333        0.133333333333333        0.034524904542712        0.018024023155827        0.016500881386885
        0.766666666666667        0.166666666666667        0.019932962931481        0.010406174620897        0.009526788310584
        0.700000000000000        0.200000000000000        0.000000000000000        0.000000000000000        0.000000000000000
        0.733333333333333        0.233333333333333       -0.017871405652001       -0.009329920924194        0.008541484727807
        0.766666666666667        0.266666666666667       -0.038507527379960       -0.020103185638396        0.018404341741564
        0.700000000000000        0.300000000000000       -0.039865925862962       -0.020812349241793        0.019053576621169
        0.733333333333333        0.333333333333333       -0.059798888794443       -0.031218523862690        0.028580364931753
        0.766666666666667        0.366666666666667       -0.074390830405674       -0.038836372397620        0.035554458008054
        0.700000000000000        0.400000000000000       -0.056378933031961       -0.029433106562589        0.026945826469372
        0.733333333333333        0.433333333333333       -0.066696993895940       -0.034819738919690        0.031877254976250
        0.766666666666667        0.466666666666667       -0.066696993895940       -0.034819738919690        0.031877254976250
        0.700000000000000        0.500000000000000       -0.039865925862962       -0.020812349241793        0.019053576621169
        0.733333333333333        0.533333333333333       -0.034524904542712       -0.018024023155827        0.016500881386885
        0.766666666666667        0.566666666666667       -0.019932962931481       -0.010406174620897        0.009526788310584
        0.700000000000000        0.600000000000000       -0.000000000000000       -0.000000000000000        0.000000000000000
        0.733333333333333        0.633333333333333        0.017871405652001        0.009329920924194        0.008541484727807
        0.766666666666667        0.666666666666667        0.038507527379960        0.020103185638396        0.018404341741564
        0.700000000000000        0.700000000000000        0.039865925862962        0.020812349241793        0.019053576621169
        0.733333333333333        0.733333333333333        0.059798888794443        0.031218523862690        0.028580364931753
        0.766666666666667        0.766666666666667        0.074390830405674        0.038836372397620        0.035554458008054
        0.700000000000000        0.800000000000000        0.056378933031961        0.029433106562589        0.026945826469372
        0.733333333333333        0.833333333333333        0.066696993895940        0.034819738919690        0.031877254976250
        0.766666666666667        0.866666666666667        0.066696993895940        0.034819738919690        0.031877254976250
        0.700000000000000        0.900000000000000        0.039865925862962        0.020812349241793        0.019053576621169
        0.733333333333333        0.933333333333333        0.034524904542712        0.018024023155827        0.016500881386885
        0.766666666666667        0.966666666666667        0.019932962931481        0.010406174620897        0.009526788310584
        0.700000000000000        1.000000000000000        0.000000000000000        0.000000000000000        0.000000000000000
        0.733333333333333        1.033333333333333       -0.017871405652001       -0.009329920924193        0.008541484727807
        0.766666666666667        1.066666666666667       -0.038507527379960       -0.020103185638396        0.018404341741564
        0.800000000000000        0.000000000000000        0.079731851725924        0.041624698483586        0.038107153242337
        0.833333333333333        0.033333333333333        0.074390830405674        0.038836372397620        0.035554458008054
        0.866666666666667        0.066666666666667        0.059798888794443        0.031218523862690        0.028580364931753
        0.800000000000000        0.100000000000000        0.056378933031961        0.029433106562589        0.026945826469372
        0.833333333333333        0.133333333333333        0.038507527379960        0.020103185638396        0.018404341741564
        0.866666666666667        0.166666666666667        0.017871405652001        0.009329920924194        0.008541484727807
        0.800000000000000        0.200000000000000        0.000000000000000        0.000000000000000        0.000000000000000
        0.833333333333333        0.233333333333333       -0.019932962931481       -0.010406174620897        0.009526788310584
        0.866666666666667        0.266666666666667       -0.034524904542712       -0.018024023155827        0.016500881386885
        0.800000000000000        0.300000000000000       -0.056378933031961       -0.029433106562589        0.026945826469372
        0.833333333333333        0.333333333333333       -0.066696993895940       -0.034819738919690        0.031877254976250
        0.866666666666667        0.366666666666667       -0.066696993895940       -0.034819738919690        0.031877254976250
        0.800000000000000        0.400000000000000       -0.079731851725924       -0.041624698483586        0.038107153242337
        0.833333333333333        0.433333333333333       -0.074390830405674       -0.038836372397620        0.035554458008054
        0.866666666666667        0.466666666666667       -0.059798888794443       -0.031218523862690        0.028580364931753
        0.800000000000000        0.500000000000000       -0.056378933031961       -0.029433106562589        0.026945826469372
        0.833333333333333        0.533333333333333       -0.038507527379960       -0.020103185638396        0.018404341741564
        0.866666666666667        0.566666666666667       -0.017871405652001       -0.009329920924194        0.008541484727807
        0.800000000000000        0.600000000000000       -0.000000000000000       -0.000000000000000        0.000000000000000
        0.833333333333333        0.633333333333333        0.019932962931481        0.010406174620897        0.009526788310584
        0.866666666666667        0.666666666666667        0.034524904542712        0.018024023155827        0.016500881386885
        0.800000000000000        0.700000000000000        0.056378933031961        0.029433106562589        0.026945826469372
        0.833333333333333        0.733333333333333        0.066696993895940        0.034819738919690        0.031877254976250
        0.866666666666667        0.766666666666667        0.066696993895940        0.034819738919690        0.031877254976250
        0.800000000000000        0.800000000000000        0.079731851725924        0.041624698483586        0.038107153242337
        0.833333333333333        0.833333333333333        0.074390830405674        0.038836372397620        0.035554458008054
        0.866666666666667        0.866666666666667        0.059798888794443        0.031218523862690        0.028580364931753
        0.800000000000000        0.900000000000000        0.056378933031961        0.029433106562589        0.026945826469372
        0.833333333333333        0.933333333333333        0.038507527379960        0.020103185638396        0.018404341741564
        0.866666666666667        0.966666666666667        0.017871405652001        0.009329920924194        0.008541484727807
        0.800000000000000        1.000000000000000        0.000000000000000        0.000000000000000        0.000000000000000
        0.833333333333333        1.033333333333333       -0.019932962931481       -0.010406174620897        0.009526788310584
        0.866666666666667        1.066666666666667       -0.034524904542712       -0.018024023155827        0.016500881386885
        0.900000000000000        0.000000000000000        0.056378933031961        0.029433106562589        0.026945826469372
        0.933333333333333        0.033333333333333        0.038507527379960        0.020103185638396        0.018404341741564
        0.966666666666667        0.066666666666667        0.017871405652001        0.009329920924194        0.008541484727807
        0.900000000000000        0.100000000000000        0.039865925862962        0.020812349241793        0.019053576621169
        0.933333333333333        0.133333333333333        0.019932962931481        0.010406174620897        0.009526788310584
        0.966666666666667        0.166666666666667        0.005341021320250        0.002788326085966        0.002552695234283
        0.900000000000000        0.200000000000000        0.000000000000000        0.000000000000000        0.000000000000000
        0.933333333333333        0.233333333333333       -0.010318060863980       -0.005386632357101        0.004931428506879
        0.966666666666667        0.266666666666667       -0.010318060863980       -0.005386632357101        0.004931428506879
        0.900000000000000        0.300000000000000       -0.039865925862962       -0.020812349241793        0.019053576621169
        0.933333333333333        0.333333333333333       -0.034524904542712       -0.018024023155827        0.016500881386885
        0.966666666666667        0.366666666666667       -0.019932962931481       -0.010406174620897        0.009526788310584
        0.900000000000000        0.400000000000000       -0.056378933031961       -0.029433106562589        0.026945826469372
        0.933333333333333        0.433333333333333       -0.038507527379960       -0.020103185638396        0.018404341741564
        0.966666666666667        0.466666666666667       -0.017871405652001       -0.009329920924194        0.008541484727807
        0.900000000000000        0.500000000000000       -0.039865925862962       -0.020812349241793        0.019053576621169
        0.933333333333333        0.533333333333333       -0.019932962931481       -0.010406174620897        0.009526788310584
        0.966666666666667        0.566666666666667       -0.005341021320250       -0.002788326085966        0.002552695234283
        0.900000000000000        0.600000000000000       -0.000000000000000       -0.000000000000000        0.000000000000000
        0.933333333333333        0.633333333333333        0.010318060863980        0.005386632357101        0.004931428506879
        0.966666666666667        0.666666666666667        0.010318060863980        0.005386632357101        0.004931428506879
        0.900000000000000        0.700000000000000        0.039865925862962        0.020812349241793        0.019053576621169
        0.933333333333333        0.733333333333333        0.034524904542712        0.018024023155827        0.016500881386885
        0.966666666666667        0.766666666666667        0.019932962931481        0.010406174620897        0.009526788310584
        0.900000000000000        0.800000000000000        0.056378933031961        0.029433106562589        0.026945826469372
        0.933333333333333        0.833333333333333        0.038507527379960        0.020103185638396        0.018404341741564
        0.966666666666667        0.866666666666667        0.017871405652001        0.009329920924194        0.008541484727807
        0.900000000000000        0.900000000000000        0.039865925862962        0.020812349241793        0.019053576621169
        0.933333333333333        0.933333333333333        0.019932962931481        0.010406174620897        0.009526788310584
        0.966666666666667        0.966666666666667        0.005341021320250        0.002788326085966        0.002552695234283
        0.900000000000000        1.000000000000000        0.000000000000000        0.000000000000000        0.000000000000000
        0.933333333333333        1.033333333333333       -0.010318060863980       -0.005386632357101        0.004931428506879
        0.966666666666667        1.066666666666667       -0.010318060863980       -0.005386632357101        0.004931428506879
        1.000000000000000        0.000000000000000        0.000000000000000        0.000000000000000        0.000000000000000
        1.033333333333333        0.033333333333333       -0.019932962931481       -0.010406174620897        0.009526788310584
        1.066666666666667        0.066666666666667       -0.034524904542712       -0.018024023155827        0.016500881386885
        1.000000000000000        0.100000000000000        0.000000000000000        0.000000000000000        0.000000000000000
        1.033333333333333        0.133333333333333       -0.010318060863980       -0.005386632357101        0.004931428506879
        1.066666666666667        0.166666666666667       -0.010318060863980       -0.005386632357101        0.004931428506879
        1.000000000000000        0.200000000000000        0.000000000000000        0.000000000000000        0.000000000000000
        1.033333333333333        0.233333333333333        0.005341021320250        0.002788326085966        0.002552695234283
        1.066666666666667        0.266666666666667        0.019932962931481        0.010406174620897        0.009526788310584
        1.000000000000000        0.300000000000000       -0.000000000000000       -0.000000000000000        0.000000000000000
        1.033333333333333        0.333333333333333        0.017871405652001        0.009329920924193        0.008541484727807
        1.066666666666667        0.366666666666667        0.038507527379960        0.020103185638396        0.018404341741564
        1.000000000000000        0.400000000000000       -0.000000000000000       -0.000000000000000        0.000000000000000
        1.033333333333333        0.433333333333333        0.019932962931481        0.010406174620897        0.009526788310584
        1.066666666666667        0.466666666666667        0.034524904542712        0.018024023155827        0.016500881386885
        1.000000000000000        0.500000000000000       -0.000000000000000       -0.000000000000000        0.000000000000000
        1.033333333333333        0.533333333333333        0.010318060863980        0.005386632357101        0.004931428506879
        1.066666666666667        0.566666666666667        0.010318060863980        0.005386632357101        0.004931428506879
        1.000000000000000        0.600000000000000       -0.000000000000000       -0.000000000000000        0.000000000000000
        1.033333333333333        0.633333333333333       -0.005341021320250       -0.002788326085966        0.002552695234283
        1.066666666666667        0.666666666666667       -0.019932962931481       -0.010406174620897        0.009526788310584
        1.000000000000000        0.700000000000000        0.000000000000000        0.000000000000000        0.000000000000000
        1.033333333333333        0.733333333333333       -0.017871405652001       -0.009329920924193        0.008541484727807
        1.066666666666667        0.766666666666667       -0.038507527379960       -0.020103185638396        0.018404341741564
        1.000000000000000        0.800000000000000        0.000000000000000        0.000000000000000        0.000000000000000
        1.033333333333333        0.833333333333333       -0.019932962931481       -0.010406174620897        0.009526788310584
        1.066666666666667        0.866666666666667       -0.034524904542712       -0.018024023155827        0.016500881386885
        1.000000000000000        0.900000000000000        0.000000000000000        0.000000000000000        0.000000000000000
        1.033333333333333        0.933333333333333       -0.010318060863980       -0.005386632357101        0.004931428506879
        1.066666666666667        0.966666666666667       -0.010318060863980       -0.005386632357101        0.004931428506879
        1.000000000000000        1.000000000000000        0.000000000000000        0.000000000000000        0.000000000000000
        1.033333333333333        1.033333333333333        0.005341021320250        0.002788326085966        0.002552695234283
        1.066666666666667        1.066666666666667        0.019932962931481        0.010406174620897        0.009526788310584
