        0.000000000000000        0.000000000000000       36.267903484803247       36.267903484803287        0.000000000000041
        0.033333333333333        0.033333333333333       33.838414622322514       33.838414622322543        0.000000000000029
        0.066666666666667        0.066666666666667       27.200927613602436       27.200927613602439        0.000000000000004
        0.000000000000000        0.100000000000000       25.645280493523595       25.645280493523599        0.000000000000004
        0.033333333333333        0.133333333333333       17.516052320665379       17.516052320665372        0.000000000000007
        0.066666666666667        0.166666666666667        8.129228172858218        8.129228172858209        0.000000000000008
        0.000000000000000        0.200000000000000        0.000000000000002        0.000000000000000        0.000000000000002
        0.033333333333333        0.233333333333333       -9.066975871200809       -9.066975871200809        0.000000000000000
        0.066666666666667        0.266666666666667      -15.704462879920889      -15.704462879920885        0.000000000000004
        0.000000000000000        0.300000000000000      -25.645280493523591      -25.645280493523602        0.000000000000011
        0.033333333333333        0.333333333333333      -30.338692567427173      -30.338692567427184        0.000000000000012
        0.066666666666667        0.366666666666667      -30.338692567427174      -30.338692567427175        0.000000000000001
        0.000000000000000        0.400000000000000      -36.267903484803247      -36.267903484803266        0.000000000000019
        0.033333333333333        0.433333333333333      -33.838414622322515      -33.838414622322530        0.000000000000015
        0.066666666666667        0.466666666666667      -27.200927613602438      -27.200927613602442        0.000000000000005
        0.000000000000000        0.500000000000000      -25.645280493523598      -25.645280493523618        0.000000000000021
        0.033333333333333        0.533333333333333      -17.516052320665383      -17.516052320665397        0.000000000000014
        0.066666666666667        0.566666666666667       -8.129228172858222       -8.129228172858225        0.000000000000004
        0.000000000000000        0.600000000000000       -0.000000000000007       -0.000000000000006        0.000000000000001
        0.033333333333333        0.633333333333333        9.066975871200805        9.066975871200813        0.000000000000008
        0.066666666666667        0.666666666666667       15.704462879920885       15.704462879920890        0.000000000000005
        0.000000000000000        0.700000000000000       25.645280493523588       25.645280493523605        0.000000000000017
        0.033333333333333        0.733333333333333       30.338692567427171       30.338692567427185        0.000000000000014
        0.066666666666667        0.766666666666667       30.338692567427173       30.338692567427177        0.000000000000004
        0.000000000000000        0.800000000000000       36.267903484803247       36.267903484803271        0.000000000000025
        0.033333333333333        0.833333333333333       33.838414622322516       33.838414622322534        0.000000000000018
        0.066666666666667        0.866666666666667       27.200927613602440       27.200927613602441        0.000000000000001
        0.000000000000000        0.900000000000000       25.645280493523601       25.645280493523609        0.000000000000008
        0.033333333333333        0.933333333333333       17.516052320665386       17.516052320665384        0.000000000000002
        0.066666666666667        0.966666666666667        8.129228172858225        8.129228172858220        0.000000000000006
        0.000000000000000        1.000000000000000        0.000000000000011        0.000000000000011        0.000000000000000
        0.033333333333333        1.033333333333333       -9.066975871200801       -9.066975871200798        0.000000000000003
        0.066666666666667        1.066666666666667      -15.704462879920882      -15.704462879920875        0.000000000000007
        0.100000000000000        0.000000000000000       25.645280493523595       25.645280493523599        0.000000000000004
        0.133333333333333        0.033333333333333       17.516052320665379       17.516052320665372        0.000000000000007
        0.166666666666667        0.066666666666667        8.129228172858218        8.129228172858209        0.000000000000008
        0.100000000000000        0.100000000000000       18.133951742401624       18.133951742401610        0.000000000000014
        0.133333333333333        0.133333333333333        9.066975871200813        9.066975871200798        0.000000000000015
        0.166666666666667        0.166666666666667        2.429488862480734        2.429488862480728        0.000000000000005
        0.100000000000000        0.200000000000000        0.000000000000002        0.000000000000000        0.000000000000002
        0.133333333333333        0.233333333333333       -4.693412073903580       -4.693412073903574        0.000000000000006
        0.166666666666667        0.266666666666667       -4.693412073903581       -4.693412073903574        0.000000000000007
        0.100000000000000        0.300000000000000      -18.133951742401622      -18.133951742401613        0.000000000000010
        0.133333333333333        0.333333333333333      -15.704462879920891      -15.704462879920878        0.000000000000013
        0.166666666666667        0.366666666666667       -9.066975871200813       -9.066975871200803        0.000000000000010
        0.100000000000000        0.400000000000000      -25.645280493523595      -25.645280493523584        0.000000000000011
        0.133333333333333        0.433333333333333      -17.516052320665379      -17.516052320665366        0.000000000000014
        0.166666666666667        0.466666666666667       -8.129228172858218       -8.129228172858210        0.000000000000008
        0.100000000000000        0.500000000000000      -18.133951742401627      -18.133951742401624        0.000000000000003
        0.133333333333333        0.533333333333333       -9.066975871200815       -9.066975871200811        0.000000000000004
        0.166666666666667        0.566666666666667       -2.429488862480735       -2.429488862480733        0.000000000000002
        0.100000000000000        0.600000000000000       -0.000000000000005       -0.000000000000004        0.000000000000001
        0.133333333333333        0.633333333333333        4.693412073903578        4.693412073903576        0.000000000000002
        0.166666666666667        0.666666666666667        4.693412073903580        4.693412073903576        0.000000000000004
        0.100000000000000        0.700000000000000       18.133951742401620       18.133951742401615        0.000000000000005
        0.133333333333333        0.733333333333333       15.704462879920890       15.704462879920878        0.000000000000012
        0.166666666666667        0.766666666666667        9.066975871200813        9.066975871200803        0.000000000000009
        0.100000000000000        0.800000000000000       25.645280493523595       25.645280493523588        0.000000000000007
        0.133333333333333        0.833333333333333       17.516052320665380       17.516052320665368        0.000000000000012
        0.166666666666667        0.866666666666667        8.129228172858219        8.129228172858210        0.000000000000009
        0.100000000000000        0.900000000000000       18.133951742401629       18.133951742401617        0.000000000000012
        0.133333333333333        0.933333333333333        9.066975871200817        9.066975871200805        0.000000000000012
        0.166666666666667        0.966666666666667        2.429488862480736        2.429488862480731        0.000000000000005
        0.100000000000000        1.000000000000000        0.000000000000008        0.000000000000008        0.000000000000000
        0.133333333333333        1.033333333333333       -4.693412073903576       -4.693412073903568        0.000000000000007
        0.166666666666667        1.066666666666667       -4.693412073903579       -4.693412073903571        0.000000000000008
        0.200000000000000        0.000000000000000        0.000000000000002        0.000000000000000        0.000000000000002
        0.233333333333333        0.033333333333333       -9.066975871200809       -9.066975871200809        0.000000000000000
        0.266666666666667        0.066666666666667      -15.704462879920889      -15.704462879920885        0.000000000000004
        0.200000000000000        0.100000000000000        0.000000000000002        0.000000000000000        0.000000000000002
        0.233333333333333        0.133333333333333       -4.693412073903580       -4.693412073903574        0.000000000000006
        0.266666666666667        0.166666666666667       -4.693412073903581       -4.693412073903574        0.000000000000007
        0.200000000000000        0.200000000000000        0.000000000000000        0.000000000000000        0.000000000000000
        0.233333333333333        0.233333333333333        2.429488862480731        2.429488862480729        0.000000000000002
        0.266666666666667        0.266666666666667        9.066975871200809        9.066975871200803        0.000000000000006
        0.200000000000000        0.300000000000000       -0.000000000000002       -0.000000000000000        0.000000000000002
        0.233333333333333        0.333333333333333        8.129228172858214        8.129228172858209        0.000000000000004
        0.266666666666667        0.366666666666667       17.516052320665375       17.516052320665369        0.000000000000006
        0.200000000000000        0.400000000000000       -0.000000000000002       -0.000000000000000        0.000000000000002
        0.233333333333333        0.433333333333333        9.066975871200810        9.066975871200806        0.000000000000004
        0.266666666666667        0.466666666666667       15.704462879920890       15.704462879920886        0.000000000000003
        0.200000000000000        0.500000000000000       -0.000000000000002       -0.000000000000000        0.000000000000002
        0.233333333333333        0.533333333333333        4.693412073903581        4.693412073903580        0.000000000000000
        0.266666666666667        0.566666666666667        4.693412073903583        4.693412073903583        0.000000000000000
        0.200000000000000        0.600000000000000       -0.000000000000000       -0.000000000000000        0.000000000000000
        0.233333333333333        0.633333333333333       -2.429488862480730       -2.429488862480730        0.000000000000000
        0.266666666666667        0.666666666666667       -9.066975871200807       -9.066975871200806        0.000000000000001
        0.200000000000000        0.700000000000000        0.000000000000002        0.000000000000000        0.000000000000002
        0.233333333333333        0.733333333333333       -8.129228172858213       -8.129228172858210        0.000000000000003
        0.266666666666667        0.766666666666667      -17.516052320665374      -17.516052320665370        0.000000000000004
        0.200000000000000        0.800000000000000        0.000000000000002        0.000000000000000        0.000000000000002
        0.233333333333333        0.833333333333333       -9.066975871200810       -9.066975871200807        0.000000000000003
        0.266666666666667        0.866666666666667      -15.704462879920891      -15.704462879920885        0.000000000000005
        0.200000000000000        0.900000000000000        0.000000000000002        0.000000000000000        0.000000000000002
        0.233333333333333        0.933333333333333       -4.693412073903582       -4.693412073903577        0.000000000000005
        0.266666666666667        0.966666666666667       -4.693412073903585       -4.693412073903580        0.000000000000005
        0.200000000000000        1.000000000000000        0.000000000000000        0.000000000000000        0.000000000000000
        0.233333333333333        1.033333333333333        2.429488862480729        2.429488862480726        0.000000000000003
        0.266666666666667        1.066666666666667        9.066975871200805        9.066975871200798        0.000000000000008
        0.300000000000000        0.000000000000000      -25.645280493523591      -25.645280493523602        0.000000000000011
        0.333333333333333        0.033333333333333      -30.338692567427173      -30.338692567427184        0.000000000000012
        0.366666666666667        0.066666666666667      -30.338692567427174      -30.338692567427175        0.000000000000001
        0.300000000000000        0.100000000000000      -18.133951742401622      -18.133951742401613        0.000000000000010
        0.333333333333333        0.133333333333333      -15.704462879920891      -15.704462879920878        0.000000000000013
        0.366666666666667        0.166666666666667       -9.066975871200813       -9.066975871200803        0.000000000000010
        0.300000000000000        0.200000000000000       -0.000000000000002       -0.000000000000000        0.000000000000002
        0.333333333333333        0.233333333333333        8.129228172858214        8.129228172858209        0.000000000000004
        0.366666666666667        0.266666666666667       17.516052320665375       17.516052320665369        0.000000000000006
        0.300000000000000        0.300000000000000       18.133951742401620       18.133951742401615        0.000000000000005
        0.333333333333333        0.333333333333333       27.200927613602432       27.200927613602429        0.000000000000002
        0.366666666666667        0.366666666666667       33.838414622322512       33.838414622322511        0.000000000000001
        0.300000000000000        0.400000000000000       25.645280493523591       25.645280493523587        0.000000000000004
        0.333333333333333        0.433333333333333       30.338692567427174       30.338692567427173        0.000000000000001
        0.366666666666667        0.466666666666667       30.338692567427176       30.338692567427179        0.000000000000003
        0.300000000000000        0.500000000000000       18.133951742401624       18.133951742401626        0.000000000000002
        0.333333333333333        0.533333333333333       15.704462879920894       15.704462879920899        0.000000000000005
        0.366666666666667        0.566666666666667        9.066975871200817        9.066975871200821        0.000000000000003
        0.300000000000000        0.600000000000000        0.000000000000005        0.000000000000004        0.000000000000001
        0.333333333333333        0.633333333333333       -8.129228172858210       -8.129228172858213        0.000000000000003
        0.366666666666667        0.666666666666667      -17.516052320665371      -17.516052320665375        0.000000000000004
        0.300000000000000        0.700000000000000      -18.133951742401618      -18.133951742401617        0.000000000000001
        0.333333333333333        0.733333333333333      -27.200927613602430      -27.200927613602430        0.000000000000000
        0.366666666666667        0.766666666666667      -33.838414622322511      -33.838414622322513        0.000000000000002
        0.300000000000000        0.800000000000000      -25.645280493523591      -25.645280493523591        0.000000000000001
        0.333333333333333        0.833333333333333      -30.338692567427175      -30.338692567427177        0.000000000000002
        0.366666666666667        0.866666666666667      -30.338692567427178      -30.338692567427177        0.000000000000001
        0.300000000000000        0.900000000000000      -18.133951742401627      -18.133951742401619        0.000000000000007
        0.333333333333333        0.933333333333333      -15.704462879920897      -15.704462879920888        0.000000000000009
        0.366666666666667        0.966666666666667       -9.066975871200821       -9.066975871200814        0.000000000000007
        0.300000000000000        1.000000000000000       -0.000000000000008       -0.000000000000008        0.000000000000000
        0.333333333333333        1.033333333333333        8.129228172858206        8.129228172858200        0.000000000000006
        0.366666666666667        1.066666666666667       17.516052320665367       17.516052320665358        0.000000000000010
        0.400000000000000        0.000000000000000      -36.267903484803247      -36.267903484803266        0.000000000000019
        0.433333333333333        0.033333333333333      -33.838414622322515      -33.838414622322530        0.000000000000015
        0.466666666666667        0.066666666666667      -27.200927613602438      -27.200927613602442        0.000000000000005
        0.400000000000000        0.100000000000000      -25.645280493523595      -25.645280493523584        0.000000000000011
        0.433333333333333        0.133333333333333      -17.516052320665379      -17.516052320665366        0.000000000000014
        0.466666666666667        0.166666666666667       -8.129228172858218       -8.129228172858210        0.000000000000008
        0.400000000000000        0.200000000000000       -0.000000000000002       -0.000000000000000        0.000000000000002
        0.433333333333333        0.233333333333333        9.066975871200810        9.066975871200806        0.000000000000004
        0.466666666666667        0.266666666666667       15.704462879920890       15.704462879920886        0.000000000000003
        0.400000000000000        0.300000000000000       25.645280493523591       25.645280493523587        0.000000000000004
        0.433333333333333        0.333333333333333       30.338692567427174       30.338692567427173        0.000000000000001
        0.466666666666667        0.366666666666667       30.338692567427176       30.338692567427179        0.000000000000003
        0.400000000000000        0.400000000000000       36.267903484803247       36.267903484803245        0.000000000000002
        0.433333333333333        0.433333333333333       33.838414622322516       33.838414622322517        0.000000000000001
        0.466666666666667        0.466666666666667       27.200927613602440       27.200927613602445        0.000000000000006
        0.400000000000000        0.500000000000000       25.645280493523598       25.645280493523604        0.000000000000006
        0.433333333333333        0.533333333333333       17.516052320665383       17.516052320665390        0.000000000000007
        0.466666666666667        0.566666666666667        8.129228172858222        8.129228172858226        0.000000000000004
        0.400000000000000        0.600000000000000        0.000000000000007        0.000000000000006        0.000000000000001
        0.433333333333333        0.633333333333333       -9.066975871200805       -9.066975871200810        0.000000000000004
        0.466666666666667        0.666666666666667      -15.704462879920886      -15.704462879920892        0.000000000000005
        0.400000000000000        0.700000000000000      -25.645280493523588      -25.645280493523590        0.000000000000002
        0.433333333333333        0.733333333333333      -30.338692567427172      -30.338692567427173        0.000000000000002
        0.466666666666667        0.766666666666667      -30.338692567427175      -30.338692567427181        0.000000000000006
        0.400000000000000        0.800000000000000      -36.267903484803247      -36.267903484803250        0.000000000000003
        0.433333333333333        0.833333333333333      -33.838414622322517      -33.838414622322521        0.000000000000004
        0.466666666666667        0.866666666666667      -27.200927613602441      -27.200927613602444        0.000000000000002
        0.400000000000000        0.900000000000000      -25.645280493523601      -25.645280493523594        0.000000000000007
        0.433333333333333        0.933333333333333      -17.516052320665387      -17.516052320665378        0.000000000000009
        0.466666666666667        0.966666666666667       -8.129228172858226       -8.129228172858221        0.000000000000005
        0.400000000000000        1.000000000000000       -0.000000000000011       -0.000000000000011        0.000000000000000
        0.433333333333333        1.033333333333333        9.066975871200801        9.066975871200795        0.000000000000007
        0.466666666666667        1.066666666666667       15.704462879920883       15.704462879920876        0.000000000000007
        0.500000000000000        0.000000000000000      -25.645280493523598      -25.645280493523618        0.000000000000021
        0.533333333333333        0.033333333333333      -17.516052320665383      -17.516052320665397        0.000000000000014
        0.566666666666667        0.066666666666667       -8.129228172858222       -8.129228172858225        0.000000000000004
        0.500000000000000        0.100000000000000      -18.133951742401627      -18.133951742401624        0.000000000000003
        0.533333333333333        0.133333333333333       -9.066975871200815       -9.066975871200811        0.000000000000004
        0.566666666666667        0.166666666666667       -2.429488862480735       -2.429488862480733        0.000000000000002
        0.500000000000000        0.200000000000000       -0.000000000000002       -0.000000000000000        0.000000000000002
        0.533333333333333        0.233333333333333        4.693412073903581        4.693412073903580        0.000000000000000
        0.566666666666667        0.266666666666667        4.693412073903583        4.693412073903583        0.000000000000000
        0.500000000000000        0.300000000000000       18.133951742401624       18.133951742401626        0.000000000000002
        0.533333333333333        0.333333333333333       15.704462879920894       15.704462879920899        0.000000000000005
        0.566666666666667        0.366666666666667        9.066975871200817        9.066975871200821        0.000000000000003
        0.500000000000000        0.400000000000000       25.645280493523598       25.645280493523604        0.000000000000006
        0.533333333333333        0.433333333333333       17.516052320665383       17.516052320665390        0.000000000000007
        0.566666666666667        0.466666666666667        8.129228172858222        8.129228172858226        0.000000000000004
        0.500000000000000        0.500000000000000       18.133951742401629       18.133951742401638        0.000000000000009
        0.533333333333333        0.533333333333333        9.066975871200817        9.066975871200824        0.000000000000007
        0.566666666666667        0.566666666666667        2.429488862480736        2.429488862480738        0.000000000000002
        0.500000000000000        0.600000000000000        0.000000000000005        0.000000000000004        0.000000000000001
        0.533333333333333        0.633333333333333       -4.693412073903579       -4.693412073903583        0.000000000000004
        0.566666666666667        0.666666666666667       -4.693412073903582       -4.693412073903585        0.000000000000003
        0.500000000000000        0.700000000000000      -18.133951742401622      -18.133951742401629        0.000000000000006
        0.533333333333333        0.733333333333333      -15.704462879920893      -15.704462879920900        0.000000000000007
        0.566666666666667        0.766666666666667       -9.066975871200817       -9.066975871200821        0.000000000000004
        0.500000000000000        0.800000000000000      -25.645280493523598      -25.645280493523607        0.000000000000009
        0.533333333333333        0.833333333333333      -17.516052320665384      -17.516052320665392        0.000000000000008
        0.566666666666667        0.866666666666667       -8.129228172858223       -8.129228172858226        0.000000000000003
        0.500000000000000        0.900000000000000      -18.133951742401631      -18.133951742401631        0.000000000000000
        0.533333333333333        0.933333333333333       -9.066975871200819       -9.066975871200817        0.000000000000001
        0.566666666666667        0.966666666666667       -2.429488862480737       -2.429488862480736        0.000000000000001
        0.500000000000000        1.000000000000000       -0.000000000000008       -0.000000000000008        0.000000000000000
        0.533333333333333        1.033333333333333        4.693412073903576        4.693412073903575        0.000000000000002
        0.566666666666667        1.066666666666667        4.693412073903581        4.693412073903580        0.000000000000001
        0.600000000000000        0.000000000000000       -0.000000000000007       -0.000000000000006        0.000000000000001
        0.633333333333333        0.033333333333333        9.066975871200805        9.066975871200813        0.000000000000008
        0.666666666666667        0.066666666666667       15.704462879920885       15.704462879920890        0.000000000000005
        0.600000000000000        0.100000000000000       -0.000000000000005       -0.000000000000004        0.000000000000001
        0.633333333333333        0.133333333333333        4.693412073903578        4.693412073903576        0.000000000000002
        0.666666666666667        0.166666666666667        4.693412073903580        4.693412073903576        0.000000000000004
        0.600000000000000        0.200000000000000       -0.000000000000000       -0.000000000000000        0.000000000000000
        0.633333333333333        0.233333333333333       -2.429488862480730       -2.429488862480730        0.000000000000000
        0.666666666666667        0.266666666666667       -9.066975871200807       -9.066975871200806        0.000000000000001
        0.600000000000000        0.300000000000000        0.000000000000005        0.000000000000004        0.000000000000001
        0.633333333333333        0.333333333333333       -8.129228172858210       -8.129228172858213        0.000000000000003
        0.666666666666667        0.366666666666667      -17.516052320665371      -17.516052320665375        0.000000000000004
        0.600000000000000        0.400000000000000        0.000000000000007        0.000000000000006        0.000000000000001
        0.633333333333333        0.433333333333333       -9.066975871200805       -9.066975871200810        0.000000000000004
        0.666666666666667        0.466666666666667      -15.704462879920886      -15.704462879920892        0.000000000000005
        0.600000000000000        0.500000000000000        0.000000000000005        0.000000000000004        0.000000000000001
        0.633333333333333        0.533333333333333       -4.693412073903579       -4.693412073903582        0.000000000000004
        0.666666666666667        0.566666666666667       -4.693412073903582       -4.693412073903585        0.000000000000003
        0.600000000000000        0.600000000000000        0.000000000000000        0.000000000000000        0.000000000000000
        0.633333333333333        0.633333333333333        2.429488862480729        2.429488862480731        0.000000000000002
        0.666666666666667        0.666666666666667        9.066975871200805        9.066975871200810        0.000000000000004
        0.600000000000000        0.700000000000000       -0.000000000000005       -0.000000000000004        0.000000000000001
        0.633333333333333        0.733333333333333        8.129228172858209        8.129228172858213        0.000000000000004
        0.666666666666667        0.766666666666667       17.516052320665370       17.516052320665376        0.000000000000005
        0.600000000000000        0.800000000000000       -0.000000000000007       -0.000000000000006        0.000000000000001
        0.633333333333333        0.833333333333333        9.066975871200806        9.066975871200811        0.000000000000005
        0.666666666666667        0.866666666666667       15.704462879920887       15.704462879920891        0.000000000000003
        0.600000000000000        0.900000000000000       -0.000000000000005       -0.000000000000004        0.000000000000001
        0.633333333333333        0.933333333333333        4.693412073903580        4.693412073903579        0.000000000000000
        0.666666666666667        0.966666666666667        4.693412073903584        4.693412073903582        0.000000000000002
        0.600000000000000        1.000000000000000       -0.000000000000000       -0.000000000000000        0.000000000000000
        0.633333333333333        1.033333333333333       -2.429488862480728       -2.429488862480727        0.000000000000001
        0.666666666666667        1.066666666666667       -9.066975871200803       -9.066975871200801        0.000000000000003
        0.700000000000000        0.000000000000000       25.645280493523588       25.645280493523605        0.000000000000017
        0.733333333333333        0.033333333333333       30.338692567427171       30.338692567427185        0.000000000000014
        0.766666666666667        0.066666666666667       30.338692567427173       30.338692567427177        0.000000000000004
        0.700000000000000        0.100000000000000       18.133951742401620       18.133951742401615        0.000000000000005
        0.733333333333333        0.133333333333333       15.704462879920890       15.704462879920878        0.000000000000012
        0.766666666666667        0.166666666666667        9.066975871200813        9.066975871200803        0.000000000000009
        0.700000000000000        0.200000000000000        0.000000000000002        0.000000000000000        0.000000000000002
        0.733333333333333        0.233333333333333       -8.129228172858213       -8.129228172858210        0.000000000000003
        0.766666666666667        0.266666666666667      -17.516052320665374      -17.516052320665370        0.000000000000004
        0.700000000000000        0.300000000000000      -18.133951742401618      -18.133951742401617        0.000000000000001
        0.733333333333333        0.333333333333333      -27.200927613602430      -27.200927613602430        0.000000000000000
        0.766666666666667        0.366666666666667      -33.838414622322511      -33.838414622322513        0.000000000000002
        0.700000000000000        0.400000000000000      -25.645280493523588      -25.645280493523590        0.000000000000002
        0.733333333333333        0.433333333333333      -30.338692567427172      -30.338692567427173        0.000000000000002
        0.766666666666667        0.466666666666667      -30.338692567427175      -30.338692567427181        0.000000000000005
        0.700000000000000        0.500000000000000      -18.133951742401622      -18.133951742401629        0.000000000000006
        0.733333333333333        0.533333333333333      -15.704462879920893      -15.704462879920900        0.000000000000007
        0.766666666666667        0.566666666666667       -9.066975871200817       -9.066975871200821        0.000000000000004
        0.700000000000000        0.600000000000000       -0.000000000000005       -0.000000000000004        0.000000000000001
        0.733333333333333        0.633333333333333        8.129228172858209        8.129228172858213        0.000000000000004
        0.766666666666667        0.666666666666667       17.516052320665370       17.516052320665376        0.000000000000005
        0.700000000000000        0.700000000000000       18.133951742401616       18.133951742401619        0.000000000000004
        0.733333333333333        0.733333333333333       27.200927613602428       27.200927613602431        0.000000000000003
        0.766666666666667        0.766666666666667       33.838414622322510       33.838414622322515        0.000000000000005
        0.700000000000000        0.800000000000000       25.645280493523588       25.645280493523594        0.000000000000006
        0.733333333333333        0.833333333333333       30.338692567427173       30.338692567427177        0.000000000000005
        0.766666666666667        0.866666666666667       30.338692567427177       30.338692567427179        0.000000000000002
        0.700000000000000        0.900000000000000       18.133951742401624       18.133951742401622        0.000000000000003
        0.733333333333333        0.933333333333333       15.704462879920896       15.704462879920889        0.000000000000008
        0.766666666666667        0.966666666666667        9.066975871200821        9.066975871200815        0.000000000000006
        0.700000000000000        1.000000000000000        0.000000000000008        0.000000000000008        0.000000000000000
        0.733333333333333        1.033333333333333       -8.129228172858206       -8.129228172858200        0.000000000000006
        0.766666666666667        1.066666666666667      -17.516052320665367      -17.516052320665359        0.000000000000008
        0.800000000000000        0.000000000000000       36.267903484803247       36.267903484803271        0.000000000000025
        0.833333333333333        0.033333333333333       33.838414622322516       33.838414622322534        0.000000000000018
        0.866666666666667        0.066666666666667       27.200927613602440       27.200927613602441        0.000000000000001
        0.800000000000000        0.100000000000000       25.645280493523595       25.645280493523588        0.000000000000007
        0.833333333333333        0.133333333333333       17.516052320665380       17.516052320665368        0.000000000000012
        0.866666666666667        0.166666666666667        8.129228172858219        8.129228172858210        0.000000000000009
        0.800000000000000        0.200000000000000        0.000000000000002        0.000000000000000        0.000000000000002
        0.833333333333333        0.233333333333333       -9.066975871200810       -9.066975871200807        0.000000000000003
        0.866666666666667        0.266666666666667      -15.704462879920891      -15.704462879920885        0.000000000000005
        0.800000000000000        0.300000000000000      -25.645280493523591      -25.645280493523591        0.000000000000001
        0.833333333333333        0.333333333333333      -30.338692567427175      -30.338692567427177        0.000000000000002
        0.866666666666667        0.366666666666667      -30.338692567427178      -30.338692567427177        0.000000000000001
        0.800000000000000        0.400000000000000      -36.267903484803247      -36.267903484803250        0.000000000000003
        0.833333333333333        0.433333333333333      -33.838414622322517      -33.838414622322521        0.000000000000004
        0.866666666666667        0.466666666666667      -27.200927613602441      -27.200927613602444        0.000000000000002
        0.800000000000000        0.500000000000000      -25.645280493523598      -25.645280493523607        0.000000000000009
        0.833333333333333        0.533333333333333      -17.516052320665384      -17.516052320665392        0.000000000000008
        0.866666666666667        0.566666666666667       -8.129228172858223       -8.129228172858226        0.000000000000003
        0.800000000000000        0.600000000000000       -0.000000000000007       -0.000000000000006        0.000000000000001
        0.833333333333333        0.633333333333333        9.066975871200806        9.066975871200811        0.000000000000005
        0.866666666666667        0.666666666666667       15.704462879920887       15.704462879920891        0.000000000000003
        0.800000000000000        0.700000000000000       25.645280493523588       25.645280493523594        0.000000000000006
        0.833333333333333        0.733333333333333       30.338692567427173       30.338692567427177        0.000000000000005
        0.866666666666667        0.766666666666667       30.338692567427177       30.338692567427179        0.000000000000002
        0.800000000000000        0.800000000000000       36.267903484803247       36.267903484803255        0.000000000000009
        0.833333333333333        0.833333333333333       33.838414622322519       33.838414622322525        0.000000000000007
        0.866666666666667        0.866666666666667       27.200927613602443       27.200927613602442        0.000000000000001
        0.800000000000000        0.900000000000000       25.645280493523601       25.645280493523597        0.000000000000004
        0.833333333333333        0.933333333333333       17.516052320665387       17.516052320665380        0.000000000000008
        0.866666666666667        0.966666666666667        8.129228172858226        8.129228172858220        0.000000000000006
        0.800000000000000        1.000000000000000        0.000000000000011        0.000000000000011        0.000000000000000
        0.833333333333333        1.033333333333333       -9.066975871200802       -9.066975871200796        0.000000000000006
        0.866666666666667        1.066666666666667      -15.704462879920884      -15.704462879920875        0.000000000000009
        0.900000000000000        0.000000000000000       25.645280493523601       25.645280493523609        0.000000000000008
        0.933333333333333        0.033333333333333       17.516052320665386       17.516052320665384        0.000000000000002
        0.966666666666667        0.066666666666667        8.129228172858225        8.129228172858220        0.000000000000006
        0.900000000000000        0.100000000000000       18.133951742401629       18.133951742401617        0.000000000000012
        0.933333333333333        0.133333333333333        9.066975871200817        9.066975871200805        0.000000000000012
        0.966666666666667        0.166666666666667        2.429488862480736        2.429488862480731        0.000000000000005
        0.900000000000000        0.200000000000000        0.000000000000002        0.000000000000000        0.000000000000002
        0.933333333333333        0.233333333333333       -4.693412073903582       -4.693412073903577        0.000000000000005
        0.966666666666667        0.266666666666667       -4.693412073903585       -4.693412073903580        0.000000000000005
        0.900000000000000        0.300000000000000      -18.133951742401627      -18.133951742401619        0.000000000000007
        0.933333333333333        0.333333333333333      -15.704462879920897      -15.704462879920888        0.000000000000009
        0.966666666666667        0.366666666666667       -9.066975871200821       -9.066975871200814        0.000000000000007
        0.900000000000000        0.400000000000000      -25.645280493523601      -25.645280493523594        0.000000000000007
        0.933333333333333        0.433333333333333      -17.516052320665387      -17.516052320665378        0.000000000000009
        0.966666666666667        0.466666666666667       -8.129228172858226       -8.129228172858221        0.000000000000005
        0.900000000000000        0.500000000000000      -18.133951742401631      -18.133951742401631        0.000000000000000
        0.933333333333333        0.533333333333333       -9.066975871200819       -9.066975871200817        0.000000000000001
        0.966666666666667        0.566666666666667       -2.429488862480737       -2.429488862480736        0.000000000000001
        0.900000000000000        0.600000000000000       -0.000000000000005       -0.000000000000004        0.000000000000001
        0.933333333333333        0.633333333333333        4.693412073903580        4.693412073903579        0.000000000000000
        0.966666666666667        0.666666666666667        4.693412073903584        4.693412073903582        0.000000000000002
        0.900000000000000        0.700000000000000       18.133951742401624       18.133951742401622        0.000000000000003
        0.933333333333333        0.733333333333333       15.704462879920896       15.704462879920889        0.000000000000008
        0.966666666666667        0.766666666666667        9.066975871200821        9.066975871200815        0.000000000000006
        0.900000000000000        0.800000000000000       25.645280493523601       25.645280493523597        0.000000000000004
        0.933333333333333        0.833333333333333       17.516052320665387       17.516052320665380        0.000000000000008
        0.966666666666667        0.866666666666667        8.129228172858226        8.129228172858220        0.000000000000006
        0.900000000000000        0.900000000000000       18.133951742401633       18.133951742401624        0.000000000000009
        0.933333333333333        0.933333333333333        9.066975871200821        9.066975871200811        0.000000000000010
        0.966666666666667        0.966666666666667        2.429488862480738        2.429488862480734        0.000000000000004
        0.900000000000000        1.000000000000000        0.000000000000008        0.000000000000008        0.000000000000000
        0.933333333333333        1.033333333333333       -4.693412073903577       -4.693412073903571        0.000000000000006
        0.966666666666667        1.066666666666667       -4.693412073903583       -4.693412073903577        0.000000000000006
        1.000000000000000        0.000000000000000        0.000000000000011        0.000000000000011        0.000000000000000
        1.033333333333333        0.033333333333333       -9.066975871200801       -9.066975871200798        0.000000000000003
        1.066666666666667        0.066666666666667      -15.704462879920882      -15.704462879920875        0.000000000000007
        1.000000000000000        0.100000000000000        0.000000000000008        0.000000000000008        0.000000000000000
        1.033333333333333        0.133333333333333       -4.693412073903576       -4.693412073903568        0.000000000000007
        1.066666666666667        0.166666666666667       -4.693412073903579       -4.693412073903571        0.000000000000008
        1.000000000000000        0.200000000000000        0.000000000000000        0.000000000000000        0.000000000000000
        1.033333333333333        0.233333333333333        2.429488862480729        2.429488862480726        0.000000000000003
        1.066666666666667        0.266666666666667        9.066975871200805        9.066975871200798        0.000000000000008
        1.000000000000000        0.300000000000000       -0.000000000000008       -0.000000000000008        0.000000000000000
        1.033333333333333        0.333333333333333        8.129228172858206        8.129228172858200        0.000000000000006
        1.066666666666667        0.366666666666667       17.516052320665367       17.516052320665358        0.000000000000010
        1.000000000000000        0.400000000000000       -0.000000000000011       -0.000000000000011        0.000000000000000
        1.033333333333333        0.433333333333333        9.066975871200801        9.066975871200795        0.000000000000007
        1.066666666666667        0.466666666666667       15.704462879920883       15.704462879920876        0.000000000000007
        1.000000000000000        0.500000000000000       -0.000000000000008       -0.000000000000008        0.000000000000000
        1.033333333333333        0.533333333333333        4.693412073903576        4.693412073903575        0.000000000000002
        1.066666666666667        0.566666666666667        4.693412073903581        4.693412073903580        0.000000000000001
        1.000000000000000        0.600000000000000       -0.000000000000000       -0.000000000000000        0.000000000000000
        1.033333333333333        0.633333333333333       -2.429488862480728       -2.429488862480727        0.000000000000001
        1.066666666666667        0.666666666666667       -9.066975871200803       -9.066975871200801        0.000000000000003
        1.000000000000000        0.700000000000000        0.000000000000008        0.000000000000008        0.000000000000000
        1.033333333333333        0.733333333333333       -8.129228172858206       -8.129228172858200        0.000000000000006
        1.066666666666667        0.766666666666667      -17.516052320665367      -17.516052320665359        0.000000000000008
        1.000000000000000        0.800000000000000        0.000000000000011        0.000000000000011        0.000000000000000
        1.033333333333333        0.833333333333333       -9.066975871200802       -9.066975871200796        0.000000000000006
        1.066666666666667        0.866666666666667      -15.704462879920884      -15.704462879920875        0.000000000000009
        1.000000000000000        0.900000000000000        0.000000000000008        0.000000000000008        0.000000000000000
        1.033333333333333        0.933333333333333       -4.693412073903577       -4.693412073903571        0.000000000000006
        1.066666666666667        0.966666666666667       -4.693412073903583       -4.693412073903577        0.000000000000006
        1.000000000000000        1.000000000000000        0.000000000000000        0.000000000000000        0.000000000000000
        1.033333333333333        1.033333333333333        2.429488862480727        2.429488862480723        0.000000000000004
        1.066666666666667        1.066666666666667        9.066975871200801        9.066975871200792        0.000000000000010
