        0.000000000000000        0.000000000000000        0.070477893705765        0.036793590161996        0.033684303543768
        0.033333333333333        0.033333333333333        0.065756770030088        0.034328886969359        0.031427883060729
        0.066666666666667        0.066666666666667        0.052858420279323        0.027595192621497        0.025263227657826
        0.000000000000000        0.100000000000000        0.049835396563091        0.026016997107746        0.023818399455345
        0.033333333333333        0.133333333333333        0.034038208856427        0.017769939489684        0.016268269366743
        0.066666666666667        0.166666666666667        0.015797187706664        0.008247057618062        0.007550130088602
        0.000000000000000        0.200000000000000        0.000000000000000        0.000000000000000        0.000000000000000
        0.033333333333333        0.233333333333333       -0.017619473426441       -0.009198397540499        0.008421075885942
        0.066666666666667        0.266666666666667       -0.030517823177206       -0.015932091888361        0.014585731288845
        0.000000000000000        0.300000000000000       -0.049835396563091       -0.026016997107746        0.023818399455345
        0.033333333333333        0.333333333333333       -0.058955907137972       -0.030778438043557        0.028177469094415
        0.066666666666667        0.366666666666667       -0.058955907137972       -0.030778438043557        0.028177469094415
        0.000000000000000        0.400000000000000       -0.070477893705765       -0.036793590161996        0.033684303543768
        0.033333333333333        0.433333333333333       -0.065756770030088       -0.034328886969359        0.031427883060729
        0.066666666666667        0.466666666666667       -0.052858420279323       -0.027595192621497        0.025263227657826
        0.000000000000000        0.500000000000000       -0.049835396563091       -0.026016997107746        0.023818399455345
        0.033333333333333        0.533333333333333       -0.034038208856427       -0.017769939489684        0.016268269366743
        0.066666666666667        0.566666666666667       -0.015797187706664       -0.008247057618062        0.007550130088602
        0.000000000000000        0.600000000000000       -0.000000000000000       -0.000000000000000        0.000000000000000
        0.033333333333333        0.633333333333333        0.017619473426441        0.009198397540499        0.008421075885942
        0.066666666666667        0.666666666666667        0.030517823177206        0.015932091888361        0.014585731288845
        0.000000000000000        0.700000000000000        0.049835396563091        0.026016997107746        0.023818399455345
        0.033333333333333        0.733333333333333        0.058955907137972        0.030778438043557        0.028177469094415
        0.066666666666667        0.766666666666667        0.058955907137972        0.030778438043557        0.028177469094415
        0.000000000000000        0.800000000000000        0.070477893705765        0.036793590161996        0.033684303543768
        0.033333333333333        0.833333333333333        0.065756770030088        0.034328886969359        0.031427883060729
        0.066666666666667        0.866666666666667        0.052858420279323        0.027595192621497        0.025263227657826
        0.000000000000000        0.900000000000000        0.049835396563091        0.026016997107746        0.023818399455345
        0.033333333333333        0.933333333333333        0.034038208856427        0.017769939489684        0.016268269366743
        0.066666666666667        0.966666666666667        0.015797187706664        0.008247057618062        0.007550130088602
        0.000000000000000        1.000000000000000        0.000000000000000        0.000000000000000        0.000000000000000
        0.033333333333333        1.033333333333333       -0.017619473426441       -0.009198397540499        0.008421075885942
        0.066666666666667        1.066666666666667       -0.030517823177206       -0.015932091888361        0.014585731288845
        0.100000000000000        0.000000000000000        0.049835396563091        0.026016997107746        0.023818399455345
        0.133333333333333        0.033333333333333        0.034038208856427        0.017769939489684        0.016268269366743
        0.166666666666667        0.066666666666667        0.015797187706664        0.008247057618062        0.007550130088602
        0.100000000000000        0.100000000000000        0.035238946852882        0.018396795080998        0.016842151771884
        0.133333333333333        0.133333333333333        0.017619473426441        0.009198397540499        0.008421075885942
        0.166666666666667        0.166666666666667        0.004721123675677        0.002464703192637        0.002256420483039
        0.100000000000000        0.200000000000000        0.000000000000000        0.000000000000000        0.000000000000000
        0.133333333333333        0.233333333333333       -0.009120510574881       -0.004761440935811        0.004359069639071
        0.166666666666667        0.266666666666667       -0.009120510574881       -0.004761440935811        0.004359069639071
        0.100000000000000        0.300000000000000       -0.035238946852882       -0.018396795080998        0.016842151771884
        0.133333333333333        0.333333333333333       -0.030517823177206       -0.015932091888361        0.014585731288845
        0.166666666666667        0.366666666666667       -0.017619473426441       -0.009198397540499        0.008421075885942
        0.100000000000000        0.400000000000000       -0.049835396563091       -0.026016997107746        0.023818399455345
        0.133333333333333        0.433333333333333       -0.034038208856427       -0.017769939489684        0.016268269366743
        0.166666666666667        0.466666666666667       -0.015797187706664       -0.008247057618062        0.007550130088602
        0.100000000000000        0.500000000000000       -0.035238946852882       -0.018396795080998        0.016842151771884
        0.133333333333333        0.533333333333333       -0.017619473426441       -0.009198397540499        0.008421075885942
        0.166666666666667        0.566666666666667       -0.004721123675677       -0.002464703192637        0.002256420483039
        0.100000000000000        0.600000000000000       -0.000000000000000       -0.000000000000000        0.000000000000000
        0.133333333333333        0.633333333333333        0.009120510574881        0.004761440935811        0.004359069639071
        0.166666666666667        0.666666666666667        0.009120510574881        0.004761440935811        0.004359069639071
        0.100000000000000        0.700000000000000        0.035238946852882        0.018396795080998        0.016842151771884
        0.133333333333333        0.733333333333333        0.030517823177206        0.015932091888361        0.014585731288845
        0.166666666666667        0.766666666666667        0.017619473426441        0.009198397540499        0.008421075885942
        0.100000000000000        0.800000000000000        0.049835396563091        0.026016997107746        0.023818399455345
        0.133333333333333        0.833333333333333        0.034038208856427        0.017769939489684        0.016268269366743
        0.166666666666667        0.866666666666667        0.015797187706664        0.008247057618062        0.007550130088602
        0.100000000000000        0.900000000000000        0.035238946852882        0.018396795080998        0.016842151771884
        0.133333333333333        0.933333333333333        0.017619473426441        0.009198397540499        0.008421075885942
        0.166666666666667        0.966666666666667        0.004721123675677        0.002464703192637        0.002256420483039
        0.100000000000000        1.000000000000000        0.000000000000000        0.000000000000000        0.000000000000000
        0.133333333333333        1.033333333333333       -0.009120510574881       -0.004761440935811        0.004359069639071
        0.166666666666667        1.066666666666667       -0.009120510574881       -0.004761440935811        0.004359069639071
        0.200000000000000        0.000000000000000        0.000000000000000        0.000000000000000        0.000000000000000
        0.233333333333333        0.033333333333333       -0.017619473426441       -0.009198397540499        0.008421075885942
        0.266666666666667        0.066666666666667       -0.030517823177206       -0.015932091888361        0.014585731288845
        0.200000000000000        0.100000000000000        0.000000000000000        0.000000000000000        0.000000000000000
        0.233333333333333        0.133333333333333       -0.009120510574881       -0.004761440935811        0.004359069639071
        0.266666666666667        0.166666666666667       -0.009120510574881       -0.004761440935811        0.004359069639071
        0.200000000000000        0.200000000000000        0.000000000000000        0.000000000000000        0.000000000000000
        0.233333333333333        0.233333333333333        0.004721123675677        0.002464703192637        0.002256420483039
        0.266666666666667        0.266666666666667        0.017619473426441        0.009198397540499        0.008421075885942
        0.200000000000000        0.300000000000000       -0.000000000000000       -0.000000000000000        0.000000000000000
        0.233333333333333        0.333333333333333        0.015797187706664        0.008247057618062        0.007550130088602
        0.266666666666667        0.366666666666667        0.034038208856427        0.017769939489684        0.016268269366743
        0.200000000000000        0.400000000000000       -0.000000000000000       -0.000000000000000        0.000000000000000
        0.233333333333333        0.433333333333333        0.017619473426441        0.009198397540499        0.008421075885942
        0.266666666666667        0.466666666666667        0.030517823177206        0.015932091888361        0.014585731288845
        0.200000000000000        0.500000000000000       -0.000000000000000       -0.000000000000000        0.000000000000000
        0.233333333333333        0.533333333333333        0.009120510574881        0.004761440935811        0.004359069639071
        0.266666666666667        0.566666666666667        0.009120510574881        0.004761440935811        0.004359069639071
        0.200000000000000        0.600000000000000       -0.000000000000000        0.000000000000000        0.000000000000000
        0.233333333333333        0.633333333333333       -0.004721123675677       -0.002464703192637        0.002256420483039
        0.266666666666667        0.666666666666667       -0.017619473426441       -0.009198397540499        0.008421075885942
        0.200000000000000        0.700000000000000        0.000000000000000        0.000000000000000        0.000000000000000
        0.233333333333333        0.733333333333333       -0.015797187706664       -0.008247057618062        0.007550130088602
        0.266666666666667        0.766666666666667       -0.034038208856427       -0.017769939489684        0.016268269366743
        0.200000000000000        0.800000000000000        0.000000000000000        0.000000000000000        0.000000000000000
        0.233333333333333        0.833333333333333       -0.017619473426441       -0.009198397540499        0.008421075885942
        0.266666666666667        0.866666666666667       -0.030517823177206       -0.015932091888361        0.014585731288845
        0.200000000000000        0.900000000000000        0.000000000000000        0.000000000000000        0.000000000000000
        0.233333333333333        0.933333333333333       -0.009120510574881       -0.004761440935811        0.004359069639071
        0.266666666666667        0.966666666666667       -0.009120510574881       -0.004761440935811        0.004359069639071
        0.200000000000000        1.000000000000000        0.000000000000000        0.000000000000000        0.000000000000000
        0.233333333333333        1.033333333333333        0.004721123675677        0.002464703192637        0.002256420483039
        0.266666666666667        1.066666666666667        0.017619473426441        0.009198397540499        0.008421075885942
        0.300000000000000        0.000000000000000       -0.049835396563091       -0.026016997107746        0.023818399455345
        0.333333333333333        0.033333333333333       -0.058955907137972       -0.030778438043557        0.028177469094415
        0.366666666666667        0.066666666666667       -0.058955907137972       -0.030778438043557        0.028177469094415
        0.300000000000000        0.100000000000000       -0.035238946852882       -0.018396795080998        0.016842151771884
        0.333333333333333        0.133333333333333       -0.030517823177206       -0.015932091888361        0.014585731288845
        0.366666666666667        0.166666666666667       -0.017619473426441       -0.009198397540499        0.008421075885942
        0.300000000000000        0.200000000000000       -0.000000000000000       -0.000000000000000        0.000000000000000
        0.333333333333333        0.233333333333333        0.015797187706664        0.008247057618062        0.007550130088602
        0.366666666666667        0.266666666666667        0.034038208856427        0.017769939489684        0.016268269366743
        0.300000000000000        0.300000000000000        0.035238946852882        0.018396795080998        0.016842151771884
        0.333333333333333        0.333333333333333        0.052858420279323        0.027595192621497        0.025263227657826
        0.366666666666667        0.366666666666667        0.065756770030088        0.034328886969359        0.031427883060729
        0.300000000000000        0.400000000000000        0.049835396563091        0.026016997107746        0.023818399455345
        0.333333333333333        0.433333333333333        0.058955907137972        0.030778438043557        0.028177469094415
        0.366666666666667        0.466666666666667        0.058955907137972        0.030778438043557        0.028177469094415
        0.300000000000000        0.500000000000000        0.035238946852882        0.018396795080998        0.016842151771884
        0.333333333333333        0.533333333333333        0.030517823177206        0.015932091888361        0.014585731288845
        0.366666666666667        0.566666666666667        0.017619473426441        0.009198397540499        0.008421075885942
        0.300000000000000        0.600000000000000        0.000000000000000        0.000000000000000        0.000000000000000
        0.333333333333333        0.633333333333333       -0.015797187706664       -0.008247057618062        0.007550130088602
        0.366666666666667        0.666666666666667       -0.034038208856427       -0.017769939489684        0.016268269366743
        0.300000000000000        0.700000000000000       -0.035238946852882       -0.018396795080998        0.016842151771884
        0.333333333333333        0.733333333333333       -0.052858420279323       -0.027595192621497        0.025263227657826
        0.366666666666667        0.766666666666667       -0.065756770030088       -0.034328886969359        0.031427883060729
        0.300000000000000        0.800000000000000       -0.049835396563091       -0.026016997107746        0.023818399455345
        0.333333333333333        0.833333333333333       -0.058955907137972       -0.030778438043557        0.028177469094415
        0.366666666666667        0.866666666666667       -0.058955907137972       -0.030778438043557        0.028177469094415
        0.300000000000000        0.900000000000000       -0.035238946852882       -0.018396795080998        0.016842151771884
        0.333333333333333        0.933333333333333       -0.030517823177206       -0.015932091888361        0.014585731288845
        0.366666666666667        0.966666666666667       -0.017619473426441       -0.009198397540499        0.008421075885942
        0.300000000000000        1.000000000000000       -0.000000000000000       -0.000000000000000        0.000000000000000
        0.333333333333333        1.033333333333333        0.015797187706664        0.008247057618062        0.007550130088602
        0.366666666666667        1.066666666666667        0.034038208856427        0.017769939489684        0.016268269366743
        0.400000000000000        0.000000000000000       -0.070477893705765       -0.036793590161996        0.033684303543768
        0.433333333333333        0.033333333333333       -0.065756770030088       -0.034328886969359        0.031427883060729
        0.466666666666667        0.066666666666667       -0.052858420279323       -0.027595192621497        0.025263227657826
        0.400000000000000        0.100000000000000       -0.049835396563091       -0.026016997107746        0.023818399455345
        0.433333333333333        0.133333333333333       -0.034038208856427       -0.017769939489684        0.016268269366743
        0.466666666666667        0.166666666666667       -0.015797187706664       -0.008247057618062        0.007550130088602
        0.400000000000000        0.200000000000000       -0.000000000000000       -0.000000000000000        0.000000000000000
        0.433333333333333        0.233333333333333        0.017619473426441        0.009198397540499        0.008421075885942
        0.466666666666667        0.266666666666667        0.030517823177206        0.015932091888361        0.014585731288845
        0.400000000000000        0.300000000000000        0.049835396563091        0.026016997107746        0.023818399455345
        0.433333333333333        0.333333333333333        0.058955907137972        0.030778438043557        0.028177469094415
        0.466666666666667        0.366666666666667        0.058955907137972        0.030778438043557        0.028177469094415
        0.400000000000000        0.400000000000000        0.070477893705765        0.036793590161996        0.033684303543768
        0.433333333333333        0.433333333333333        0.065756770030088        0.034328886969359        0.031427883060729
        0.466666666666667        0.466666666666667        0.052858420279323        0.027595192621497        0.025263227657826
        0.400000000000000        0.500000000000000        0.049835396563091        0.026016997107746        0.023818399455345
        0.433333333333333        0.533333333333333        0.034038208856427        0.017769939489684        0.016268269366743
        0.466666666666667        0.566666666666667        0.015797187706664        0.008247057618062        0.007550130088602
        0.400000000000000        0.600000000000000        0.000000000000000        0.000000000000000        0.000000000000000
        0.433333333333333        0.633333333333333       -0.017619473426441       -0.009198397540499        0.008421075885942
        0.466666666666667        0.666666666666667       -0.030517823177206       -0.015932091888361        0.014585731288845
        0.400000000000000        0.700000000000000       -0.049835396563091       -0.026016997107746        0.023818399455345
        0.433333333333333        0.733333333333333       -0.058955907137972       -0.030778438043557        0.028177469094415
        0.466666666666667        0.766666666666667       -0.058955907137972       -0.030778438043557        0.028177469094415
        0.400000000000000        0.800000000000000       -0.070477893705765       -0.036793590161996        0.033684303543768
        0.433333333333333        0.833333333333333       -0.065756770030088       -0.034328886969359        0.031427883060729
        0.466666666666667        0.866666666666667       -0.052858420279323       -0.027595192621497        0.025263227657826
        0.400000000000000        0.900000000000000       -0.049835396563091       -0.026016997107746        0.023818399455345
        0.433333333333333        0.933333333333333       -0.034038208856427       -0.017769939489684        0.016268269366743
        0.466666666666667        0.966666666666667       -0.015797187706664       -0.008247057618062        0.007550130088602
        0.400000000000000        1.000000000000000       -0.000000000000000       -0.000000000000000        0.000000000000000
        0.433333333333333        1.033333333333333        0.017619473426441        0.009198397540499        0.008421075885942
        0.466666666666667        1.066666666666667        0.030517823177206        0.015932091888361        0.014585731288845
        0.500000000000000        0.000000000000000       -0.049835396563091       -0.026016997107746        0.023818399455345
        0.533333333333333        0.033333333333333       -0.034038208856427       -0.017769939489684        0.016268269366743
        0.566666666666667        0.066666666666667       -0.015797187706664       -0.008247057618062        0.007550130088602
        0.500000000000000        0.100000000000000       -0.035238946852882       -0.018396795080998        0.016842151771884
        0.533333333333333        0.133333333333333       -0.017619473426441       -0.009198397540499        0.008421075885942
        0.566666666666667        0.166666666666667       -0.004721123675677       -0.002464703192637        0.002256420483039
        0.500000000000000        0.200000000000000       -0.000000000000000       -0.000000000000000        0.000000000000000
        0.533333333333333        0.233333333333333        0.009120510574881        0.004761440935811        0.004359069639071
        0.566666666666667        0.266666666666667        0.009120510574881        0.004761440935811        0.004359069639071
        0.500000000000000        0.300000000000000        0.035238946852882        0.018396795080998        0.016842151771884
        0.533333333333333        0.333333333333333        0.030517823177206        0.015932091888361        0.014585731288845
        0.566666666666667        0.366666666666667        0.017619473426441        0.009198397540499        0.008421075885942
        0.500000000000000        0.400000000000000        0.049835396563091        0.026016997107746        0.023818399455345
        0.533333333333333        0.433333333333333        0.034038208856427        0.017769939489684        0.016268269366743
        0.566666666666667        0.466666666666667        0.015797187706664        0.008247057618062        0.007550130088602
        0.500000000000000        0.500000000000000        0.035238946852882        0.018396795080998        0.016842151771884
        0.533333333333333        0.533333333333333        0.017619473426441        0.009198397540499        0.008421075885942
        0.566666666666667        0.566666666666667        0.004721123675677        0.002464703192637        0.002256420483039
        0.500000000000000        0.600000000000000        0.000000000000000        0.000000000000000        0.000000000000000
        0.533333333333333        0.633333333333333       -0.009120510574881       -0.004761440935811        0.004359069639071
        0.566666666666667        0.666666666666667       -0.009120510574881       -0.004761440935811        0.004359069639071
        0.500000000000000        0.700000000000000       -0.035238946852882       -0.018396795080998        0.016842151771884
        0.533333333333333        0.733333333333333       -0.030517823177206       -0.015932091888361        0.014585731288845
        0.566666666666667        0.766666666666667       -0.017619473426441       -0.009198397540499        0.008421075885942
        0.500000000000000        0.800000000000000       -0.049835396563091       -0.026016997107746        0.023818399455345
        0.533333333333333        0.833333333333333       -0.034038208856427       -0.017769939489684        0.016268269366743
        0.566666666666667        0.866666666666667       -0.015797187706664       -0.008247057618062        0.007550130088602
        0.500000000000000        0.900000000000000       -0.035238946852882       -0.018396795080998        0.016842151771884
        0.533333333333333        0.933333333333333       -0.017619473426441       -0.009198397540499        0.008421075885942
        0.566666666666667        0.966666666666667       -0.004721123675677       -0.002464703192637        0.002256420483039
        0.500000000000000        1.000000000000000       -0.000000000000000       -0.000000000000000        0.000000000000000
        0.533333333333333        1.033333333333333        0.009120510574881        0.004761440935811        0.004359069639071
        0.566666666666667        1.066666666666667        0.009120510574881        0.004761440935811        0.004359069639071
        0.600000000000000        0.000000000000000       -0.000000000000000       -0.000000000000000        0.000000000000000
        0.633333333333333        0.033333333333333        0.017619473426441        0.009198397540499        0.008421075885942
        0.666666666666667        0.066666666666667        0.030517823177206        0.015932091888361        0.014585731288845
        0.600000000000000        0.100000000000000       -0.000000000000000       -0.000000000000000        0.000000000000000
        0.633333333333333        0.133333333333333        0.009120510574881        0.004761440935811        0.004359069639071
        0.666666666666667        0.166666666666667        0.009120510574881        0.004761440935811        0.004359069639071
        0.600000000000000        0.200000000000000       -0.000000000000000        0.000000000000000        0.000000000000000
        0.633333333333333        0.233333333333333       -0.004721123675677       -0.002464703192637        0.002256420483039
        0.666666666666667        0.266666666666667       -0.017619473426441       -0.009198397540499        0.008421075885942
        0.600000000000000        0.300000000000000        0.000000000000000        0.000000000000000        0.000000000000000
        0.633333333333333        0.333333333333333       -0.015797187706664       -0.008247057618062        0.007550130088602
        0.666666666666667        0.366666666666667       -0.034038208856427       -0.017769939489684        0.016268269366743
        0.600000000000000        0.400000000000000        0.000000000000000        0.000000000000000        0.000000000000000
        0.633333333333333        0.433333333333333       -0.017619473426441       -0.009198397540499        0.008421075885942
        0.666666666666667        0.466666666666667       -0.030517823177206       -0.015932091888361        0.014585731288845
        0.600000000000000        0.500000000000000        0.000000000000000        0.000000000000000        0.000000000000000
        0.633333333333333        0.533333333333333       -0.009120510574881       -0.004761440935811        0.004359069639071
        0.666666666666667        0.566666666666667       -0.009120510574881       -0.004761440935811        0.004359069639071
        0.600000000000000        0.600000000000000        0.000000000000000        0.000000000000000        0.000000000000000
        0.633333333333333        0.633333333333333        0.004721123675677        0.002464703192637        0.002256420483039
        0.666666666666667        0.666666666666667        0.017619473426441        0.009198397540499        0.008421075885942
        0.600000000000000        0.700000000000000       -0.000000000000000       -0.000000000000000        0.000000000000000
        0.633333333333333        0.733333333333333        0.015797187706664        0.008247057618062        0.007550130088602
        0.666666666666667        0.766666666666667        0.034038208856427        0.017769939489684        0.016268269366743
        0.600000000000000        0.800000000000000       -0.000000000000000       -0.000000000000000        0.000000000000000
        0.633333333333333        0.833333333333333        0.017619473426441        0.009198397540499        0.008421075885942
        0.666666666666667        0.866666666666667        0.030517823177206        0.015932091888361        0.014585731288845
        0.600000000000000        0.900000000000000       -0.000000000000000       -0.000000000000000        0.000000000000000
        0.633333333333333        0.933333333333333        0.009120510574881        0.004761440935811        0.004359069639071
        0.666666666666667        0.966666666666667        0.009120510574881        0.004761440935811        0.004359069639071
        0.600000000000000        1.000000000000000       -0.000000000000000       -0.000000000000000        0.000000000000000
        0.633333333333333        1.033333333333333       -0.004721123675677       -0.002464703192637        0.002256420483039
        0.666666666666667        1.066666666666667       -0.017619473426441       -0.009198397540499        0.008421075885942
        0.700000000000000        0.000000000000000        0.049835396563091        0.026016997107746        0.023818399455345
        0.733333333333333        0.033333333333333        0.058955907137972        0.030778438043557        0.028177469094415
        0.766666666666667        0.066666666666667        0.058955907137972        0.030778438043557        0.028177469094415
        0.700000000000000        0.100000000000000        0.035238946852882        0.018396795080998        0.016842151771884
        0.733333333333333        0.133333333333333        0.030517823177206        0.015932091888361        0.014585731288845
        0.766666666666667        0.166666666666667        0.017619473426441        0.009198397540499        0.008421075885942
        0.700000000000000        0.200000000000000        0.000000000000000        0.000000000000000        0.000000000000000
        0.733333333333333        0.233333333333333       -0.015797187706664       -0.008247057618062        0.007550130088602
        0.766666666666667        0.266666666666667       -0.034038208856427       -0.017769939489684        0.016268269366743
        0.700000000000000        0.300000000000000       -0.035238946852882       -0.018396795080998        0.016842151771884
        0.733333333333333        0.333333333333333       -0.052858420279323       -0.027595192621497        0.025263227657826
        0.766666666666667        0.366666666666667       -0.065756770030088       -0.034328886969359        0.031427883060729
        0.700000000000000        0.400000000000000       -0.049835396563091       -0.026016997107746        0.023818399455345
        0.733333333333333        0.433333333333333       -0.058955907137972       -0.030778438043557        0.028177469094415
        0.766666666666667        0.466666666666667       -0.058955907137972       -0.030778438043557        0.028177469094415
        0.700000000000000        0.500000000000000       -0.035238946852882       -0.018396795080998        0.016842151771884
        0.733333333333333        0.533333333333333       -0.030517823177206       -0.015932091888361        0.014585731288845
        0.766666666666667        0.566666666666667       -0.017619473426441       -0.009198397540499        0.008421075885942
        0.700000000000000        0.600000000000000       -0.000000000000000       -0.000000000000000        0.000000000000000
        0.733333333333333        0.633333333333333        0.015797187706664        0.008247057618062        0.007550130088602
        0.766666666666667        0.666666666666667        0.034038208856427        0.017769939489684        0.016268269366743
        0.700000000000000        0.700000000000000        0.035238946852882        0.018396795080998        0.016842151771884
        0.733333333333333        0.733333333333333        0.052858420279323        0.027595192621497        0.025263227657826
        0.766666666666667        0.766666666666667        0.065756770030088        0.034328886969359        0.031427883060729
        0.700000000000000        0.800000000000000        0.049835396563091        0.026016997107746        0.023818399455345
        0.733333333333333        0.833333333333333        0.058955907137972        0.030778438043557        0.028177469094415
        0.766666666666667        0.866666666666667        0.058955907137972        0.030778438043557        0.028177469094415
        0.700000000000000        0.900000000000000        0.035238946852882        0.018396795080998        0.016842151771884
        0.733333333333333        0.933333333333333        0.030517823177206        0.015932091888361        0.014585731288845
        0.766666666666667        0.966666666666667        0.017619473426441        0.009198397540499        0.008421075885942
        0.700000000000000        1.000000000000000        0.000000000000000        0.000000000000000        0.000000000000000
        0.733333333333333        1.033333333333333       -0.015797187706664       -0.008247057618062        0.007550130088602
        0.766666666666667        1.066666666666667       -0.034038208856427       -0.017769939489684        0.016268269366743
        0.800000000000000        0.000000000000000        0.070477893705765        0.036793590161996        0.033684303543768
        0.833333333333333        0.033333333333333        0.065756770030088        0.034328886969359        0.031427883060729
        0.866666666666667        0.066666666666667        0.052858420279323        0.027595192621497        0.025263227657826
        0.800000000000000        0.100000000000000        0.049835396563091        0.026016997107746        0.023818399455345
        0.833333333333333        0.133333333333333        0.034038208856427        0.017769939489684        0.016268269366743
        0.866666666666667        0.166666666666667        0.015797187706664        0.008247057618062        0.007550130088602
        0.800000000000000        0.200000000000000        0.000000000000000        0.000000000000000        0.000000000000000
        0.833333333333333        0.233333333333333       -0.017619473426441       -0.009198397540499        0.008421075885942
        0.866666666666667        0.266666666666667       -0.030517823177206       -0.015932091888361        0.014585731288845
        0.800000000000000        0.300000000000000       -0.049835396563091       -0.026016997107746        0.023818399455345
        0.833333333333333        0.333333333333333       -0.058955907137972       -0.030778438043557        0.028177469094415
        0.866666666666667        0.366666666666667       -0.058955907137972       -0.030778438043557        0.028177469094415
        0.800000000000000        0.400000000000000       -0.070477893705765       -0.036793590161996        0.033684303543768
        0.833333333333333        0.433333333333333       -0.065756770030088       -0.034328886969359        0.031427883060729
        0.866666666666667        0.466666666666667       -0.052858420279323       -0.027595192621497        0.025263227657826
        0.800000000000000        0.500000000000000       -0.049835396563091       -0.026016997107746        0.023818399455345
        0.833333333333333        0.533333333333333       -0.034038208856427       -0.017769939489684        0.016268269366743
        0.866666666666667        0.566666666666667       -0.015797187706664       -0.008247057618062        0.007550130088602
        0.800000000000000        0.600000000000000       -0.000000000000000       -0.000000000000000        0.000000000000000
        0.833333333333333        0.633333333333333        0.017619473426441        0.009198397540499        0.008421075885942
        0.866666666666667        0.666666666666667        0.030517823177206        0.015932091888361        0.014585731288845
        0.800000000000000        0.700000000000000        0.049835396563091        0.026016997107746        0.023818399455345
        0.833333333333333        0.733333333333333        0.058955907137972        0.030778438043557        0.028177469094415
        0.866666666666667        0.766666666666667        0.058955907137972        0.030778438043557        0.028177469094415
        0.800000000000000        0.800000000000000        0.070477893705765        0.036793590161996        0.033684303543768
        0.833333333333333        0.833333333333333        0.065756770030088        0.034328886969359        0.031427883060729
        0.866666666666667        0.866666666666667        0.052858420279323        0.027595192621497        0.025263227657826
        0.800000000000000        0.900000000000000        0.049835396563091        0.026016997107746        0.023818399455345
        0.833333333333333        0.933333333333333        0.034038208856427        0.017769939489684        0.016268269366743
        0.866666666666667        0.966666666666667        0.015797187706664        0.008247057618062        0.007550130088602
        0.800000000000000        1.000000000000000        0.000000000000000        0.000000000000000        0.000000000000000
        0.833333333333333        1.033333333333333       -0.017619473426441       -0.009198397540499        0.008421075885942
        0.866666666666667        1.066666666666667       -0.030517823177206       -0.015932091888361        0.014585731288845
        0.900000000000000        0.000000000000000        0.049835396563091        0.026016997107746        0.023818399455345
        0.933333333333333        0.033333333333333        0.034038208856427        0.017769939489684        0.016268269366743
        0.966666666666667        0.066666666666667        0.015797187706664        0.008247057618062        0.007550130088602
        0.900000000000000        0.100000000000000        0.035238946852882        0.018396795080998        0.016842151771884
        0.933333333333333        0.133333333333333        0.017619473426441        0.009198397540499        0.008421075885942
        0.966666666666667        0.166666666666667        0.004721123675677        0.002464703192637        0.002256420483039
        0.900000000000000        0.200000000000000        0.000000000000000        0.000000000000000        0.000000000000000
        0.933333333333333        0.233333333333333       -0.009120510574881       -0.004761440935811        0.004359069639071
        0.966666666666667        0.266666666666667       -0.009120510574881       -0.004761440935811        0.004359069639071
        0.900000000000000        0.300000000000000       -0.035238946852882       -0.018396795080998        0.016842151771884
        0.933333333333333        0.333333333333333       -0.030517823177206       -0.015932091888361        0.014585731288845
        0.966666666666667        0.366666666666667       -0.017619473426441       -0.009198397540499        0.008421075885942
        0.900000000000000        0.400000000000000       -0.049835396563091       -0.026016997107746        0.023818399455345
        0.933333333333333        0.433333333333333       -0.034038208856427       -0.017769939489684        0.016268269366743
        0.966666666666667        0.466666666666667       -0.015797187706664       -0.008247057618062        0.007550130088602
        0.900000000000000        0.500000000000000       -0.035238946852882       -0.018396795080998        0.016842151771884
        0.933333333333333        0.533333333333333       -0.017619473426441       -0.009198397540499        0.008421075885942
        0.966666666666667        0.566666666666667       -0.004721123675677       -0.002464703192637        0.002256420483039
        0.900000000000000        0.600000000000000       -0.000000000000000       -0.000000000000000        0.000000000000000
        0.933333333333333        0.633333333333333        0.009120510574881        0.004761440935811        0.004359069639071
        0.966666666666667        0.666666666666667        0.009120510574881        0.004761440935811        0.004359069639071
        0.900000000000000        0.700000000000000        0.035238946852882        0.018396795080998        0.016842151771884
        0.933333333333333        0.733333333333333        0.030517823177206        0.015932091888361        0.014585731288845
        0.966666666666667        0.766666666666667        0.017619473426441        0.009198397540499        0.008421075885942
        0.900000000000000        0.800000000000000        0.049835396563091        0.026016997107746        0.023818399455345
        0.933333333333333        0.833333333333333        0.034038208856427        0.017769939489684        0.016268269366743
        0.966666666666667        0.866666666666667        0.015797187706664        0.008247057618062        0.007550130088602
        0.900000000000000        0.900000000000000        0.035238946852882        0.018396795080998        0.016842151771884
        0.933333333333333        0.933333333333333        0.017619473426441        0.009198397540499        0.008421075885942
        0.966666666666667        0.966666666666667        0.004721123675677        0.002464703192637        0.002256420483039
        0.900000000000000        1.000000000000000        0.000000000000000        0.000000000000000        0.000000000000000
        0.933333333333333        1.033333333333333       -0.009120510574881       -0.004761440935811        0.004359069639071
        0.966666666666667        1.066666666666667       -0.009120510574881       -0.004761440935811        0.004359069639071
        1.000000000000000        0.000000000000000        0.000000000000000        0.000000000000000        0.000000000000000
        1.033333333333333        0.033333333333333       -0.017619473426441       -0.009198397540499        0.008421075885942
        1.066666666666667        0.066666666666667       -0.030517823177206       -0.015932091888361        0.014585731288845
        1.000000000000000        0.100000000000000        0.000000000000000        0.000000000000000        0.000000000000000
        1.033333333333333        0.133333333333333       -0.009120510574881       -0.004761440935811        0.004359069639071
        1.066666666666667        0.166666666666667       -0.009120510574881       -0.004761440935811        0.004359069639071
        1.000000000000000        0.200000000000000        0.000000000000000        0.000000000000000        0.000000000000000
        1.033333333333333        0.233333333333333        0.004721123675677        0.002464703192637        0.002256420483039
        1.066666666666667        0.266666666666667        0.017619473426441        0.009198397540499        0.008421075885942
        1.000000000000000        0.300000000000000       -0.000000000000000       -0.000000000000000        0.000000000000000
        1.033333333333333        0.333333333333333        0.015797187706664        0.008247057618062        0.007550130088602
        1.066666666666667        0.366666666666667        0.034038208856427        0.017769939489684        0.016268269366743
        1.000000000000000        0.400000000000000       -0.000000000000000       -0.000000000000000        0.000000000000000
        1.033333333333333        0.433333333333333        0.017619473426441        0.009198397540499        0.008421075885942
        1.066666666666667        0.466666666666667        0.030517823177206        0.015932091888361        0.014585731288845
        1.000000000000000        0.500000000000000       -0.000000000000000       -0.000000000000000        0.000000000000000
        1.033333333333333        0.533333333333333        0.009120510574881        0.004761440935811        0.004359069639071
        1.066666666666667        0.566666666666667        0.009120510574881        0.004761440935811        0.004359069639071
        1.000000000000000        0.600000000000000       -0.000000000000000       -0.000000000000000        0.000000000000000
        1.033333333333333        0.633333333333333       -0.004721123675677       -0.002464703192637        0.002256420483039
        1.066666666666667        0.666666666666667       -0.017619473426441       -0.009198397540499        0.008421075885942
        1.000000000000000        0.700000000000000        0.000000000000000        0.000000000000000        0.000000000000000
        1.033333333333333        0.733333333333333       -0.015797187706664       -0.008247057618062        0.007550130088602
        1.066666666666667        0.766666666666667       -0.034038208856427       -0.017769939489684        0.016268269366743
        1.000000000000000        0.800000000000000        0.000000000000000        0.000000000000000        0.000000000000000
        1.033333333333333        0.833333333333333       -0.017619473426441       -0.009198397540499        0.008421075885942
        1.066666666666667        0.866666666666667       -0.030517823177206       -0.015932091888361        0.014585731288845
        1.000000000000000        0.900000000000000        0.000000000000000        0.000000000000000        0.000000000000000
        1.033333333333333        0.933333333333333       -0.009120510574881       -0.004761440935811        0.004359069639071
        1.066666666666667        0.966666666666667       -0.009120510574881       -0.004761440935811        0.004359069639071
        1.000000000000000        1.000000000000000        0.000000000000000        0.000000000000000        0.000000000000000
        1.033333333333333        1.033333333333333        0.004721123675677        0.002464703192637        0.002256420483039
        1.066666666666667        1.066666666666667        0.017619473426441        0.009198397540499        0.008421075885942
