        0.000000000000000        0.000000000000000        0.066261833559553        0.034592559725904        0.031669273833649
        0.033333333333333        0.033333333333333        0.061823132361731        0.032275297615234        0.029547834746497
        0.066666666666667        0.066666666666667        0.049696375169665        0.025944419794428        0.023751955375237
        0.000000000000000        0.100000000000000        0.046854191843814        0.024460633560788        0.022393558283027
        0.033333333333333        0.133333333333333        0.032002008166220        0.016706923418349        0.015295084747871
        0.066666666666667        0.166666666666667        0.014852183677594        0.007753710142439        0.007098473535156
        0.000000000000000        0.200000000000000        0.000000000000000        0.000000000000000        0.000000000000000
        0.033333333333333        0.233333333333333       -0.016565458389888       -0.008648139931476        0.007917318458412
        0.066666666666667        0.266666666666667       -0.028692215581955       -0.014979017752282        0.013713197829673
        0.000000000000000        0.300000000000000       -0.046854191843814       -0.024460633560788        0.022393558283027
        0.033333333333333        0.333333333333333       -0.055429104088127       -0.028937240198743        0.026491863889384
        0.066666666666667        0.366666666666667       -0.055429104088127       -0.028937240198743        0.026491863889384
        0.000000000000000        0.400000000000000       -0.066261833559553       -0.034592559725904        0.031669273833649
        0.033333333333333        0.433333333333333       -0.061823132361731       -0.032275297615234        0.029547834746497
        0.066666666666667        0.466666666666667       -0.049696375169665       -0.025944419794428        0.023751955375237
        0.000000000000000        0.500000000000000       -0.046854191843814       -0.024460633560788        0.022393558283027
        0.033333333333333        0.533333333333333       -0.032002008166220       -0.016706923418349        0.015295084747871
        0.066666666666667        0.566666666666667       -0.014852183677594       -0.007753710142439        0.007098473535156
        0.000000000000000        0.600000000000000       -0.000000000000000       -0.000000000000000        0.000000000000000
        0.033333333333333        0.633333333333333        0.016565458389888        0.008648139931476        0.007917318458412
        0.066666666666667        0.666666666666667        0.028692215581955        0.014979017752282        0.013713197829673
        0.000000000000000        0.700000000000000        0.046854191843814        0.024460633560788        0.022393558283027
        0.033333333333333        0.733333333333333        0.055429104088127        0.028937240198743        0.026491863889384
        0.066666666666667        0.766666666666667        0.055429104088127        0.028937240198743        0.026491863889384
        0.000000000000000        0.800000000000000        0.066261833559553        0.034592559725904        0.031669273833649
        0.033333333333333        0.833333333333333        0.061823132361731        0.032275297615234        0.029547834746497
        0.066666666666667        0.866666666666667        0.049696375169665        0.025944419794428        0.023751955375237
        0.000000000000000        0.900000000000000        0.046854191843814        0.024460633560788        0.022393558283027
        0.033333333333333        0.933333333333333        0.032002008166220        0.016706923418349        0.015295084747871
        0.066666666666667        0.966666666666667        0.014852183677594        0.007753710142439        0.007098473535156
        0.000000000000000        1.000000000000000        0.000000000000000        0.000000000000000        0.000000000000000
        0.033333333333333        1.033333333333333       -0.016565458389888       -0.008648139931476        0.007917318458412
        0.066666666666667        1.066666666666667       -0.028692215581955       -0.014979017752282        0.013713197829673
        0.100000000000000        0.000000000000000        0.046854191843814        0.024460633560788        0.022393558283027
        0.133333333333333        0.033333333333333        0.032002008166220        0.016706923418349        0.015295084747871
        0.166666666666667        0.066666666666667        0.014852183677594        0.007753710142439        0.007098473535156
        0.100000000000000        0.100000000000000        0.033130916779777        0.017296279862952        0.015834636916824
        0.133333333333333        0.133333333333333        0.016565458389888        0.008648139931476        0.007917318458412
        0.166666666666667        0.166666666666667        0.004438701197822        0.002317262110670        0.002121439087152
        0.100000000000000        0.200000000000000        0.000000000000000        0.000000000000000        0.000000000000000
        0.133333333333333        0.233333333333333       -0.008574912244313       -0.004476606637955        0.004098305606358
        0.166666666666667        0.266666666666667       -0.008574912244313       -0.004476606637955        0.004098305606358
        0.100000000000000        0.300000000000000       -0.033130916779777       -0.017296279862952        0.015834636916824
        0.133333333333333        0.333333333333333       -0.028692215581955       -0.014979017752282        0.013713197829673
        0.166666666666667        0.366666666666667       -0.016565458389888       -0.008648139931476        0.007917318458412
        0.100000000000000        0.400000000000000       -0.046854191843814       -0.024460633560788        0.022393558283027
        0.133333333333333        0.433333333333333       -0.032002008166220       -0.016706923418349        0.015295084747871
        0.166666666666667        0.466666666666667       -0.014852183677594       -0.007753710142439        0.007098473535156
        0.100000000000000        0.500000000000000       -0.033130916779777       -0.017296279862952        0.015834636916824
        0.133333333333333        0.533333333333333       -0.016565458389888       -0.008648139931476        0.007917318458412
        0.166666666666667        0.566666666666667       -0.004438701197822       -0.002317262110670        0.002121439087152
        0.100000000000000        0.600000000000000       -0.000000000000000       -0.000000000000000        0.000000000000000
        0.133333333333333        0.633333333333333        0.008574912244313        0.004476606637955        0.004098305606358
        0.166666666666667        0.666666666666667        0.008574912244313        0.004476606637955        0.004098305606358
        0.100000000000000        0.700000000000000        0.033130916779777        0.017296279862952        0.015834636916824
        0.133333333333333        0.733333333333333        0.028692215581955        0.014979017752282        0.013713197829673
        0.166666666666667        0.766666666666667        0.016565458389888        0.008648139931476        0.007917318458412
        0.100000000000000        0.800000000000000        0.046854191843814        0.024460633560788        0.022393558283027
        0.133333333333333        0.833333333333333        0.032002008166220        0.016706923418349        0.015295084747871
        0.166666666666667        0.866666666666667        0.014852183677594        0.007753710142439        0.007098473535156
        0.100000000000000        0.900000000000000        0.033130916779777        0.017296279862952        0.015834636916824
        0.133333333333333        0.933333333333333        0.016565458389888        0.008648139931476        0.007917318458412
        0.166666666666667        0.966666666666667        0.004438701197822        0.002317262110670        0.002121439087152
        0.100000000000000        1.000000000000000        0.000000000000000        0.000000000000000        0.000000000000000
        0.133333333333333        1.033333333333333       -0.008574912244313       -0.004476606637955        0.004098305606358
        0.166666666666667        1.066666666666667       -0.008574912244313       -0.004476606637955        0.004098305606358
        0.200000000000000        0.000000000000000        0.000000000000000        0.000000000000000        0.000000000000000
        0.233333333333333        0.033333333333333       -0.016565458389888       -0.008648139931476        0.007917318458412
        0.266666666666667        0.066666666666667       -0.028692215581955       -0.014979017752282        0.013713197829673
        0.200000000000000        0.100000000000000        0.000000000000000        0.000000000000000        0.000000000000000
        0.233333333333333        0.133333333333333       -0.008574912244313       -0.004476606637955        0.004098305606358
        0.266666666666667        0.166666666666667       -0.008574912244313       -0.004476606637955        0.004098305606358
        0.200000000000000        0.200000000000000        0.000000000000000        0.000000000000000        0.000000000000000
        0.233333333333333        0.233333333333333        0.004438701197822        0.002317262110670        0.002121439087152
        0.266666666666667        0.266666666666667        0.016565458389888        0.008648139931476        0.007917318458412
        0.200000000000000        0.300000000000000       -0.000000000000000       -0.000000000000000        0.000000000000000
        0.233333333333333        0.333333333333333        0.014852183677594        0.007753710142439        0.007098473535156
        0.266666666666667        0.366666666666667        0.032002008166220        0.016706923418349        0.015295084747871
        0.200000000000000        0.400000000000000       -0.000000000000000       -0.000000000000000        0.000000000000000
        0.233333333333333        0.433333333333333        0.016565458389888        0.008648139931476        0.007917318458412
        0.266666666666667        0.466666666666667        0.028692215581955        0.014979017752282        0.013713197829673
        0.200000000000000        0.500000000000000       -0.000000000000000       -0.000000000000000        0.000000000000000
        0.233333333333333        0.533333333333333        0.008574912244313        0.004476606637955        0.004098305606358
        0.266666666666667        0.566666666666667        0.008574912244313        0.004476606637955        0.004098305606358
        0.200000000000000        0.600000000000000       -0.000000000000000        0.000000000000000        0.000000000000000
        0.233333333333333        0.633333333333333       -0.004438701197822       -0.002317262110670        0.002121439087152
        0.266666666666667        0.666666666666667       -0.016565458389888       -0.008648139931476        0.007917318458412
        0.200000000000000        0.700000000000000        0.000000000000000        0.000000000000000        0.000000000000000
        0.233333333333333        0.733333333333333       -0.014852183677594       -0.007753710142439        0.007098473535156
        0.266666666666667        0.766666666666667       -0.032002008166220       -0.016706923418349        0.015295084747871
        0.200000000000000        0.800000000000000        0.000000000000000        0.000000000000000        0.000000000000000
        0.233333333333333        0.833333333333333       -0.016565458389888       -0.008648139931476        0.007917318458412
        0.266666666666667        0.866666666666667       -0.028692215581955       -0.014979017752282        0.013713197829673
        0.200000000000000        0.900000000000000        0.000000000000000        0.000000000000000        0.000000000000000
        0.233333333333333        0.933333333333333       -0.008574912244313       -0.004476606637955        0.004098305606358
        0.266666666666667        0.966666666666667       -0.008574912244313       -0.004476606637955        0.004098305606358
        0.200000000000000        1.000000000000000        0.000000000000000        0.000000000000000        0.000000000000000
        0.233333333333333        1.033333333333333        0.004438701197822        0.002317262110670        0.002121439087152
        0.266666666666667        1.066666666666667        0.016565458389888        0.008648139931476        0.007917318458412
        0.300000000000000        0.000000000000000       -0.046854191843814       -0.024460633560788        0.022393558283027
        0.333333333333333        0.033333333333333       -0.055429104088127       -0.028937240198743        0.026491863889384
        0.366666666666667        0.066666666666667       -0.055429104088127       -0.028937240198743        0.026491863889384
        0.300000000000000        0.100000000000000       -0.033130916779777       -0.017296279862952        0.015834636916824
        0.333333333333333        0.133333333333333       -0.028692215581955       -0.014979017752282        0.013713197829673
        0.366666666666667        0.166666666666667       -0.016565458389888       -0.008648139931476        0.007917318458412
        0.300000000000000        0.200000000000000       -0.000000000000000       -0.000000000000000        0.000000000000000
        0.333333333333333        0.233333333333333        0.014852183677594        0.007753710142439        0.007098473535156
        0.366666666666667        0.266666666666667        0.032002008166220        0.016706923418349        0.015295084747871
        0.300000000000000        0.300000000000000        0.033130916779777        0.017296279862952        0.015834636916824
        0.333333333333333        0.333333333333333        0.049696375169665        0.025944419794428        0.023751955375237
        0.366666666666667        0.366666666666667        0.061823132361731        0.032275297615234        0.029547834746497
        0.300000000000000        0.400000000000000        0.046854191843814        0.024460633560788        0.022393558283027
        0.333333333333333        0.433333333333333        0.055429104088127        0.028937240198743        0.026491863889384
        0.366666666666667        0.466666666666667        0.055429104088127        0.028937240198743        0.026491863889384
        0.300000000000000        0.500000000000000        0.033130916779777        0.017296279862952        0.015834636916824
        0.333333333333333        0.533333333333333        0.028692215581955        0.014979017752282        0.013713197829673
        0.366666666666667        0.566666666666667        0.016565458389888        0.008648139931476        0.007917318458412
        0.300000000000000        0.600000000000000        0.000000000000000        0.000000000000000        0.000000000000000
        0.333333333333333        0.633333333333333       -0.014852183677594       -0.007753710142439        0.007098473535156
        0.366666666666667        0.666666666666667       -0.032002008166220       -0.016706923418349        0.015295084747871
        0.300000000000000        0.700000000000000       -0.033130916779777       -0.017296279862952        0.015834636916824
        0.333333333333333        0.733333333333333       -0.049696375169665       -0.025944419794428        0.023751955375237
        0.366666666666667        0.766666666666667       -0.061823132361731       -0.032275297615234        0.029547834746497
        0.300000000000000        0.800000000000000       -0.046854191843814       -0.024460633560788        0.022393558283027
        0.333333333333333        0.833333333333333       -0.055429104088127       -0.028937240198743        0.026491863889384
        0.366666666666667        0.866666666666667       -0.055429104088127       -0.028937240198743        0.026491863889384
        0.300000000000000        0.900000000000000       -0.033130916779777       -0.017296279862952        0.015834636916824
        0.333333333333333        0.933333333333333       -0.028692215581955       -0.014979017752282        0.013713197829673
        0.366666666666667        0.966666666666667       -0.016565458389888       -0.008648139931476        0.007917318458412
        0.300000000000000        1.000000000000000       -0.000000000000000       -0.000000000000000        0.000000000000000
        0.333333333333333        1.033333333333333        0.014852183677594        0.007753710142439        0.007098473535156
        0.366666666666667        1.066666666666667        0.032002008166220        0.016706923418349        0.015295084747871
        0.400000000000000        0.000000000000000       -0.066261833559553       -0.034592559725904        0.031669273833649
        0.433333333333333        0.033333333333333       -0.061823132361731       -0.032275297615234        0.029547834746497
        0.466666666666667        0.066666666666667       -0.049696375169665       -0.025944419794428        0.023751955375237
        0.400000000000000        0.100000000000000       -0.046854191843814       -0.024460633560788        0.022393558283027
        0.433333333333333        0.133333333333333       -0.032002008166220       -0.016706923418349        0.015295084747871
        0.466666666666667        0.166666666666667       -0.014852183677594       -0.007753710142439        0.007098473535156
        0.400000000000000        0.200000000000000       -0.000000000000000       -0.000000000000000        0.000000000000000
        0.433333333333333        0.233333333333333        0.016565458389888        0.008648139931476        0.007917318458412
        0.466666666666667        0.266666666666667        0.028692215581955        0.014979017752282        0.013713197829673
        0.400000000000000        0.300000000000000        0.046854191843814        0.024460633560788        0.022393558283027
        0.433333333333333        0.333333333333333        0.055429104088127        0.028937240198743        0.026491863889384
        0.466666666666667        0.366666666666667        0.055429104088127        0.028937240198743        0.026491863889384
        0.400000000000000        0.400000000000000        0.066261833559553        0.034592559725904        0.031669273833649
        0.433333333333333        0.433333333333333        0.061823132361731        0.032275297615234        0.029547834746497
        0.466666666666667        0.466666666666667        0.049696375169665        0.025944419794428        0.023751955375237
        0.400000000000000        0.500000000000000        0.046854191843814        0.024460633560788        0.022393558283027
        0.433333333333333        0.533333333333333        0.032002008166220        0.016706923418349        0.015295084747871
        0.466666666666667        0.566666666666667        0.014852183677594        0.007753710142439        0.007098473535156
        0.400000000000000        0.600000000000000        0.000000000000000        0.000000000000000        0.000000000000000
        0.433333333333333        0.633333333333333       -0.016565458389888       -0.008648139931476        0.007917318458412
        0.466666666666667        0.666666666666667       -0.028692215581955       -0.014979017752282        0.013713197829673
        0.400000000000000        0.700000000000000       -0.046854191843814       -0.024460633560788        0.022393558283027
        0.433333333333333        0.733333333333333       -0.055429104088127       -0.028937240198743        0.026491863889384
        0.466666666666667        0.766666666666667       -0.055429104088127       -0.028937240198743        0.026491863889384
        0.400000000000000        0.800000000000000       -0.066261833559553       -0.034592559725904        0.031669273833649
        0.433333333333333        0.833333333333333       -0.061823132361731       -0.032275297615234        0.029547834746497
        0.466666666666667        0.866666666666667       -0.049696375169665       -0.025944419794428        0.023751955375237
        0.400000000000000        0.900000000000000       -0.046854191843814       -0.024460633560788        0.022393558283027
        0.433333333333333        0.933333333333333       -0.032002008166220       -0.016706923418349        0.015295084747871
        0.466666666666667        0.966666666666667       -0.014852183677594       -0.007753710142439        0.007098473535156
        0.400000000000000        1.000000000000000       -0.000000000000000       -0.000000000000000        0.000000000000000
        0.433333333333333        1.033333333333333        0.016565458389888        0.008648139931476        0.007917318458412
        0.466666666666667        1.066666666666667        0.028692215581955        0.014979017752282        0.013713197829673
        0.500000000000000        0.000000000000000       -0.046854191843814       -0.024460633560788        0.022393558283027
        0.533333333333333        0.033333333333333       -0.032002008166220       -0.016706923418349        0.015295084747871
        0.566666666666667        0.066666666666667       -0.014852183677594       -0.007753710142439        0.007098473535156
        0.500000000000000        0.100000000000000       -0.033130916779777       -0.017296279862952        0.015834636916824
        0.533333333333333        0.133333333333333       -0.016565458389888       -0.008648139931476        0.007917318458412
        0.566666666666667        0.166666666666667       -0.004438701197822       -0.002317262110670        0.002121439087152
        0.500000000000000        0.200000000000000       -0.000000000000000       -0.000000000000000        0.000000000000000
        0.533333333333333        0.233333333333333        0.008574912244313        0.004476606637955        0.004098305606358
        0.566666666666667        0.266666666666667        0.008574912244313        0.004476606637955        0.004098305606358
        0.500000000000000        0.300000000000000        0.033130916779777        0.017296279862952        0.015834636916824
        0.533333333333333        0.333333333333333        0.028692215581955        0.014979017752282        0.013713197829673
        0.566666666666667        0.366666666666667        0.016565458389888        0.008648139931476        0.007917318458412
        0.500000000000000        0.400000000000000        0.046854191843814        0.024460633560788        0.022393558283027
        0.533333333333333        0.433333333333333        0.032002008166220        0.016706923418349        0.015295084747871
        0.566666666666667        0.466666666666667        0.014852183677594        0.007753710142439        0.007098473535156
        0.500000000000000        0.500000000000000        0.033130916779777        0.017296279862952        0.015834636916824
        0.533333333333333        0.533333333333333        0.016565458389888        0.008648139931476        0.007917318458412
        0.566666666666667        0.566666666666667        0.004438701197822        0.002317262110670        0.002121439087152
        0.500000000000000        0.600000000000000        0.000000000000000        0.000000000000000        0.000000000000000
        0.533333333333333        0.633333333333333       -0.008574912244313       -0.004476606637955        0.004098305606358
        0.566666666666667        0.666666666666667       -0.008574912244313       -0.004476606637955        0.004098305606358
        0.500000000000000        0.700000000000000       -0.033130916779777       -0.017296279862952        0.015834636916824
        0.533333333333333        0.733333333333333       -0.028692215581955       -0.014979017752282        0.013713197829673
        0.566666666666667        0.766666666666667       -0.016565458389888       -0.008648139931476        0.007917318458412
        0.500000000000000        0.800000000000000       -0.046854191843814       -0.024460633560788        0.022393558283027
        0.533333333333333        0.833333333333333       -0.032002008166220       -0.016706923418349        0.015295084747871
        0.566666666666667        0.866666666666667       -0.014852183677594       -0.007753710142439        0.007098473535156
        0.500000000000000        0.900000000000000       -0.033130916779777       -0.017296279862952        0.015834636916824
        0.533333333333333        0.933333333333333       -0.016565458389888       -0.008648139931476        0.007917318458412
        0.566666666666667        0.966666666666667       -0.004438701197822       -0.002317262110670        0.002121439087152
        0.500000000000000        1.000000000000000       -0.000000000000000       -0.000000000000000        0.000000000000000
        0.533333333333333        1.033333333333333        0.008574912244313        0.004476606637955        0.004098305606358
        0.566666666666667        1.066666666666667        0.008574912244313        0.004476606637955        0.004098305606358
        0.600000000000000        0.000000000000000       -0.000000000000000       -0.000000000000000        0.000000000000000
        0.633333333333333        0.033333333333333        0.016565458389888        0.008648139931476        0.007917318458412
        0.666666666666667        0.066666666666667        0.028692215581955        0.014979017752282        0.013713197829673
        0.600000000000000        0.100000000000000       -0.000000000000000       -0.000000000000000        0.000000000000000
        0.633333333333333        0.133333333333333        0.008574912244313        0.004476606637955        0.004098305606358
        0.666666666666667        0.166666666666667        0.008574912244313        0.004476606637955        0.004098305606358
        0.600000000000000        0.200000000000000       -0.000000000000000       -0.000000000000000        0.000000000000000
        0.633333333333333        0.233333333333333       -0.004438701197822       -0.002317262110670        0.002121439087152
        0.666666666666667        0.266666666666667       -0.016565458389888       -0.008648139931476        0.007917318458412
        0.600000000000000        0.300000000000000        0.000000000000000        0.000000000000000        0.000000000000000
        0.633333333333333        0.333333333333333       -0.014852183677594       -0.007753710142439        0.007098473535156
        0.666666666666667        0.366666666666667       -0.032002008166220       -0.016706923418349        0.015295084747871
        0.600000000000000        0.400000000000000        0.000000000000000        0.000000000000000        0.000000000000000
        0.633333333333333        0.433333333333333       -0.016565458389888       -0.008648139931476        0.007917318458412
        0.666666666666667        0.466666666666667       -0.028692215581955       -0.014979017752282        0.013713197829673
        0.600000000000000        0.500000000000000        0.000000000000000        0.000000000000000        0.000000000000000
        0.633333333333333        0.533333333333333       -0.008574912244313       -0.004476606637955        0.004098305606358
        0.666666666666667        0.566666666666667       -0.008574912244313       -0.004476606637955        0.004098305606358
        0.600000000000000        0.600000000000000        0.000000000000000       -0.000000000000000        0.000000000000000
        0.633333333333333        0.633333333333333        0.004438701197822        0.002317262110670        0.002121439087152
        0.666666666666667        0.666666666666667        0.016565458389888        0.008648139931476        0.007917318458412
        0.600000000000000        0.700000000000000       -0.000000000000000       -0.000000000000000        0.000000000000000
        0.633333333333333        0.733333333333333        0.014852183677594        0.007753710142439        0.007098473535156
        0.666666666666667        0.766666666666667        0.032002008166220        0.016706923418349        0.015295084747871
        0.600000000000000        0.800000000000000       -0.000000000000000       -0.000000000000000        0.000000000000000
        0.633333333333333        0.833333333333333        0.016565458389888        0.008648139931476        0.007917318458412
        0.666666666666667        0.866666666666667        0.028692215581955        0.014979017752282        0.013713197829673
        0.600000000000000        0.900000000000000       -0.000000000000000       -0.000000000000000        0.000000000000000
        0.633333333333333        0.933333333333333        0.008574912244313        0.004476606637955        0.004098305606358
        0.666666666666667        0.966666666666667        0.008574912244313        0.004476606637955        0.004098305606358
        0.600000000000000        1.000000000000000       -0.000000000000000       -0.000000000000000        0.000000000000000
        0.633333333333333        1.033333333333333       -0.004438701197822       -0.002317262110670        0.002121439087152
        0.666666666666667        1.066666666666667       -0.016565458389888       -0.008648139931476        0.007917318458412
        0.700000000000000        0.000000000000000        0.046854191843814        0.024460633560788        0.022393558283027
        0.733333333333333        0.033333333333333        0.055429104088127        0.028937240198743        0.026491863889384
        0.766666666666667        0.066666666666667        0.055429104088127        0.028937240198743        0.026491863889384
        0.700000000000000        0.100000000000000        0.033130916779777        0.017296279862952        0.015834636916824
        0.733333333333333        0.133333333333333        0.028692215581955        0.014979017752282        0.013713197829673
        0.766666666666667        0.166666666666667        0.016565458389888        0.008648139931476        0.007917318458412
        0.700000000000000        0.200000000000000        0.000000000000000        0.000000000000000        0.000000000000000
        0.733333333333333        0.233333333333333       -0.014852183677594       -0.007753710142439        0.007098473535156
        0.766666666666667        0.266666666666667       -0.032002008166220       -0.016706923418349        0.015295084747871
        0.700000000000000        0.300000000000000       -0.033130916779777       -0.017296279862952        0.015834636916824
        0.733333333333333        0.333333333333333       -0.049696375169665       -0.025944419794428        0.023751955375237
        0.766666666666667        0.366666666666667       -0.061823132361731       -0.032275297615234        0.029547834746497
        0.700000000000000        0.400000000000000       -0.046854191843814       -0.024460633560788        0.022393558283027
        0.733333333333333        0.433333333333333       -0.055429104088127       -0.028937240198743        0.026491863889384
        0.766666666666667        0.466666666666667       -0.055429104088127       -0.028937240198743        0.026491863889384
        0.700000000000000        0.500000000000000       -0.033130916779777       -0.017296279862952        0.015834636916824
        0.733333333333333        0.533333333333333       -0.028692215581955       -0.014979017752282        0.013713197829673
        0.766666666666667        0.566666666666667       -0.016565458389888       -0.008648139931476        0.007917318458412
        0.700000000000000        0.600000000000000       -0.000000000000000       -0.000000000000000        0.000000000000000
        0.733333333333333        0.633333333333333        0.014852183677594        0.007753710142439        0.007098473535156
        0.766666666666667        0.666666666666667        0.032002008166220        0.016706923418349        0.015295084747871
        0.700000000000000        0.700000000000000        0.033130916779777        0.017296279862952        0.015834636916824
        0.733333333333333        0.733333333333333        0.049696375169665        0.025944419794428        0.023751955375237
        0.766666666666667        0.766666666666667        0.061823132361731        0.032275297615234        0.029547834746497
        0.700000000000000        0.800000000000000        0.046854191843814        0.024460633560788        0.022393558283027
        0.733333333333333        0.833333333333333        0.055429104088127        0.028937240198743        0.026491863889384
        0.766666666666667        0.866666666666667        0.055429104088127        0.028937240198743        0.026491863889384
        0.700000000000000        0.900000000000000        0.033130916779777        0.017296279862952        0.015834636916824
        0.733333333333333        0.933333333333333        0.028692215581955        0.014979017752282        0.013713197829673
        0.766666666666667        0.966666666666667        0.016565458389888        0.008648139931476        0.007917318458412
        0.700000000000000        1.000000000000000        0.000000000000000        0.000000000000000        0.000000000000000
        0.733333333333333        1.033333333333333       -0.014852183677594       -0.007753710142439        0.007098473535156
        0.766666666666667        1.066666666666667       -0.032002008166220       -0.016706923418349        0.015295084747871
        0.800000000000000        0.000000000000000        0.066261833559553        0.034592559725904        0.031669273833649
        0.833333333333333        0.033333333333333        0.061823132361731        0.032275297615234        0.029547834746497
        0.866666666666667        0.066666666666667        0.049696375169665        0.025944419794428        0.023751955375237
        0.800000000000000        0.100000000000000        0.046854191843814        0.024460633560788        0.022393558283027
        0.833333333333333        0.133333333333333        0.032002008166220        0.016706923418349        0.015295084747871
        0.866666666666667        0.166666666666667        0.014852183677594        0.007753710142439        0.007098473535156
        0.800000000000000        0.200000000000000        0.000000000000000        0.000000000000000        0.000000000000000
        0.833333333333333        0.233333333333333       -0.016565458389888       -0.008648139931476        0.007917318458412
        0.866666666666667        0.266666666666667       -0.028692215581955       -0.014979017752282        0.013713197829673
        0.800000000000000        0.300000000000000       -0.046854191843814       -0.024460633560788        0.022393558283027
        0.833333333333333        0.333333333333333       -0.055429104088127       -0.028937240198743        0.026491863889384
        0.866666666666667        0.366666666666667       -0.055429104088127       -0.028937240198743        0.026491863889384
        0.800000000000000        0.400000000000000       -0.066261833559553       -0.034592559725904        0.031669273833649
        0.833333333333333        0.433333333333333       -0.061823132361731       -0.032275297615234        0.029547834746497
        0.866666666666667        0.466666666666667       -0.049696375169665       -0.025944419794428        0.023751955375237
        0.800000000000000        0.500000000000000       -0.046854191843814       -0.024460633560788        0.022393558283027
        0.833333333333333        0.533333333333333       -0.032002008166220       -0.016706923418349        0.015295084747871
        0.866666666666667        0.566666666666667       -0.014852183677594       -0.007753710142439        0.007098473535156
        0.800000000000000        0.600000000000000       -0.000000000000000       -0.000000000000000        0.000000000000000
        0.833333333333333        0.633333333333333        0.016565458389888        0.008648139931476        0.007917318458412
        0.866666666666667        0.666666666666667        0.028692215581955        0.014979017752282        0.013713197829673
        0.800000000000000        0.700000000000000        0.046854191843814        0.024460633560788        0.022393558283027
        0.833333333333333        0.733333333333333        0.055429104088127        0.028937240198743        0.026491863889384
        0.866666666666667        0.766666666666667        0.055429104088127        0.028937240198743        0.026491863889384
        0.800000000000000        0.800000000000000        0.066261833559553        0.034592559725904        0.031669273833649
        0.833333333333333        0.833333333333333        0.061823132361731        0.032275297615234        0.029547834746497
        0.866666666666667        0.866666666666667        0.049696375169665        0.025944419794428        0.023751955375237
        0.800000000000000        0.900000000000000        0.046854191843814        0.024460633560788        0.022393558283027
        0.833333333333333        0.933333333333333        0.032002008166220        0.016706923418349        0.015295084747871
        0.866666666666667        0.966666666666667        0.014852183677594        0.007753710142439        0.007098473535156
        0.800000000000000        1.000000000000000        0.000000000000000        0.000000000000000        0.000000000000000
        0.833333333333333        1.033333333333333       -0.016565458389888       -0.008648139931476        0.007917318458412
        0.866666666666667        1.066666666666667       -0.028692215581955       -0.014979017752282        0.013713197829673
        0.900000000000000        0.000000000000000        0.046854191843814        0.024460633560788        0.022393558283027
        0.933333333333333        0.033333333333333        0.032002008166220        0.016706923418349        0.015295084747871
        0.966666666666667        0.066666666666667        0.014852183677594        0.007753710142439        0.007098473535156
        0.900000000000000        0.100000000000000        0.033130916779777        0.017296279862952        0.015834636916824
        0.933333333333333        0.133333333333333        0.016565458389888        0.008648139931476        0.007917318458412
        0.966666666666667        0.166666666666667        0.004438701197822        0.002317262110670        0.002121439087152
        0.900000000000000        0.200000000000000        0.000000000000000        0.000000000000000        0.000000000000000
        0.933333333333333        0.233333333333333       -0.008574912244313       -0.004476606637955        0.004098305606358
        0.966666666666667        0.266666666666667       -0.008574912244313       -0.004476606637955        0.004098305606358
        0.900000000000000        0.300000000000000       -0.033130916779777       -0.017296279862952        0.015834636916824
        0.933333333333333        0.333333333333333       -0.028692215581955       -0.014979017752282        0.013713197829673
        0.966666666666667        0.366666666666667       -0.016565458389888       -0.008648139931476        0.007917318458412
        0.900000000000000        0.400000000000000       -0.046854191843814       -0.024460633560788        0.022393558283027
        0.933333333333333        0.433333333333333       -0.032002008166220       -0.016706923418349        0.015295084747871
        0.966666666666667        0.466666666666667       -0.014852183677594       -0.007753710142439        0.007098473535156
        0.900000000000000        0.500000000000000       -0.033130916779777       -0.017296279862952        0.015834636916824
        0.933333333333333        0.533333333333333       -0.016565458389888       -0.008648139931476        0.007917318458412
        0.966666666666667        0.566666666666667       -0.004438701197822       -0.002317262110670        0.002121439087152
        0.900000000000000        0.600000000000000       -0.000000000000000       -0.000000000000000        0.000000000000000
        0.933333333333333        0.633333333333333        0.008574912244313        0.004476606637955        0.004098305606358
        0.966666666666667        0.666666666666667        0.008574912244313        0.004476606637955        0.004098305606358
        0.900000000000000        0.700000000000000        0.033130916779777        0.017296279862952        0.015834636916824
        0.933333333333333        0.733333333333333        0.028692215581955        0.014979017752282        0.013713197829673
        0.966666666666667        0.766666666666667        0.016565458389888        0.008648139931476        0.007917318458412
        0.900000000000000        0.800000000000000        0.046854191843814        0.024460633560788        0.022393558283027
        0.933333333333333        0.833333333333333        0.032002008166220        0.016706923418349        0.015295084747871
        0.966666666666667        0.866666666666667        0.014852183677594        0.007753710142439        0.007098473535156
        0.900000000000000        0.900000000000000        0.033130916779777        0.017296279862952        0.015834636916824
        0.933333333333333        0.933333333333333        0.016565458389888        0.008648139931476        0.007917318458412
        0.966666666666667        0.966666666666667        0.004438701197822        0.002317262110670        0.002121439087152
        0.900000000000000        1.000000000000000        0.000000000000000        0.000000000000000        0.000000000000000
        0.933333333333333        1.033333333333333       -0.008574912244313       -0.004476606637955        0.004098305606358
        0.966666666666667        1.066666666666667       -0.008574912244313       -0.004476606637955        0.004098305606358
        1.000000000000000        0.000000000000000        0.000000000000000        0.000000000000000        0.000000000000000
        1.033333333333333        0.033333333333333       -0.016565458389888       -0.008648139931476        0.007917318458412
        1.066666666666667        0.066666666666667       -0.028692215581955       -0.014979017752282        0.013713197829673
        1.000000000000000        0.100000000000000        0.000000000000000        0.000000000000000        0.000000000000000
        1.033333333333333        0.133333333333333       -0.008574912244313       -0.004476606637955        0.004098305606358
        1.066666666666667        0.166666666666667       -0.008574912244313       -0.004476606637955        0.004098305606358
        1.000000000000000        0.200000000000000        0.000000000000000        0.000000000000000        0.000000000000000
        1.033333333333333        0.233333333333333        0.004438701197822        0.002317262110670        0.002121439087152
        1.066666666666667        0.266666666666667        0.016565458389888        0.008648139931476        0.007917318458412
        1.000000000000000        0.300000000000000       -0.000000000000000       -0.000000000000000        0.000000000000000
        1.033333333333333        0.333333333333333        0.014852183677594        0.007753710142439        0.007098473535156
        1.066666666666667        0.366666666666667        0.032002008166220        0.016706923418349        0.015295084747871
        1.000000000000000        0.400000000000000       -0.000000000000000       -0.000000000000000        0.000000000000000
        1.033333333333333        0.433333333333333        0.016565458389888        0.008648139931476        0.007917318458412
        1.066666666666667        0.466666666666667        0.028692215581955        0.014979017752282        0.013713197829673
        1.000000000000000        0.500000000000000       -0.000000000000000       -0.000000000000000        0.000000000000000
        1.033333333333333        0.533333333333333        0.008574912244313        0.004476606637955        0.004098305606358
        1.066666666666667        0.566666666666667        0.008574912244313        0.004476606637955        0.004098305606358
        1.000000000000000        0.600000000000000       -0.000000000000000       -0.000000000000000        0.000000000000000
        1.033333333333333        0.633333333333333       -0.004438701197822       -0.002317262110670        0.002121439087152
        1.066666666666667        0.666666666666667       -0.016565458389888       -0.008648139931476        0.007917318458412
        1.000000000000000        0.700000000000000        0.000000000000000        0.000000000000000        0.000000000000000
        1.033333333333333        0.733333333333333       -0.014852183677594       -0.007753710142439        0.007098473535156
        1.066666666666667        0.766666666666667       -0.032002008166220       -0.016706923418349        0.015295084747871
        1.000000000000000        0.800000000000000        0.000000000000000        0.000000000000000        0.000000000000000
        1.033333333333333        0.833333333333333       -0.016565458389888       -0.008648139931476        0.007917318458412
        1.066666666666667        0.866666666666667       -0.028692215581955       -0.014979017752282        0.013713197829673
        1.000000000000000        0.900000000000000        0.000000000000000        0.000000000000000        0.000000000000000
        1.033333333333333        0.933333333333333       -0.008574912244313       -0.004476606637955        0.004098305606358
        1.066666666666667        0.966666666666667       -0.008574912244313       -0.004476606637955        0.004098305606358
        1.000000000000000        1.000000000000000        0.000000000000000        0.000000000000000        0.000000000000000
        1.033333333333333        1.033333333333333        0.004438701197822        0.002317262110670        0.002121439087152
        1.066666666666667        1.066666666666667        0.016565458389888        0.008648139931476        0.007917318458412
