        0.000000000000000        0.000000000000000        0.062297982470989        0.032523197196078        0.029774785274911
        0.033333333333333        0.033333333333333        0.058124808947691        0.030344556090086        0.027780252857605
        0.066666666666667        0.066666666666667        0.046723486853242        0.024392397897058        0.022331088956183
        0.000000000000000        0.100000000000000        0.044051325859477        0.022997373283214        0.021053952576263
        0.033333333333333        0.133333333333333        0.030087615097216        0.015707498062592        0.014380117034624
        0.066666666666667        0.166666666666667        0.013963710762261        0.007289875220622        0.006673835541639
        0.000000000000000        0.200000000000000        0.000000000000000        0.000000000000000        0.000000000000000
        0.033333333333333        0.233333333333333       -0.015574495617747       -0.008130799299019        0.007443696318728
        0.066666666666667        0.266666666666667       -0.026975817712197       -0.014082957492047        0.012892860220150
        0.000000000000000        0.300000000000000       -0.044051325859477       -0.022997373283214        0.021053952576263
        0.033333333333333        0.333333333333333       -0.052113278026954       -0.027206184704199        0.024907093322756
        0.066666666666667        0.366666666666667       -0.052113278026954       -0.027206184704199        0.024907093322756
        0.000000000000000        0.400000000000000       -0.062297982470989       -0.032523197196078        0.029774785274911
        0.033333333333333        0.433333333333333       -0.058124808947691       -0.030344556090086        0.027780252857605
        0.066666666666667        0.466666666666667       -0.046723486853242       -0.024392397897058        0.022331088956183
        0.000000000000000        0.500000000000000       -0.044051325859477       -0.022997373283214        0.021053952576263
        0.033333333333333        0.533333333333333       -0.030087615097216       -0.015707498062592        0.014380117034624
        0.066666666666667        0.566666666666667       -0.013963710762261       -0.007289875220622        0.006673835541639
        0.000000000000000        0.600000000000000       -0.000000000000000       -0.000000000000000        0.000000000000000
        0.033333333333333        0.633333333333333        0.015574495617747        0.008130799299019        0.007443696318728
        0.066666666666667        0.666666666666667        0.026975817712197        0.014082957492047        0.012892860220150
        0.000000000000000        0.700000000000000        0.044051325859477        0.022997373283214        0.021053952576263
        0.033333333333333        0.733333333333333        0.052113278026954        0.027206184704199        0.024907093322756
        0.066666666666667        0.766666666666667        0.052113278026954        0.027206184704199        0.024907093322756
        0.000000000000000        0.800000000000000        0.062297982470989        0.032523197196078        0.029774785274911
        0.033333333333333        0.833333333333333        0.058124808947691        0.030344556090086        0.027780252857605
        0.066666666666667        0.866666666666667        0.046723486853242        0.024392397897058        0.022331088956183
        0.000000000000000        0.900000000000000        0.044051325859477        0.022997373283214        0.021053952576263
        0.033333333333333        0.933333333333333        0.030087615097216        0.015707498062592        0.014380117034624
        0.066666666666667        0.966666666666667        0.013963710762261        0.007289875220622        0.006673835541639
        0.000000000000000        1.000000000000000        0.000000000000000        0.000000000000000        0.000000000000000
        0.033333333333333        1.033333333333333       -0.015574495617747       -0.008130799299019        0.007443696318728
        0.066666666666667        1.066666666666667       -0.026975817712197       -0.014082957492047        0.012892860220150
        0.100000000000000        0.000000000000000        0.044051325859477        0.022997373283214        0.021053952576263
        0.133333333333333        0.033333333333333        0.030087615097216        0.015707498062592        0.014380117034624
        0.166666666666667        0.066666666666667        0.013963710762261        0.007289875220622        0.006673835541639
        0.100000000000000        0.100000000000000        0.031148991235494        0.016261598598039        0.014887392637456
        0.133333333333333        0.133333333333333        0.015574495617747        0.008130799299019        0.007443696318728
        0.166666666666667        0.166666666666667        0.004173173523297        0.002178641105992        0.001994532417306
        0.100000000000000        0.200000000000000        0.000000000000000        0.000000000000000        0.000000000000000
        0.133333333333333        0.233333333333333       -0.008061952167477       -0.004208811420985        0.003853140746493
        0.166666666666667        0.266666666666667       -0.008061952167477       -0.004208811420985        0.003853140746493
        0.100000000000000        0.300000000000000       -0.031148991235494       -0.016261598598039        0.014887392637456
        0.133333333333333        0.333333333333333       -0.026975817712197       -0.014082957492047        0.012892860220150
        0.166666666666667        0.366666666666667       -0.015574495617747       -0.008130799299019        0.007443696318728
        0.100000000000000        0.400000000000000       -0.044051325859477       -0.022997373283214        0.021053952576263
        0.133333333333333        0.433333333333333       -0.030087615097216       -0.015707498062592        0.014380117034624
        0.166666666666667        0.466666666666667       -0.013963710762261       -0.007289875220622        0.006673835541639
        0.100000000000000        0.500000000000000       -0.031148991235494       -0.016261598598039        0.014887392637456
        0.133333333333333        0.533333333333333       -0.015574495617747       -0.008130799299019        0.007443696318728
        0.166666666666667        0.566666666666667       -0.004173173523297       -0.002178641105992        0.001994532417306
        0.100000000000000        0.600000000000000       -0.000000000000000       -0.000000000000000        0.000000000000000
        0.133333333333333        0.633333333333333        0.008061952167477        0.004208811420985        0.003853140746493
        0.166666666666667        0.666666666666667        0.008061952167477        0.004208811420985        0.003853140746493
        0.100000000000000        0.700000000000000        0.031148991235494        0.016261598598039        0.014887392637456
        0.133333333333333        0.733333333333333        0.026975817712197        0.014082957492047        0.012892860220150
        0.166666666666667        0.766666666666667        0.015574495617747        0.008130799299019        0.007443696318728
        0.100000000000000        0.800000000000000        0.044051325859477        0.022997373283214        0.021053952576263
        0.133333333333333        0.833333333333333        0.030087615097216        0.015707498062592        0.014380117034624
        0.166666666666667        0.866666666666667        0.013963710762261        0.007289875220622        0.006673835541639
        0.100000000000000        0.900000000000000        0.031148991235494        0.016261598598039        0.014887392637456
        0.133333333333333        0.933333333333333        0.015574495617747        0.008130799299019        0.007443696318728
        0.166666666666667        0.966666666666667        0.004173173523297        0.002178641105992        0.001994532417306
        0.100000000000000        1.000000000000000        0.000000000000000        0.000000000000000        0.000000000000000
        0.133333333333333        1.033333333333333       -0.008061952167477       -0.004208811420985        0.003853140746493
        0.166666666666667        1.066666666666667       -0.008061952167477       -0.004208811420985        0.003853140746493
        0.200000000000000        0.000000000000000        0.000000000000000        0.000000000000000        0.000000000000000
        0.233333333333333        0.033333333333333       -0.015574495617747       -0.008130799299019        0.007443696318728
        0.266666666666667        0.066666666666667       -0.026975817712197       -0.014082957492047        0.012892860220150
        0.200000000000000        0.100000000000000        0.000000000000000        0.000000000000000        0.000000000000000
        0.233333333333333        0.133333333333333       -0.008061952167477       -0.004208811420985        0.003853140746493
        0.266666666666667        0.166666666666667       -0.008061952167477       -0.004208811420985        0.003853140746493
        0.200000000000000        0.200000000000000        0.000000000000000        0.000000000000000        0.000000000000000
        0.233333333333333        0.233333333333333        0.004173173523297        0.002178641105992        0.001994532417306
        0.266666666666667        0.266666666666667        0.015574495617747        0.008130799299019        0.007443696318728
        0.200000000000000        0.300000000000000       -0.000000000000000       -0.000000000000000        0.000000000000000
        0.233333333333333        0.333333333333333        0.013963710762261        0.007289875220622        0.006673835541639
        0.266666666666667        0.366666666666667        0.030087615097216        0.015707498062592        0.014380117034624
        0.200000000000000        0.400000000000000       -0.000000000000000       -0.000000000000000        0.000000000000000
        0.233333333333333        0.433333333333333        0.015574495617747        0.008130799299019        0.007443696318728
        0.266666666666667        0.466666666666667        0.026975817712197        0.014082957492047        0.012892860220150
        0.200000000000000        0.500000000000000       -0.000000000000000       -0.000000000000000        0.000000000000000
        0.233333333333333        0.533333333333333        0.008061952167477        0.004208811420985        0.003853140746493
        0.266666666666667        0.566666666666667        0.008061952167477        0.004208811420985        0.003853140746493
        0.200000000000000        0.600000000000000       -0.000000000000000        0.000000000000000        0.000000000000000
        0.233333333333333        0.633333333333333       -0.004173173523297       -0.002178641105992        0.001994532417306
        0.266666666666667        0.666666666666667       -0.015574495617747       -0.008130799299019        0.007443696318728
        0.200000000000000        0.700000000000000        0.000000000000000        0.000000000000000        0.000000000000000
        0.233333333333333        0.733333333333333       -0.013963710762261       -0.007289875220622        0.006673835541639
        0.266666666666667        0.766666666666667       -0.030087615097216       -0.015707498062592        0.014380117034624
        0.200000000000000        0.800000000000000        0.000000000000000        0.000000000000000        0.000000000000000
        0.233333333333333        0.833333333333333       -0.015574495617747       -0.008130799299019        0.007443696318728
        0.266666666666667        0.866666666666667       -0.026975817712197       -0.014082957492047        0.012892860220150
        0.200000000000000        0.900000000000000        0.000000000000000        0.000000000000000        0.000000000000000
        0.233333333333333        0.933333333333333       -0.008061952167477       -0.004208811420985        0.003853140746493
        0.266666666666667        0.966666666666667       -0.008061952167477       -0.004208811420985        0.003853140746493
        0.200000000000000        1.000000000000000        0.000000000000000        0.000000000000000        0.000000000000000
        0.233333333333333        1.033333333333333        0.004173173523297        0.002178641105992        0.001994532417306
        0.266666666666667        1.066666666666667        0.015574495617747        0.008130799299019        0.007443696318728
        0.300000000000000        0.000000000000000       -0.044051325859477       -0.022997373283214        0.021053952576263
        0.333333333333333        0.033333333333333       -0.052113278026954       -0.027206184704199        0.024907093322756
        0.366666666666667        0.066666666666667       -0.052113278026954       -0.027206184704199        0.024907093322756
        0.300000000000000        0.100000000000000       -0.031148991235494       -0.016261598598039        0.014887392637456
        0.333333333333333        0.133333333333333       -0.026975817712197       -0.014082957492047        0.012892860220150
        0.366666666666667        0.166666666666667       -0.015574495617747       -0.008130799299019        0.007443696318728
        0.300000000000000        0.200000000000000       -0.000000000000000       -0.000000000000000        0.000000000000000
        0.333333333333333        0.233333333333333        0.013963710762261        0.007289875220622        0.006673835541639
        0.366666666666667        0.266666666666667        0.030087615097216        0.015707498062592        0.014380117034624
        0.300000000000000        0.300000000000000        0.031148991235494        0.016261598598039        0.014887392637456
        0.333333333333333        0.333333333333333        0.046723486853242        0.024392397897058        0.022331088956183
        0.366666666666667        0.366666666666667        0.058124808947691        0.030344556090086        0.027780252857605
        0.300000000000000        0.400000000000000        0.044051325859477        0.022997373283214        0.021053952576263
        0.333333333333333        0.433333333333333        0.052113278026954        0.027206184704199        0.024907093322756
        0.366666666666667        0.466666666666667        0.052113278026954        0.027206184704199        0.024907093322756
        0.300000000000000        0.500000000000000        0.031148991235494        0.016261598598039        0.014887392637456
        0.333333333333333        0.533333333333333        0.026975817712197        0.014082957492047        0.012892860220150
        0.366666666666667        0.566666666666667        0.015574495617747        0.008130799299019        0.007443696318728
        0.300000000000000        0.600000000000000        0.000000000000000        0.000000000000000        0.000000000000000
        0.333333333333333        0.633333333333333       -0.013963710762261       -0.007289875220622        0.006673835541639
        0.366666666666667        0.666666666666667       -0.030087615097216       -0.015707498062592        0.014380117034624
        0.300000000000000        0.700000000000000       -0.031148991235494       -0.016261598598039        0.014887392637456
        0.333333333333333        0.733333333333333       -0.046723486853242       -0.024392397897058        0.022331088956183
        0.366666666666667        0.766666666666667       -0.058124808947691       -0.030344556090086        0.027780252857605
        0.300000000000000        0.800000000000000       -0.044051325859477       -0.022997373283214        0.021053952576263
        0.333333333333333        0.833333333333333       -0.052113278026954       -0.027206184704199        0.024907093322756
        0.366666666666667        0.866666666666667       -0.052113278026954       -0.027206184704199        0.024907093322756
        0.300000000000000        0.900000000000000       -0.031148991235494       -0.016261598598039        0.014887392637456
        0.333333333333333        0.933333333333333       -0.026975817712197       -0.014082957492047        0.012892860220150
        0.366666666666667        0.966666666666667       -0.015574495617747       -0.008130799299019        0.007443696318728
        0.300000000000000        1.000000000000000       -0.000000000000000       -0.000000000000000        0.000000000000000
        0.333333333333333        1.033333333333333        0.013963710762261        0.007289875220622        0.006673835541639
        0.366666666666667        1.066666666666667        0.030087615097216        0.015707498062592        0.014380117034624
        0.400000000000000        0.000000000000000       -0.062297982470989       -0.032523197196078        0.029774785274911
        0.433333333333333        0.033333333333333       -0.058124808947691       -0.030344556090086        0.027780252857605
        0.466666666666667        0.066666666666667       -0.046723486853242       -0.024392397897058        0.022331088956183
        0.400000000000000        0.100000000000000       -0.044051325859477       -0.022997373283214        0.021053952576263
        0.433333333333333        0.133333333333333       -0.030087615097216       -0.015707498062592        0.014380117034624
        0.466666666666667        0.166666666666667       -0.013963710762261       -0.007289875220622        0.006673835541639
        0.400000000000000        0.200000000000000       -0.000000000000000       -0.000000000000000        0.000000000000000
        0.433333333333333        0.233333333333333        0.015574495617747        0.008130799299019        0.007443696318728
        0.466666666666667        0.266666666666667        0.026975817712197        0.014082957492047        0.012892860220150
        0.400000000000000        0.300000000000000        0.044051325859477        0.022997373283214        0.021053952576263
        0.433333333333333        0.333333333333333        0.052113278026954        0.027206184704199        0.024907093322756
        0.466666666666667        0.366666666666667        0.052113278026954        0.027206184704199        0.024907093322756
        0.400000000000000        0.400000000000000        0.062297982470989        0.032523197196078        0.029774785274911
        0.433333333333333        0.433333333333333        0.058124808947691        0.030344556090086        0.027780252857605
        0.466666666666667        0.466666666666667        0.046723486853242        0.024392397897058        0.022331088956183
        0.400000000000000        0.500000000000000        0.044051325859477        0.022997373283214        0.021053952576263
        0.433333333333333        0.533333333333333        0.030087615097216        0.015707498062592        0.014380117034624
        0.466666666666667        0.566666666666667        0.013963710762261        0.007289875220622        0.006673835541639
        0.400000000000000        0.600000000000000        0.000000000000000        0.000000000000000        0.000000000000000
        0.433333333333333        0.633333333333333       -0.015574495617747       -0.008130799299019        0.007443696318728
        0.466666666666667        0.666666666666667       -0.026975817712197       -0.014082957492047        0.012892860220150
        0.400000000000000        0.700000000000000       -0.044051325859477       -0.022997373283214        0.021053952576263
        0.433333333333333        0.733333333333333       -0.052113278026954       -0.027206184704199        0.024907093322756
        0.466666666666667        0.766666666666667       -0.052113278026954       -0.027206184704199        0.024907093322756
        0.400000000000000        0.800000000000000       -0.062297982470989       -0.032523197196078        0.029774785274911
        0.433333333333333        0.833333333333333       -0.058124808947691       -0.030344556090086        0.027780252857605
        0.466666666666667        0.866666666666667       -0.046723486853242       -0.024392397897058        0.022331088956183
        0.400000000000000        0.900000000000000       -0.044051325859477       -0.022997373283214        0.021053952576263
        0.433333333333333        0.933333333333333       -0.030087615097216       -0.015707498062592        0.014380117034624
        0.466666666666667        0.966666666666667       -0.013963710762261       -0.007289875220622        0.006673835541639
        0.400000000000000        1.000000000000000       -0.000000000000000       -0.000000000000000        0.000000000000000
        0.433333333333333        1.033333333333333        0.015574495617747        0.008130799299019        0.007443696318728
        0.466666666666667        1.066666666666667        0.026975817712197        0.014082957492047        0.012892860220150
        0.500000000000000        0.000000000000000       -0.044051325859477       -0.022997373283214        0.021053952576263
        0.533333333333333        0.033333333333333       -0.030087615097216       -0.015707498062592        0.014380117034624
        0.566666666666667        0.066666666666667       -0.013963710762261       -0.007289875220622        0.006673835541639
        0.500000000000000        0.100000000000000       -0.031148991235494       -0.016261598598039        0.014887392637456
        0.533333333333333        0.133333333333333       -0.015574495617747       -0.008130799299019        0.007443696318728
        0.566666666666667        0.166666666666667       -0.004173173523297       -0.002178641105992        0.001994532417306
        0.500000000000000        0.200000000000000       -0.000000000000000       -0.000000000000000        0.000000000000000
        0.533333333333333        0.233333333333333        0.008061952167477        0.004208811420985        0.003853140746493
        0.566666666666667        0.266666666666667        0.008061952167477        0.004208811420985        0.003853140746493
        0.500000000000000        0.300000000000000        0.031148991235494        0.016261598598039        0.014887392637456
        0.533333333333333        0.333333333333333        0.026975817712197        0.014082957492047        0.012892860220150
        0.566666666666667        0.366666666666667        0.015574495617747        0.008130799299019        0.007443696318728
        0.500000000000000        0.400000000000000        0.044051325859477        0.022997373283214        0.021053952576263
        0.533333333333333        0.433333333333333        0.030087615097216        0.015707498062592        0.014380117034624
        0.566666666666667        0.466666666666667        0.013963710762261        0.007289875220622        0.006673835541639
        0.500000000000000        0.500000000000000        0.031148991235494        0.016261598598039        0.014887392637456
        0.533333333333333        0.533333333333333        0.015574495617747        0.008130799299019        0.007443696318728
        0.566666666666667        0.566666666666667        0.004173173523297        0.002178641105992        0.001994532417306
        0.500000000000000        0.600000000000000        0.000000000000000        0.000000000000000        0.000000000000000
        0.533333333333333        0.633333333333333       -0.008061952167477       -0.004208811420985        0.003853140746493
        0.566666666666667        0.666666666666667       -0.008061952167477       -0.004208811420985        0.003853140746493
        0.500000000000000        0.700000000000000       -0.031148991235494       -0.016261598598039        0.014887392637456
        0.533333333333333        0.733333333333333       -0.026975817712197       -0.014082957492047        0.012892860220150
        0.566666666666667        0.766666666666667       -0.015574495617747       -0.008130799299019        0.007443696318728
        0.500000000000000        0.800000000000000       -0.044051325859477       -0.022997373283214        0.021053952576263
        0.533333333333333        0.833333333333333       -0.030087615097216       -0.015707498062592        0.014380117034624
        0.566666666666667        0.866666666666667       -0.013963710762261       -0.007289875220622        0.006673835541639
        0.500000000000000        0.900000000000000       -0.031148991235494       -0.016261598598039        0.014887392637456
        0.533333333333333        0.933333333333333       -0.015574495617747       -0.008130799299019        0.007443696318728
        0.566666666666667        0.966666666666667       -0.004173173523297       -0.002178641105992        0.001994532417306
        0.500000000000000        1.000000000000000       -0.000000000000000       -0.000000000000000        0.000000000000000
        0.533333333333333        1.033333333333333        0.008061952167477        0.004208811420985        0.003853140746493
        0.566666666666667        1.066666666666667        0.008061952167477        0.004208811420985        0.003853140746493
        0.600000000000000        0.000000000000000       -0.000000000000000       -0.000000000000000        0.000000000000000
        0.633333333333333        0.033333333333333        0.015574495617747        0.008130799299019        0.007443696318728
        0.666666666666667        0.066666666666667        0.026975817712197        0.014082957492047        0.012892860220150
        0.600000000000000        0.100000000000000       -0.000000000000000       -0.000000000000000        0.000000000000000
        0.633333333333333        0.133333333333333        0.008061952167477        0.004208811420985        0.003853140746493
        0.666666666666667        0.166666666666667        0.008061952167477        0.004208811420985        0.003853140746493
        0.600000000000000        0.200000000000000       -0.000000000000000        0.000000000000000        0.000000000000000
        0.633333333333333        0.233333333333333       -0.004173173523297       -0.002178641105992        0.001994532417306
        0.666666666666667        0.266666666666667       -0.015574495617747       -0.008130799299019        0.007443696318728
        0.600000000000000        0.300000000000000        0.000000000000000        0.000000000000000        0.000000000000000
        0.633333333333333        0.333333333333333       -0.013963710762261       -0.007289875220622        0.006673835541639
        0.666666666666667        0.366666666666667       -0.030087615097216       -0.015707498062592        0.014380117034624
        0.600000000000000        0.400000000000000        0.000000000000000        0.000000000000000        0.000000000000000
        0.633333333333333        0.433333333333333       -0.015574495617747       -0.008130799299019        0.007443696318728
        0.666666666666667        0.466666666666667       -0.026975817712197       -0.014082957492047        0.012892860220150
        0.600000000000000        0.500000000000000        0.000000000000000        0.000000000000000        0.000000000000000
        0.633333333333333        0.533333333333333       -0.008061952167477       -0.004208811420985        0.003853140746493
        0.666666666666667        0.566666666666667       -0.008061952167477       -0.004208811420985        0.003853140746493
        0.600000000000000        0.600000000000000        0.000000000000000        0.000000000000000        0.000000000000000
        0.633333333333333        0.633333333333333        0.004173173523297        0.002178641105992        0.001994532417306
        0.666666666666667        0.666666666666667        0.015574495617747        0.008130799299019        0.007443696318728
        0.600000000000000        0.700000000000000       -0.000000000000000       -0.000000000000000        0.000000000000000
        0.633333333333333        0.733333333333333        0.013963710762261        0.007289875220622        0.006673835541639
        0.666666666666667        0.766666666666667        0.030087615097216        0.015707498062592        0.014380117034624
        0.600000000000000        0.800000000000000       -0.000000000000000       -0.000000000000000        0.000000000000000
        0.633333333333333        0.833333333333333        0.015574495617747        0.008130799299019        0.007443696318728
        0.666666666666667        0.866666666666667        0.026975817712197        0.014082957492047        0.012892860220150
        0.600000000000000        0.900000000000000       -0.000000000000000       -0.000000000000000        0.000000000000000
        0.633333333333333        0.933333333333333        0.008061952167477        0.004208811420985        0.003853140746493
        0.666666666666667        0.966666666666667        0.008061952167477        0.004208811420985        0.003853140746493
        0.600000000000000        1.000000000000000       -0.000000000000000       -0.000000000000000        0.000000000000000
        0.633333333333333        1.033333333333333       -0.004173173523297       -0.002178641105992        0.001994532417306
        0.666666666666667        1.066666666666667       -0.015574495617747       -0.008130799299019        0.007443696318728
        0.700000000000000        0.000000000000000        0.044051325859477        0.022997373283214        0.021053952576263
        0.733333333333333        0.033333333333333        0.052113278026954        0.027206184704199        0.024907093322756
        0.766666666666667        0.066666666666667        0.052113278026954        0.027206184704199        0.024907093322756
        0.700000000000000        0.100000000000000        0.031148991235494        0.016261598598039        0.014887392637456
        0.733333333333333        0.133333333333333        0.026975817712197        0.014082957492047        0.012892860220150
        0.766666666666667        0.166666666666667        0.015574495617747        0.008130799299019        0.007443696318728
        0.700000000000000        0.200000000000000        0.000000000000000        0.000000000000000        0.000000000000000
        0.733333333333333        0.233333333333333       -0.013963710762261       -0.007289875220622        0.006673835541639
        0.766666666666667        0.266666666666667       -0.030087615097216       -0.015707498062592        0.014380117034624
        0.700000000000000        0.300000000000000       -0.031148991235494       -0.016261598598039        0.014887392637456
        0.733333333333333        0.333333333333333       -0.046723486853242       -0.024392397897058        0.022331088956183
        0.766666666666667        0.366666666666667       -0.058124808947691       -0.030344556090086        0.027780252857605
        0.700000000000000        0.400000000000000       -0.044051325859477       -0.022997373283214        0.021053952576263
        0.733333333333333        0.433333333333333       -0.052113278026954       -0.027206184704199        0.024907093322756
        0.766666666666667        0.466666666666667       -0.052113278026954       -0.027206184704199        0.024907093322756
        0.700000000000000        0.500000000000000       -0.031148991235494       -0.016261598598039        0.014887392637456
        0.733333333333333        0.533333333333333       -0.026975817712197       -0.014082957492047        0.012892860220150
        0.766666666666667        0.566666666666667       -0.015574495617747       -0.008130799299019        0.007443696318728
        0.700000000000000        0.600000000000000       -0.000000000000000       -0.000000000000000        0.000000000000000
        0.733333333333333        0.633333333333333        0.013963710762261        0.007289875220622        0.006673835541639
        0.766666666666667        0.666666666666667        0.030087615097216        0.015707498062592        0.014380117034624
        0.700000000000000        0.700000000000000        0.031148991235494        0.016261598598039        0.014887392637456
        0.733333333333333        0.733333333333333        0.046723486853242        0.024392397897058        0.022331088956183
        0.766666666666667        0.766666666666667        0.058124808947691        0.030344556090086        0.027780252857605
        0.700000000000000        0.800000000000000        0.044051325859477        0.022997373283214        0.021053952576263
        0.733333333333333        0.833333333333333        0.052113278026954        0.027206184704199        0.024907093322756
        0.766666666666667        0.866666666666667        0.052113278026954        0.027206184704199        0.024907093322756
        0.700000000000000        0.900000000000000        0.031148991235494        0.016261598598039        0.014887392637456
        0.733333333333333        0.933333333333333        0.026975817712197        0.014082957492047        0.012892860220150
        0.766666666666667        0.966666666666667        0.015574495617747        0.008130799299019        0.007443696318728
        0.700000000000000        1.000000000000000        0.000000000000000        0.000000000000000        0.000000000000000
        0.733333333333333        1.033333333333333       -0.013963710762261       -0.007289875220622        0.006673835541639
        0.766666666666667        1.066666666666667       -0.030087615097216       -0.015707498062592        0.014380117034624
        0.800000000000000        0.000000000000000        0.062297982470989        0.032523197196078        0.029774785274911
        0.833333333333333        0.033333333333333        0.058124808947691        0.030344556090086        0.027780252857605
        0.866666666666667        0.066666666666667        0.046723486853242        0.024392397897058        0.022331088956183
        0.800000000000000        0.100000000000000        0.044051325859477        0.022997373283214        0.021053952576263
        0.833333333333333        0.133333333333333        0.030087615097216        0.015707498062592        0.014380117034624
        0.866666666666667        0.166666666666667        0.013963710762261        0.007289875220622        0.006673835541639
        0.800000000000000        0.200000000000000        0.000000000000000        0.000000000000000        0.000000000000000
        0.833333333333333        0.233333333333333       -0.015574495617747       -0.008130799299019        0.007443696318728
        0.866666666666667        0.266666666666667       -0.026975817712197       -0.014082957492047        0.012892860220150
        0.800000000000000        0.300000000000000       -0.044051325859477       -0.022997373283214        0.021053952576263
        0.833333333333333        0.333333333333333       -0.052113278026954       -0.027206184704199        0.024907093322756
        0.866666666666667        0.366666666666667       -0.052113278026954       -0.027206184704199        0.024907093322756
        0.800000000000000        0.400000000000000       -0.062297982470989       -0.032523197196078        0.029774785274911
        0.833333333333333        0.433333333333333       -0.058124808947691       -0.030344556090086        0.027780252857605
        0.866666666666667        0.466666666666667       -0.046723486853242       -0.024392397897058        0.022331088956183
        0.800000000000000        0.500000000000000       -0.044051325859477       -0.022997373283214        0.021053952576263
        0.833333333333333        0.533333333333333       -0.030087615097216       -0.015707498062592        0.014380117034624
        0.866666666666667        0.566666666666667       -0.013963710762261       -0.007289875220622        0.006673835541639
        0.800000000000000        0.600000000000000       -0.000000000000000       -0.000000000000000        0.000000000000000
        0.833333333333333        0.633333333333333        0.015574495617747        0.008130799299019        0.007443696318728
        0.866666666666667        0.666666666666667        0.026975817712197        0.014082957492047        0.012892860220150
        0.800000000000000        0.700000000000000        0.044051325859477        0.022997373283214        0.021053952576263
        0.833333333333333        0.733333333333333        0.052113278026954        0.027206184704199        0.024907093322756
        0.866666666666667        0.766666666666667        0.052113278026954        0.027206184704199        0.024907093322756
        0.800000000000000        0.800000000000000        0.062297982470989        0.032523197196078        0.029774785274911
        0.833333333333333        0.833333333333333        0.058124808947691        0.030344556090086        0.027780252857605
        0.866666666666667        0.866666666666667        0.046723486853242        0.024392397897058        0.022331088956183
        0.800000000000000        0.900000000000000        0.044051325859477        0.022997373283214        0.021053952576263
        0.833333333333333        0.933333333333333        0.030087615097216        0.015707498062592        0.014380117034624
        0.866666666666667        0.966666666666667        0.013963710762261        0.007289875220622        0.006673835541639
        0.800000000000000        1.000000000000000        0.000000000000000        0.000000000000000        0.000000000000000
        0.833333333333333        1.033333333333333       -0.015574495617747       -0.008130799299019        0.007443696318728
        0.866666666666667        1.066666666666667       -0.026975817712197       -0.014082957492047        0.012892860220150
        0.900000000000000        0.000000000000000        0.044051325859477        0.022997373283214        0.021053952576263
        0.933333333333333        0.033333333333333        0.030087615097216        0.015707498062592        0.014380117034624
        0.966666666666667        0.066666666666667        0.013963710762261        0.007289875220622        0.006673835541639
        0.900000000000000        0.100000000000000        0.031148991235494        0.016261598598039        0.014887392637456
        0.933333333333333        0.133333333333333        0.015574495617747        0.008130799299019        0.007443696318728
        0.966666666666667        0.166666666666667        0.004173173523297        0.002178641105992        0.001994532417306
        0.900000000000000        0.200000000000000        0.000000000000000        0.000000000000000        0.000000000000000
        0.933333333333333        0.233333333333333       -0.008061952167477       -0.004208811420985        0.003853140746493
        0.966666666666667        0.266666666666667       -0.008061952167477       -0.004208811420985        0.003853140746493
        0.900000000000000        0.300000000000000       -0.031148991235494       -0.016261598598039        0.014887392637456
        0.933333333333333        0.333333333333333       -0.026975817712197       -0.014082957492047        0.012892860220150
        0.966666666666667        0.366666666666667       -0.015574495617747       -0.008130799299019        0.007443696318728
        0.900000000000000        0.400000000000000       -0.044051325859477       -0.022997373283214        0.021053952576263
        0.933333333333333        0.433333333333333       -0.030087615097216       -0.015707498062592        0.014380117034624
        0.966666666666667        0.466666666666667       -0.013963710762261       -0.007289875220622        0.006673835541639
        0.900000000000000        0.500000000000000       -0.031148991235494       -0.016261598598039        0.014887392637456
        0.933333333333333        0.533333333333333       -0.015574495617747       -0.008130799299019        0.007443696318728
        0.966666666666667        0.566666666666667       -0.004173173523297       -0.002178641105992        0.001994532417306
        0.900000000000000        0.600000000000000       -0.000000000000000       -0.000000000000000        0.000000000000000
        0.933333333333333        0.633333333333333        0.008061952167477        0.004208811420985        0.003853140746493
        0.966666666666667        0.666666666666667        0.008061952167477        0.004208811420985        0.003853140746493
        0.900000000000000        0.700000000000000        0.031148991235494        0.016261598598039        0.014887392637456
        0.933333333333333        0.733333333333333        0.026975817712197        0.014082957492047        0.012892860220150
        0.966666666666667        0.766666666666667        0.015574495617747        0.008130799299019        0.007443696318728
        0.900000000000000        0.800000000000000        0.044051325859477        0.022997373283214        0.021053952576263
        0.933333333333333        0.833333333333333        0.030087615097216        0.015707498062592        0.014380117034624
        0.966666666666667        0.866666666666667        0.013963710762261        0.007289875220622        0.006673835541639
        0.900000000000000        0.900000000000000        0.031148991235494        0.016261598598039        0.014887392637456
        0.933333333333333        0.933333333333333        0.015574495617747        0.008130799299019        0.007443696318728
        0.966666666666667        0.966666666666667        0.004173173523297        0.002178641105992        0.001994532417306
        0.900000000000000        1.000000000000000        0.000000000000000        0.000000000000000        0.000000000000000
        0.933333333333333        1.033333333333333       -0.008061952167477       -0.004208811420985        0.003853140746493
        0.966666666666667        1.066666666666667       -0.008061952167477       -0.004208811420985        0.003853140746493
        1.000000000000000        0.000000000000000        0.000000000000000        0.000000000000000        0.000000000000000
        1.033333333333333        0.033333333333333       -0.015574495617747       -0.008130799299019        0.007443696318728
        1.066666666666667        0.066666666666667       -0.026975817712197       -0.014082957492047        0.012892860220150
        1.000000000000000        0.100000000000000        0.000000000000000        0.000000000000000        0.000000000000000
        1.033333333333333        0.133333333333333       -0.008061952167477       -0.004208811420985        0.003853140746493
        1.066666666666667        0.166666666666667       -0.008061952167477       -0.004208811420985        0.003853140746493
        1.000000000000000        0.200000000000000        0.000000000000000        0.000000000000000        0.000000000000000
        1.033333333333333        0.233333333333333        0.004173173523297        0.002178641105992        0.001994532417306
        1.066666666666667        0.266666666666667        0.015574495617747        0.008130799299019        0.007443696318728
        1.000000000000000        0.300000000000000       -0.000000000000000       -0.000000000000000        0.000000000000000
        1.033333333333333        0.333333333333333        0.013963710762261        0.007289875220622        0.006673835541639
        1.066666666666667        0.366666666666667        0.030087615097216        0.015707498062592        0.014380117034624
        1.000000000000000        0.400000000000000       -0.000000000000000       -0.000000000000000        0.000000000000000
        1.033333333333333        0.433333333333333        0.015574495617747        0.008130799299019        0.007443696318728
        1.066666666666667        0.466666666666667        0.026975817712197        0.014082957492047        0.012892860220150
        1.000000000000000        0.500000000000000       -0.000000000000000       -0.000000000000000        0.000000000000000
        1.033333333333333        0.533333333333333        0.008061952167477        0.004208811420985        0.003853140746493
        1.066666666666667        0.566666666666667        0.008061952167477        0.004208811420985        0.003853140746493
        1.000000000000000        0.600000000000000       -0.000000000000000       -0.000000000000000        0.000000000000000
        1.033333333333333        0.633333333333333       -0.004173173523297       -0.002178641105992        0.001994532417306
        1.066666666666667        0.666666666666667       -0.015574495617747       -0.008130799299019        0.007443696318728
        1.000000000000000        0.700000000000000        0.000000000000000        0.000000000000000        0.000000000000000
        1.033333333333333        0.733333333333333       -0.013963710762261       -0.007289875220622        0.006673835541639
        1.066666666666667        0.766666666666667       -0.030087615097216       -0.015707498062592        0.014380117034624
        1.000000000000000        0.800000000000000        0.000000000000000        0.000000000000000        0.000000000000000
        1.033333333333333        0.833333333333333       -0.015574495617747       -0.008130799299019        0.007443696318728
        1.066666666666667        0.866666666666667       -0.026975817712197       -0.014082957492047        0.012892860220150
        1.000000000000000        0.900000000000000        0.000000000000000        0.000000000000000        0.000000000000000
        1.033333333333333        0.933333333333333       -0.008061952167477       -0.004208811420985        0.003853140746493
        1.066666666666667        0.966666666666667       -0.008061952167477       -0.004208811420985        0.003853140746493
        1.000000000000000        1.000000000000000        0.000000000000000        0.000000000000000        0.000000000000000
        1.033333333333333        1.033333333333333        0.004173173523297        0.002178641105992        0.001994532417306
        1.066666666666667        1.066666666666667        0.015574495617747        0.008130799299019        0.007443696318728
