        0.000000000000000        0.000000000000000        0.055067460389188        0.028748440997408        0.026319019391780
        0.033333333333333        0.033333333333333        0.051378640004059        0.026822660610181        0.024555979393879
        0.066666666666667        0.066666666666667        0.041300595291891        0.021561330748056        0.019739264543835
        0.000000000000000        0.100000000000000        0.038938574663917        0.020328217577808        0.018610357086108
        0.033333333333333        0.133333333333333        0.026595541089034        0.013884430812472        0.012711110276562
        0.066666666666667        0.166666666666667        0.012343033574883        0.006443786765337        0.005899246809546
        0.000000000000000        0.200000000000000        0.000000000000000        0.000000000000000        0.000000000000000
        0.033333333333333        0.233333333333333       -0.013766865097297       -0.007187110249352        0.006579754847945
        0.066666666666667        0.266666666666667       -0.023844909809465       -0.012448440111477        0.011396469697989
        0.000000000000000        0.300000000000000       -0.038938574663917       -0.020328217577808        0.018610357086108
        0.033333333333333        0.333333333333333       -0.046064828420992       -0.024048539601376        0.022016288819616
        0.066666666666667        0.366666666666667       -0.046064828420992       -0.024048539601376        0.022016288819616
        0.000000000000000        0.400000000000000       -0.055067460389188       -0.028748440997408        0.026319019391780
        0.033333333333333        0.433333333333333       -0.051378640004059       -0.026822660610181        0.024555979393879
        0.066666666666667        0.466666666666667       -0.041300595291891       -0.021561330748056        0.019739264543835
        0.000000000000000        0.500000000000000       -0.038938574663917       -0.020328217577808        0.018610357086108
        0.033333333333333        0.533333333333333       -0.026595541089034       -0.013884430812472        0.012711110276562
        0.066666666666667        0.566666666666667       -0.012343033574883       -0.006443786765337        0.005899246809546
        0.000000000000000        0.600000000000000       -0.000000000000000       -0.000000000000000        0.000000000000000
        0.033333333333333        0.633333333333333        0.013766865097297        0.007187110249352        0.006579754847945
        0.066666666666667        0.666666666666667        0.023844909809465        0.012448440111477        0.011396469697989
        0.000000000000000        0.700000000000000        0.038938574663917        0.020328217577808        0.018610357086108
        0.033333333333333        0.733333333333333        0.046064828420992        0.024048539601376        0.022016288819616
        0.066666666666667        0.766666666666667        0.046064828420992        0.024048539601376        0.022016288819616
        0.000000000000000        0.800000000000000        0.055067460389188        0.028748440997408        0.026319019391780
        0.033333333333333        0.833333333333333        0.051378640004059        0.026822660610181        0.024555979393879
        0.066666666666667        0.866666666666667        0.041300595291891        0.021561330748056        0.019739264543835
        0.000000000000000        0.900000000000000        0.038938574663917        0.020328217577808        0.018610357086108
        0.033333333333333        0.933333333333333        0.026595541089034        0.013884430812472        0.012711110276562
        0.066666666666667        0.966666666666667        0.012343033574883        0.006443786765337        0.005899246809546
        0.000000000000000        1.000000000000000        0.000000000000000        0.000000000000000        0.000000000000000
        0.033333333333333        1.033333333333333       -0.013766865097297       -0.007187110249352        0.006579754847945
        0.066666666666667        1.066666666666667       -0.023844909809465       -0.012448440111477        0.011396469697989
        0.100000000000000        0.000000000000000        0.038938574663917        0.020328217577808        0.018610357086108
        0.133333333333333        0.033333333333333        0.026595541089034        0.013884430812472        0.012711110276562
        0.166666666666667        0.066666666666667        0.012343033574883        0.006443786765337        0.005899246809546
        0.100000000000000        0.100000000000000        0.027533730194594        0.014374220498704        0.013159509695890
        0.133333333333333        0.133333333333333        0.013766865097297        0.007187110249352        0.006579754847945
        0.166666666666667        0.166666666666667        0.003688820385129        0.001925780387227        0.001763039997902
        0.100000000000000        0.200000000000000        0.000000000000000        0.000000000000000        0.000000000000000
        0.133333333333333        0.233333333333333       -0.007126253757075       -0.003720322023568        0.003405931733508
        0.166666666666667        0.266666666666667       -0.007126253757075       -0.003720322023568        0.003405931733508
        0.100000000000000        0.300000000000000       -0.027533730194594       -0.014374220498704        0.013159509695890
        0.133333333333333        0.333333333333333       -0.023844909809465       -0.012448440111477        0.011396469697989
        0.166666666666667        0.366666666666667       -0.013766865097297       -0.007187110249352        0.006579754847945
        0.100000000000000        0.400000000000000       -0.038938574663917       -0.020328217577808        0.018610357086108
        0.133333333333333        0.433333333333333       -0.026595541089034       -0.013884430812472        0.012711110276562
        0.166666666666667        0.466666666666667       -0.012343033574883       -0.006443786765337        0.005899246809546
        0.100000000000000        0.500000000000000       -0.027533730194594       -0.014374220498704        0.013159509695890
        0.133333333333333        0.533333333333333       -0.013766865097297       -0.007187110249352        0.006579754847945
        0.166666666666667        0.566666666666667       -0.003688820385129       -0.001925780387227        0.001763039997902
        0.100000000000000        0.600000000000000       -0.000000000000000       -0.000000000000000        0.000000000000000
        0.133333333333333        0.633333333333333        0.007126253757075        0.003720322023568        0.003405931733508
        0.166666666666667        0.666666666666667        0.007126253757075        0.003720322023568        0.003405931733508
        0.100000000000000        0.700000000000000        0.027533730194594        0.014374220498704        0.013159509695890
        0.133333333333333        0.733333333333333        0.023844909809465        0.012448440111477        0.011396469697989
        0.166666666666667        0.766666666666667        0.013766865097297        0.007187110249352        0.006579754847945
        0.100000000000000        0.800000000000000        0.038938574663917        0.020328217577808        0.018610357086108
        0.133333333333333        0.833333333333333        0.026595541089034        0.013884430812472        0.012711110276562
        0.166666666666667        0.866666666666667        0.012343033574883        0.006443786765337        0.005899246809546
        0.100000000000000        0.900000000000000        0.027533730194594        0.014374220498704        0.013159509695890
        0.133333333333333        0.933333333333333        0.013766865097297        0.007187110249352        0.006579754847945
        0.166666666666667        0.966666666666667        0.003688820385129        0.001925780387227        0.001763039997902
        0.100000000000000        1.000000000000000        0.000000000000000        0.000000000000000        0.000000000000000
        0.133333333333333        1.033333333333333       -0.007126253757075       -0.003720322023568        0.003405931733508
        0.166666666666667        1.066666666666667       -0.007126253757075       -0.003720322023568        0.003405931733508
        0.200000000000000        0.000000000000000        0.000000000000000        0.000000000000000        0.000000000000000
        0.233333333333333        0.033333333333333       -0.013766865097297       -0.007187110249352        0.006579754847945
        0.266666666666667        0.066666666666667       -0.023844909809465       -0.012448440111477        0.011396469697989
        0.200000000000000        0.100000000000000        0.000000000000000        0.000000000000000        0.000000000000000
        0.233333333333333        0.133333333333333       -0.007126253757075       -0.003720322023568        0.003405931733508
        0.266666666666667        0.166666666666667       -0.007126253757075       -0.003720322023568        0.003405931733508
        0.200000000000000        0.200000000000000        0.000000000000000        0.000000000000000        0.000000000000000
        0.233333333333333        0.233333333333333        0.003688820385129        0.001925780387227        0.001763039997902
        0.266666666666667        0.266666666666667        0.013766865097297        0.007187110249352        0.006579754847945
        0.200000000000000        0.300000000000000       -0.000000000000000       -0.000000000000000        0.000000000000000
        0.233333333333333        0.333333333333333        0.012343033574883        0.006443786765337        0.005899246809546
        0.266666666666667        0.366666666666667        0.026595541089034        0.013884430812472        0.012711110276562
        0.200000000000000        0.400000000000000       -0.000000000000000       -0.000000000000000        0.000000000000000
        0.233333333333333        0.433333333333333        0.013766865097297        0.007187110249352        0.006579754847945
        0.266666666666667        0.466666666666667        0.023844909809465        0.012448440111477        0.011396469697989
        0.200000000000000        0.500000000000000       -0.000000000000000       -0.000000000000000        0.000000000000000
        0.233333333333333        0.533333333333333        0.007126253757075        0.003720322023568        0.003405931733508
        0.266666666666667        0.566666666666667        0.007126253757075        0.003720322023568        0.003405931733508
        0.200000000000000        0.600000000000000       -0.000000000000000        0.000000000000000        0.000000000000000
        0.233333333333333        0.633333333333333       -0.003688820385129       -0.001925780387227        0.001763039997902
        0.266666666666667        0.666666666666667       -0.013766865097297       -0.007187110249352        0.006579754847945
        0.200000000000000        0.700000000000000        0.000000000000000        0.000000000000000        0.000000000000000
        0.233333333333333        0.733333333333333       -0.012343033574883       -0.006443786765337        0.005899246809546
        0.266666666666667        0.766666666666667       -0.026595541089034       -0.013884430812472        0.012711110276562
        0.200000000000000        0.800000000000000        0.000000000000000        0.000000000000000        0.000000000000000
        0.233333333333333        0.833333333333333       -0.013766865097297       -0.007187110249352        0.006579754847945
        0.266666666666667        0.866666666666667       -0.023844909809465       -0.012448440111477        0.011396469697989
        0.200000000000000        0.900000000000000        0.000000000000000        0.000000000000000        0.000000000000000
        0.233333333333333        0.933333333333333       -0.007126253757075       -0.003720322023568        0.003405931733508
        0.266666666666667        0.966666666666667       -0.007126253757075       -0.003720322023568        0.003405931733508
        0.200000000000000        1.000000000000000        0.000000000000000        0.000000000000000        0.000000000000000
        0.233333333333333        1.033333333333333        0.003688820385129        0.001925780387227        0.001763039997902
        0.266666666666667        1.066666666666667        0.013766865097297        0.007187110249352        0.006579754847945
        0.300000000000000        0.000000000000000       -0.038938574663917       -0.020328217577808        0.018610357086108
        0.333333333333333        0.033333333333333       -0.046064828420992       -0.024048539601376        0.022016288819616
        0.366666666666667        0.066666666666667       -0.046064828420992       -0.024048539601376        0.022016288819616
        0.300000000000000        0.100000000000000       -0.027533730194594       -0.014374220498704        0.013159509695890
        0.333333333333333        0.133333333333333       -0.023844909809465       -0.012448440111477        0.011396469697989
        0.366666666666667        0.166666666666667       -0.013766865097297       -0.007187110249352        0.006579754847945
        0.300000000000000        0.200000000000000       -0.000000000000000       -0.000000000000000        0.000000000000000
        0.333333333333333        0.233333333333333        0.012343033574883        0.006443786765337        0.005899246809546
        0.366666666666667        0.266666666666667        0.026595541089034        0.013884430812472        0.012711110276562
        0.300000000000000        0.300000000000000        0.027533730194594        0.014374220498704        0.013159509695890
        0.333333333333333        0.333333333333333        0.041300595291891        0.021561330748056        0.019739264543835
        0.366666666666667        0.366666666666667        0.051378640004059        0.026822660610181        0.024555979393879
        0.300000000000000        0.400000000000000        0.038938574663917        0.020328217577808        0.018610357086108
        0.333333333333333        0.433333333333333        0.046064828420992        0.024048539601376        0.022016288819616
        0.366666666666667        0.466666666666667        0.046064828420992        0.024048539601376        0.022016288819616
        0.300000000000000        0.500000000000000        0.027533730194594        0.014374220498704        0.013159509695890
        0.333333333333333        0.533333333333333        0.023844909809465        0.012448440111477        0.011396469697989
        0.366666666666667        0.566666666666667        0.013766865097297        0.007187110249352        0.006579754847945
        0.300000000000000        0.600000000000000        0.000000000000000        0.000000000000000        0.000000000000000
        0.333333333333333        0.633333333333333       -0.012343033574883       -0.006443786765337        0.005899246809546
        0.366666666666667        0.666666666666667       -0.026595541089034       -0.013884430812472        0.012711110276562
        0.300000000000000        0.700000000000000       -0.027533730194594       -0.014374220498704        0.013159509695890
        0.333333333333333        0.733333333333333       -0.041300595291891       -0.021561330748056        0.019739264543835
        0.366666666666667        0.766666666666667       -0.051378640004059       -0.026822660610181        0.024555979393879
        0.300000000000000        0.800000000000000       -0.038938574663917       -0.020328217577808        0.018610357086108
        0.333333333333333        0.833333333333333       -0.046064828420992       -0.024048539601376        0.022016288819616
        0.366666666666667        0.866666666666667       -0.046064828420992       -0.024048539601376        0.022016288819616
        0.300000000000000        0.900000000000000       -0.027533730194594       -0.014374220498704        0.013159509695890
        0.333333333333333        0.933333333333333       -0.023844909809465       -0.012448440111477        0.011396469697989
        0.366666666666667        0.966666666666667       -0.013766865097297       -0.007187110249352        0.006579754847945
        0.300000000000000        1.000000000000000       -0.000000000000000       -0.000000000000000        0.000000000000000
        0.333333333333333        1.033333333333333        0.012343033574883        0.006443786765337        0.005899246809546
        0.366666666666667        1.066666666666667        0.026595541089034        0.013884430812472        0.012711110276562
        0.400000000000000        0.000000000000000       -0.055067460389188       -0.028748440997408        0.026319019391780
        0.433333333333333        0.033333333333333       -0.051378640004059       -0.026822660610181        0.024555979393879
        0.466666666666667        0.066666666666667       -0.041300595291891       -0.021561330748056        0.019739264543835
        0.400000000000000        0.100000000000000       -0.038938574663917       -0.020328217577808        0.018610357086108
        0.433333333333333        0.133333333333333       -0.026595541089034       -0.013884430812472        0.012711110276562
        0.466666666666667        0.166666666666667       -0.012343033574883       -0.006443786765337        0.005899246809546
        0.400000000000000        0.200000000000000       -0.000000000000000       -0.000000000000000        0.000000000000000
        0.433333333333333        0.233333333333333        0.013766865097297        0.007187110249352        0.006579754847945
        0.466666666666667        0.266666666666667        0.023844909809465        0.012448440111477        0.011396469697989
        0.400000000000000        0.300000000000000        0.038938574663917        0.020328217577808        0.018610357086108
        0.433333333333333        0.333333333333333        0.046064828420992        0.024048539601376        0.022016288819616
        0.466666666666667        0.366666666666667        0.046064828420992        0.024048539601376        0.022016288819616
        0.400000000000000        0.400000000000000        0.055067460389188        0.028748440997408        0.026319019391780
        0.433333333333333        0.433333333333333        0.051378640004059        0.026822660610181        0.024555979393879
        0.466666666666667        0.466666666666667        0.041300595291891        0.021561330748056        0.019739264543835
        0.400000000000000        0.500000000000000        0.038938574663917        0.020328217577808        0.018610357086108
        0.433333333333333        0.533333333333333        0.026595541089034        0.013884430812472        0.012711110276562
        0.466666666666667        0.566666666666667        0.012343033574883        0.006443786765337        0.005899246809546
        0.400000000000000        0.600000000000000        0.000000000000000        0.000000000000000        0.000000000000000
        0.433333333333333        0.633333333333333       -0.013766865097297       -0.007187110249352        0.006579754847945
        0.466666666666667        0.666666666666667       -0.023844909809465       -0.012448440111477        0.011396469697989
        0.400000000000000        0.700000000000000       -0.038938574663917       -0.020328217577808        0.018610357086108
        0.433333333333333        0.733333333333333       -0.046064828420992       -0.024048539601376        0.022016288819616
        0.466666666666667        0.766666666666667       -0.046064828420992       -0.024048539601376        0.022016288819616
        0.400000000000000        0.800000000000000       -0.055067460389188       -0.028748440997408        0.026319019391780
        0.433333333333333        0.833333333333333       -0.051378640004059       -0.026822660610181        0.024555979393879
        0.466666666666667        0.866666666666667       -0.041300595291891       -0.021561330748056        0.019739264543835
        0.400000000000000        0.900000000000000       -0.038938574663917       -0.020328217577808        0.018610357086108
        0.433333333333333        0.933333333333333       -0.026595541089034       -0.013884430812472        0.012711110276562
        0.466666666666667        0.966666666666667       -0.012343033574883       -0.006443786765337        0.005899246809546
        0.400000000000000        1.000000000000000       -0.000000000000000       -0.000000000000000        0.000000000000000
        0.433333333333333        1.033333333333333        0.013766865097297        0.007187110249352        0.006579754847945
        0.466666666666667        1.066666666666667        0.023844909809465        0.012448440111477        0.011396469697989
        0.500000000000000        0.000000000000000       -0.038938574663917       -0.020328217577808        0.018610357086108
        0.533333333333333        0.033333333333333       -0.026595541089034       -0.013884430812472        0.012711110276562
        0.566666666666667        0.066666666666667       -0.012343033574883       -0.006443786765337        0.005899246809546
        0.500000000000000        0.100000000000000       -0.027533730194594       -0.014374220498704        0.013159509695890
        0.533333333333333        0.133333333333333       -0.013766865097297       -0.007187110249352        0.006579754847945
        0.566666666666667        0.166666666666667       -0.003688820385129       -0.001925780387227        0.001763039997902
        0.500000000000000        0.200000000000000       -0.000000000000000       -0.000000000000000        0.000000000000000
        0.533333333333333        0.233333333333333        0.007126253757075        0.003720322023568        0.003405931733508
        0.566666666666667        0.266666666666667        0.007126253757075        0.003720322023568        0.003405931733508
        0.500000000000000        0.300000000000000        0.027533730194594        0.014374220498704        0.013159509695890
        0.533333333333333        0.333333333333333        0.023844909809465        0.012448440111477        0.011396469697989
        0.566666666666667        0.366666666666667        0.013766865097297        0.007187110249352        0.006579754847945
        0.500000000000000        0.400000000000000        0.038938574663917        0.020328217577808        0.018610357086108
        0.533333333333333        0.433333333333333        0.026595541089034        0.013884430812472        0.012711110276562
        0.566666666666667        0.466666666666667        0.012343033574883        0.006443786765337        0.005899246809546
        0.500000000000000        0.500000000000000        0.027533730194594        0.014374220498704        0.013159509695890
        0.533333333333333        0.533333333333333        0.013766865097297        0.007187110249352        0.006579754847945
        0.566666666666667        0.566666666666667        0.003688820385129        0.001925780387227        0.001763039997902
        0.500000000000000        0.600000000000000        0.000000000000000        0.000000000000000        0.000000000000000
        0.533333333333333        0.633333333333333       -0.007126253757075       -0.003720322023568        0.003405931733508
        0.566666666666667        0.666666666666667       -0.007126253757075       -0.003720322023568        0.003405931733508
        0.500000000000000        0.700000000000000       -0.027533730194594       -0.014374220498704        0.013159509695890
        0.533333333333333        0.733333333333333       -0.023844909809465       -0.012448440111477        0.011396469697989
        0.566666666666667        0.766666666666667       -0.013766865097297       -0.007187110249352        0.006579754847945
        0.500000000000000        0.800000000000000       -0.038938574663917       -0.020328217577808        0.018610357086108
        0.533333333333333        0.833333333333333       -0.026595541089034       -0.013884430812472        0.012711110276562
        0.566666666666667        0.866666666666667       -0.012343033574883       -0.006443786765337        0.005899246809546
        0.500000000000000        0.900000000000000       -0.027533730194594       -0.014374220498704        0.013159509695890
        0.533333333333333        0.933333333333333       -0.013766865097297       -0.007187110249352        0.006579754847945
        0.566666666666667        0.966666666666667       -0.003688820385129       -0.001925780387227        0.001763039997902
        0.500000000000000        1.000000000000000       -0.000000000000000       -0.000000000000000        0.000000000000000
        0.533333333333333        1.033333333333333        0.007126253757075        0.003720322023568        0.003405931733508
        0.566666666666667        1.066666666666667        0.007126253757075        0.003720322023568        0.003405931733508
        0.600000000000000        0.000000000000000       -0.000000000000000       -0.000000000000000        0.000000000000000
        0.633333333333333        0.033333333333333        0.013766865097297        0.007187110249352        0.006579754847945
        0.666666666666667        0.066666666666667        0.023844909809465        0.012448440111477        0.011396469697989
        0.600000000000000        0.100000000000000       -0.000000000000000       -0.000000000000000        0.000000000000000
        0.633333333333333        0.133333333333333        0.007126253757075        0.003720322023568        0.003405931733508
        0.666666666666667        0.166666666666667        0.007126253757075        0.003720322023568        0.003405931733508
        0.600000000000000        0.200000000000000       -0.000000000000000        0.000000000000000        0.000000000000000
        0.633333333333333        0.233333333333333       -0.003688820385129       -0.001925780387227        0.001763039997902
        0.666666666666667        0.266666666666667       -0.013766865097297       -0.007187110249352        0.006579754847945
        0.600000000000000        0.300000000000000        0.000000000000000        0.000000000000000        0.000000000000000
        0.633333333333333        0.333333333333333       -0.012343033574883       -0.006443786765337        0.005899246809546
        0.666666666666667        0.366666666666667       -0.026595541089034       -0.013884430812472        0.012711110276562
        0.600000000000000        0.400000000000000        0.000000000000000        0.000000000000000        0.000000000000000
        0.633333333333333        0.433333333333333       -0.013766865097297       -0.007187110249352        0.006579754847945
        0.666666666666667        0.466666666666667       -0.023844909809465       -0.012448440111477        0.011396469697989
        0.600000000000000        0.500000000000000        0.000000000000000        0.000000000000000        0.000000000000000
        0.633333333333333        0.533333333333333       -0.007126253757075       -0.003720322023568        0.003405931733508
        0.666666666666667        0.566666666666667       -0.007126253757075       -0.003720322023568        0.003405931733508
        0.600000000000000        0.600000000000000        0.000000000000000        0.000000000000000        0.000000000000000
        0.633333333333333        0.633333333333333        0.003688820385129        0.001925780387227        0.001763039997902
        0.666666666666667        0.666666666666667        0.013766865097297        0.007187110249352        0.006579754847945
        0.600000000000000        0.700000000000000       -0.000000000000000       -0.000000000000000        0.000000000000000
        0.633333333333333        0.733333333333333        0.012343033574883        0.006443786765337        0.005899246809546
        0.666666666666667        0.766666666666667        0.026595541089034        0.013884430812472        0.012711110276562
        0.600000000000000        0.800000000000000       -0.000000000000000       -0.000000000000000        0.000000000000000
        0.633333333333333        0.833333333333333        0.013766865097297        0.007187110249352        0.006579754847945
        0.666666666666667        0.866666666666667        0.023844909809465        0.012448440111477        0.011396469697989
        0.600000000000000        0.900000000000000       -0.000000000000000       -0.000000000000000        0.000000000000000
        0.633333333333333        0.933333333333333        0.007126253757075        0.003720322023568        0.003405931733508
        0.666666666666667        0.966666666666667        0.007126253757075        0.003720322023568        0.003405931733508
        0.600000000000000        1.000000000000000       -0.000000000000000       -0.000000000000000        0.000000000000000
        0.633333333333333        1.033333333333333       -0.003688820385129       -0.001925780387227        0.001763039997902
        0.666666666666667        1.066666666666667       -0.013766865097297       -0.007187110249352        0.006579754847945
        0.700000000000000        0.000000000000000        0.038938574663917        0.020328217577808        0.018610357086108
        0.733333333333333        0.033333333333333        0.046064828420992        0.024048539601376        0.022016288819616
        0.766666666666667        0.066666666666667        0.046064828420992        0.024048539601376        0.022016288819616
        0.700000000000000        0.100000000000000        0.027533730194594        0.014374220498704        0.013159509695890
        0.733333333333333        0.133333333333333        0.023844909809465        0.012448440111477        0.011396469697989
        0.766666666666667        0.166666666666667        0.013766865097297        0.007187110249352        0.006579754847945
        0.700000000000000        0.200000000000000        0.000000000000000        0.000000000000000        0.000000000000000
        0.733333333333333        0.233333333333333       -0.012343033574883       -0.006443786765337        0.005899246809546
        0.766666666666667        0.266666666666667       -0.026595541089034       -0.013884430812472        0.012711110276562
        0.700000000000000        0.300000000000000       -0.027533730194594       -0.014374220498704        0.013159509695890
        0.733333333333333        0.333333333333333       -0.041300595291891       -0.021561330748056        0.019739264543835
        0.766666666666667        0.366666666666667       -0.051378640004059       -0.026822660610181        0.024555979393879
        0.700000000000000        0.400000000000000       -0.038938574663917       -0.020328217577808        0.018610357086108
        0.733333333333333        0.433333333333333       -0.046064828420992       -0.024048539601376        0.022016288819616
        0.766666666666667        0.466666666666667       -0.046064828420992       -0.024048539601376        0.022016288819616
        0.700000000000000        0.500000000000000       -0.027533730194594       -0.014374220498704        0.013159509695890
        0.733333333333333        0.533333333333333       -0.023844909809465       -0.012448440111477        0.011396469697989
        0.766666666666667        0.566666666666667       -0.013766865097297       -0.007187110249352        0.006579754847945
        0.700000000000000        0.600000000000000       -0.000000000000000       -0.000000000000000        0.000000000000000
        0.733333333333333        0.633333333333333        0.012343033574883        0.006443786765337        0.005899246809546
        0.766666666666667        0.666666666666667        0.026595541089034        0.013884430812472        0.012711110276562
        0.700000000000000        0.700000000000000        0.027533730194594        0.014374220498704        0.013159509695890
        0.733333333333333        0.733333333333333        0.041300595291891        0.021561330748056        0.019739264543835
        0.766666666666667        0.766666666666667        0.051378640004059        0.026822660610181        0.024555979393879
        0.700000000000000        0.800000000000000        0.038938574663917        0.020328217577808        0.018610357086108
        0.733333333333333        0.833333333333333        0.046064828420992        0.024048539601376        0.022016288819616
        0.766666666666667        0.866666666666667        0.046064828420992        0.024048539601376        0.022016288819616
        0.700000000000000        0.900000000000000        0.027533730194594        0.014374220498704        0.013159509695890
        0.733333333333333        0.933333333333333        0.023844909809465        0.012448440111477        0.011396469697989
        0.766666666666667        0.966666666666667        0.013766865097297        0.007187110249352        0.006579754847945
        0.700000000000000        1.000000000000000        0.000000000000000        0.000000000000000        0.000000000000000
        0.733333333333333        1.033333333333333       -0.012343033574883       -0.006443786765337        0.005899246809546
        0.766666666666667        1.066666666666667       -0.026595541089034       -0.013884430812472        0.012711110276562
        0.800000000000000        0.000000000000000        0.055067460389188        0.028748440997408        0.026319019391780
        0.833333333333333        0.033333333333333        0.051378640004059        0.026822660610181        0.024555979393879
        0.866666666666667        0.066666666666667        0.041300595291891        0.021561330748056        0.019739264543835
        0.800000000000000        0.100000000000000        0.038938574663917        0.020328217577808        0.018610357086108
        0.833333333333333        0.133333333333333        0.026595541089034        0.013884430812472        0.012711110276562
        0.866666666666667        0.166666666666667        0.012343033574883        0.006443786765337        0.005899246809546
        0.800000000000000        0.200000000000000        0.000000000000000        0.000000000000000        0.000000000000000
        0.833333333333333        0.233333333333333       -0.013766865097297       -0.007187110249352        0.006579754847945
        0.866666666666667        0.266666666666667       -0.023844909809465       -0.012448440111477        0.011396469697989
        0.800000000000000        0.300000000000000       -0.038938574663917       -0.020328217577808        0.018610357086108
        0.833333333333333        0.333333333333333       -0.046064828420992       -0.024048539601376        0.022016288819616
        0.866666666666667        0.366666666666667       -0.046064828420992       -0.024048539601376        0.022016288819616
        0.800000000000000        0.400000000000000       -0.055067460389188       -0.028748440997408        0.026319019391780
        0.833333333333333        0.433333333333333       -0.051378640004059       -0.026822660610181        0.024555979393879
        0.866666666666667        0.466666666666667       -0.041300595291891       -0.021561330748056        0.019739264543835
        0.800000000000000        0.500000000000000       -0.038938574663917       -0.020328217577808        0.018610357086108
        0.833333333333333        0.533333333333333       -0.026595541089034       -0.013884430812472        0.012711110276562
        0.866666666666667        0.566666666666667       -0.012343033574883       -0.006443786765337        0.005899246809546
        0.800000000000000        0.600000000000000       -0.000000000000000       -0.000000000000000        0.000000000000000
        0.833333333333333        0.633333333333333        0.013766865097297        0.007187110249352        0.006579754847945
        0.866666666666667        0.666666666666667        0.023844909809465        0.012448440111477        0.011396469697989
        0.800000000000000        0.700000000000000        0.038938574663917        0.020328217577808        0.018610357086108
        0.833333333333333        0.733333333333333        0.046064828420992        0.024048539601376        0.022016288819616
        0.866666666666667        0.766666666666667        0.046064828420992        0.024048539601376        0.022016288819616
        0.800000000000000        0.800000000000000        0.055067460389188        0.028748440997408        0.026319019391780
        0.833333333333333        0.833333333333333        0.051378640004059        0.026822660610181        0.024555979393879
        0.866666666666667        0.866666666666667        0.041300595291891        0.021561330748056        0.019739264543835
        0.800000000000000        0.900000000000000        0.038938574663917        0.020328217577808        0.018610357086108
        0.833333333333333        0.933333333333333        0.026595541089034        0.013884430812472        0.012711110276562
        0.866666666666667        0.966666666666667        0.012343033574883        0.006443786765337        0.005899246809546
        0.800000000000000        1.000000000000000        0.000000000000000        0.000000000000000        0.000000000000000
        0.833333333333333        1.033333333333333       -0.013766865097297       -0.007187110249352        0.006579754847945
        0.866666666666667        1.066666666666667       -0.023844909809465       -0.012448440111477        0.011396469697989
        0.900000000000000        0.000000000000000        0.038938574663917        0.020328217577808        0.018610357086108
        0.933333333333333        0.033333333333333        0.026595541089034        0.013884430812472        0.012711110276562
        0.966666666666667        0.066666666666667        0.012343033574883        0.006443786765337        0.005899246809546
        0.900000000000000        0.100000000000000        0.027533730194594        0.014374220498704        0.013159509695890
        0.933333333333333        0.133333333333333        0.013766865097297        0.007187110249352        0.006579754847945
        0.966666666666667        0.166666666666667        0.003688820385129        0.001925780387227        0.001763039997902
        0.900000000000000        0.200000000000000        0.000000000000000        0.000000000000000        0.000000000000000
        0.933333333333333        0.233333333333333       -0.007126253757075       -0.003720322023568        0.003405931733508
        0.966666666666667        0.266666666666667       -0.007126253757075       -0.003720322023568        0.003405931733508
        0.900000000000000        0.300000000000000       -0.027533730194594       -0.014374220498704        0.013159509695890
        0.933333333333333        0.333333333333333       -0.023844909809465       -0.012448440111477        0.011396469697989
        0.966666666666667        0.366666666666667       -0.013766865097297       -0.007187110249352        0.006579754847945
        0.900000000000000        0.400000000000000       -0.038938574663917       -0.020328217577808        0.018610357086108
        0.933333333333333        0.433333333333333       -0.026595541089034       -0.013884430812472        0.012711110276562
        0.966666666666667        0.466666666666667       -0.012343033574883       -0.006443786765337        0.005899246809546
        0.900000000000000        0.500000000000000       -0.027533730194594       -0.014374220498704        0.013159509695890
        0.933333333333333        0.533333333333333       -0.013766865097297       -0.007187110249352        0.006579754847945
        0.966666666666667        0.566666666666667       -0.003688820385129       -0.001925780387227        0.001763039997902
        0.900000000000000        0.600000000000000       -0.000000000000000       -0.000000000000000        0.000000000000000
        0.933333333333333        0.633333333333333        0.007126253757075        0.003720322023568        0.003405931733508
        0.966666666666667        0.666666666666667        0.007126253757075        0.003720322023568        0.003405931733508
        0.900000000000000        0.700000000000000        0.027533730194594        0.014374220498704        0.013159509695890
        0.933333333333333        0.733333333333333        0.023844909809465        0.012448440111477        0.011396469697989
        0.966666666666667        0.766666666666667        0.013766865097297        0.007187110249352        0.006579754847945
        0.900000000000000        0.800000000000000        0.038938574663917        0.020328217577808        0.018610357086108
        0.933333333333333        0.833333333333333        0.026595541089034        0.013884430812472        0.012711110276562
        0.966666666666667        0.866666666666667        0.012343033574883        0.006443786765337        0.005899246809546
        0.900000000000000        0.900000000000000        0.027533730194594        0.014374220498704        0.013159509695890
        0.933333333333333        0.933333333333333        0.013766865097297        0.007187110249352        0.006579754847945
        0.966666666666667        0.966666666666667        0.003688820385129        0.001925780387227        0.001763039997902
        0.900000000000000        1.000000000000000        0.000000000000000        0.000000000000000        0.000000000000000
        0.933333333333333        1.033333333333333       -0.007126253757075       -0.003720322023568        0.003405931733508
        0.966666666666667        1.066666666666667       -0.007126253757075       -0.003720322023568        0.003405931733508
        1.000000000000000        0.000000000000000        0.000000000000000        0.000000000000000        0.000000000000000
        1.033333333333333        0.033333333333333       -0.013766865097297       -0.007187110249352        0.006579754847945
        1.066666666666667        0.066666666666667       -0.023844909809465       -0.012448440111477        0.011396469697989
        1.000000000000000        0.100000000000000        0.000000000000000        0.000000000000000        0.000000000000000
        1.033333333333333        0.133333333333333       -0.007126253757075       -0.003720322023568        0.003405931733508
        1.066666666666667        0.166666666666667       -0.007126253757075       -0.003720322023568        0.003405931733508
        1.000000000000000        0.200000000000000        0.000000000000000        0.000000000000000        0.000000000000000
        1.033333333333333        0.233333333333333        0.003688820385129        0.001925780387227        0.001763039997902
        1.066666666666667        0.266666666666667        0.013766865097297        0.007187110249352        0.006579754847945
        1.000000000000000        0.300000000000000       -0.000000000000000       -0.000000000000000        0.000000000000000
        1.033333333333333        0.333333333333333        0.012343033574883        0.006443786765337        0.005899246809546
        1.066666666666667        0.366666666666667        0.026595541089034        0.013884430812472        0.012711110276562
        1.000000000000000        0.400000000000000       -0.000000000000000       -0.000000000000000        0.000000000000000
        1.033333333333333        0.433333333333333        0.013766865097297        0.007187110249352        0.006579754847945
        1.066666666666667        0.466666666666667        0.023844909809465        0.012448440111477        0.011396469697989
        1.000000000000000        0.500000000000000       -0.000000000000000       -0.000000000000000        0.000000000000000
        1.033333333333333        0.533333333333333        0.007126253757075        0.003720322023568        0.003405931733508
        1.066666666666667        0.566666666666667        0.007126253757075        0.003720322023568        0.003405931733508
        1.000000000000000        0.600000000000000       -0.000000000000000       -0.000000000000000        0.000000000000000
        1.033333333333333        0.633333333333333       -0.003688820385129       -0.001925780387227        0.001763039997902
        1.066666666666667        0.666666666666667       -0.013766865097297       -0.007187110249352        0.006579754847945
        1.000000000000000        0.700000000000000        0.000000000000000        0.000000000000000        0.000000000000000
        1.033333333333333        0.733333333333333       -0.012343033574883       -0.006443786765337        0.005899246809546
        1.066666666666667        0.766666666666667       -0.026595541089034       -0.013884430812472        0.012711110276562
        1.000000000000000        0.800000000000000        0.000000000000000        0.000000000000000        0.000000000000000
        1.033333333333333        0.833333333333333       -0.013766865097297       -0.007187110249352        0.006579754847945
        1.066666666666667        0.866666666666667       -0.023844909809465       -0.012448440111477        0.011396469697989
        1.000000000000000        0.900000000000000        0.000000000000000        0.000000000000000        0.000000000000000
        1.033333333333333        0.933333333333333       -0.007126253757075       -0.003720322023568        0.003405931733508
        1.066666666666667        0.966666666666667       -0.007126253757075       -0.003720322023568        0.003405931733508
        1.000000000000000        1.000000000000000        0.000000000000000        0.000000000000000        0.000000000000000
        1.033333333333333        1.033333333333333        0.003688820385129        0.001925780387227        0.001763039997902
        1.066666666666667        1.066666666666667        0.013766865097297        0.007187110249352        0.006579754847945
