        0.000000000000000        0.000000000000000       29.863150989143146       29.863150989143180        0.000000000000033
        0.033333333333333        0.033333333333333       27.862699191395749       27.862699191395773        0.000000000000024
        0.066666666666667        0.066666666666667       22.397363241857360       22.397363241857363        0.000000000000003
        0.000000000000000        0.100000000000000       21.116436572020874       21.116436572020877        0.000000000000004
        0.033333333333333        0.133333333333333       14.422794397391651       14.422794397391646        0.000000000000005
        0.066666666666667        0.166666666666667        6.693642174629224        6.693642174629217        0.000000000000007
        0.000000000000000        0.200000000000000        0.000000000000002        0.000000000000000        0.000000000000002
        0.033333333333333        0.233333333333333       -7.465787747285785       -7.465787747285784        0.000000000000000
        0.066666666666667        0.266666666666667      -12.931123696824174      -12.931123696824171        0.000000000000003
        0.000000000000000        0.300000000000000      -21.116436572020871      -21.116436572020880        0.000000000000009
        0.033333333333333        0.333333333333333      -24.981012683402085      -24.981012683402095        0.000000000000009
        0.066666666666667        0.366666666666667      -24.981012683402086      -24.981012683402087        0.000000000000001
        0.000000000000000        0.400000000000000      -29.863150989143146      -29.863150989143162        0.000000000000016
        0.033333333333333        0.433333333333333      -27.862699191395750      -27.862699191395762        0.000000000000012
        0.066666666666667        0.466666666666667      -22.397363241857362      -22.397363241857366        0.000000000000004
        0.000000000000000        0.500000000000000      -21.116436572020876      -21.116436572020893        0.000000000000017
        0.033333333333333        0.533333333333333      -14.422794397391654      -14.422794397391666        0.000000000000012
        0.066666666666667        0.566666666666667       -6.693642174629227       -6.693642174629230        0.000000000000003
        0.000000000000000        0.600000000000000       -0.000000000000005       -0.000000000000005        0.000000000000001
        0.033333333333333        0.633333333333333        7.465787747285781        7.465787747285788        0.000000000000006
        0.066666666666667        0.666666666666667       12.931123696824171       12.931123696824175        0.000000000000004
        0.000000000000000        0.700000000000000       21.116436572020868       21.116436572020882        0.000000000000014
        0.033333333333333        0.733333333333333       24.981012683402083       24.981012683402095        0.000000000000012
        0.066666666666667        0.766666666666667       24.981012683402085       24.981012683402089        0.000000000000004
        0.000000000000000        0.800000000000000       29.863150989143146       29.863150989143166        0.000000000000020
        0.033333333333333        0.833333333333333       27.862699191395751       27.862699191395765        0.000000000000015
        0.066666666666667        0.866666666666667       22.397363241857363       22.397363241857364        0.000000000000001
        0.000000000000000        0.900000000000000       21.116436572020879       21.116436572020885        0.000000000000006
        0.033333333333333        0.933333333333333       14.422794397391657       14.422794397391656        0.000000000000002
        0.066666666666667        0.966666666666667        6.693642174629230        6.693642174629226        0.000000000000005
        0.000000000000000        1.000000000000000        0.000000000000009        0.000000000000009        0.000000000000000
        0.033333333333333        1.033333333333333       -7.465787747285778       -7.465787747285775        0.000000000000002
        0.066666666666667        1.066666666666667      -12.931123696824169      -12.931123696824163        0.000000000000006
        0.100000000000000        0.000000000000000       21.116436572020874       21.116436572020877        0.000000000000004
        0.133333333333333        0.033333333333333       14.422794397391651       14.422794397391646        0.000000000000005
        0.166666666666667        0.066666666666667        6.693642174629224        6.693642174629217        0.000000000000007
        0.100000000000000        0.100000000000000       14.931575494571574       14.931575494571562        0.000000000000012
        0.133333333333333        0.133333333333333        7.465787747285788        7.465787747285776        0.000000000000012
        0.166666666666667        0.166666666666667        2.000451797747398        2.000451797747394        0.000000000000004
        0.100000000000000        0.200000000000000        0.000000000000001        0.000000000000000        0.000000000000001
        0.133333333333333        0.233333333333333       -3.864576111381213       -3.864576111381208        0.000000000000005
        0.166666666666667        0.266666666666667       -3.864576111381214       -3.864576111381208        0.000000000000006
        0.100000000000000        0.300000000000000      -14.931575494571572      -14.931575494571564        0.000000000000008
        0.133333333333333        0.333333333333333      -12.931123696824176      -12.931123696824165        0.000000000000011
        0.166666666666667        0.366666666666667       -7.465787747285788       -7.465787747285779        0.000000000000008
        0.100000000000000        0.400000000000000      -21.116436572020874      -21.116436572020865        0.000000000000009
        0.133333333333333        0.433333333333333      -14.422794397391652      -14.422794397391640        0.000000000000011
        0.166666666666667        0.466666666666667       -6.693642174629225       -6.693642174629218        0.000000000000007
        0.100000000000000        0.500000000000000      -14.931575494571576      -14.931575494571574        0.000000000000002
        0.133333333333333        0.533333333333333       -7.465787747285789       -7.465787747285786        0.000000000000003
        0.166666666666667        0.566666666666667       -2.000451797747399       -2.000451797747398        0.000000000000001
        0.100000000000000        0.600000000000000       -0.000000000000004       -0.000000000000003        0.000000000000001
        0.133333333333333        0.633333333333333        3.864576111381211        3.864576111381210        0.000000000000001
        0.166666666666667        0.666666666666667        3.864576111381213        3.864576111381210        0.000000000000003
        0.100000000000000        0.700000000000000       14.931575494571570       14.931575494571566        0.000000000000004
        0.133333333333333        0.733333333333333       12.931123696824175       12.931123696824165        0.000000000000010
        0.166666666666667        0.766666666666667        7.465787747285787        7.465787747285780        0.000000000000008
        0.100000000000000        0.800000000000000       21.116436572020874       21.116436572020868        0.000000000000006
        0.133333333333333        0.833333333333333       14.422794397391652       14.422794397391642        0.000000000000010
        0.166666666666667        0.866666666666667        6.693642174629225        6.693642174629217        0.000000000000008
        0.100000000000000        0.900000000000000       14.931575494571578       14.931575494571568        0.000000000000010
        0.133333333333333        0.933333333333333        7.465787747285791        7.465787747285781        0.000000000000010
        0.166666666666667        0.966666666666667        2.000451797747400        2.000451797747396        0.000000000000004
        0.100000000000000        1.000000000000000        0.000000000000006        0.000000000000006        0.000000000000000
        0.133333333333333        1.033333333333333       -3.864576111381209       -3.864576111381203        0.000000000000006
        0.166666666666667        1.066666666666667       -3.864576111381212       -3.864576111381206        0.000000000000006
        0.200000000000000        0.000000000000000        0.000000000000002        0.000000000000000        0.000000000000002
        0.233333333333333        0.033333333333333       -7.465787747285785       -7.465787747285784        0.000000000000000
        0.266666666666667        0.066666666666667      -12.931123696824174      -12.931123696824171        0.000000000000003
        0.200000000000000        0.100000000000000        0.000000000000001        0.000000000000000        0.000000000000001
        0.233333333333333        0.133333333333333       -3.864576111381213       -3.864576111381208        0.000000000000005
        0.266666666666667        0.166666666666667       -3.864576111381214       -3.864576111381208        0.000000000000006
        0.200000000000000        0.200000000000000        0.000000000000000       -0.000000000000000        0.000000000000000
        0.233333333333333        0.233333333333333        2.000451797747396        2.000451797747394        0.000000000000002
        0.266666666666667        0.266666666666667        7.465787747285784        7.465787747285780        0.000000000000005
        0.200000000000000        0.300000000000000       -0.000000000000001       -0.000000000000000        0.000000000000001
        0.233333333333333        0.333333333333333        6.693642174629221        6.693642174629217        0.000000000000003
        0.266666666666667        0.366666666666667       14.422794397391648       14.422794397391643        0.000000000000005
        0.200000000000000        0.400000000000000       -0.000000000000002       -0.000000000000000        0.000000000000002
        0.233333333333333        0.433333333333333        7.465787747285785        7.465787747285781        0.000000000000003
        0.266666666666667        0.466666666666667       12.931123696824175       12.931123696824172        0.000000000000003
        0.200000000000000        0.500000000000000       -0.000000000000001       -0.000000000000000        0.000000000000001
        0.233333333333333        0.533333333333333        3.864576111381214        3.864576111381213        0.000000000000000
        0.266666666666667        0.566666666666667        3.864576111381216        3.864576111381216        0.000000000000000
        0.200000000000000        0.600000000000000       -0.000000000000000       -0.000000000000000        0.000000000000000
        0.233333333333333        0.633333333333333       -2.000451797747395       -2.000451797747395        0.000000000000000
        0.266666666666667        0.666666666666667       -7.465787747285783       -7.465787747285782        0.000000000000001
        0.200000000000000        0.700000000000000        0.000000000000001        0.000000000000000        0.000000000000001
        0.233333333333333        0.733333333333333       -6.693642174629220       -6.693642174629217        0.000000000000003
        0.266666666666667        0.766666666666667      -14.422794397391647      -14.422794397391644        0.000000000000003
        0.200000000000000        0.800000000000000        0.000000000000002        0.000000000000000        0.000000000000002
        0.233333333333333        0.833333333333333       -7.465787747285785       -7.465787747285782        0.000000000000003
        0.266666666666667        0.866666666666667      -12.931123696824176      -12.931123696824171        0.000000000000004
        0.200000000000000        0.900000000000000        0.000000000000001        0.000000000000000        0.000000000000001
        0.233333333333333        0.933333333333333       -3.864576111381215       -3.864576111381211        0.000000000000004
        0.266666666666667        0.966666666666667       -3.864576111381217       -3.864576111381213        0.000000000000004
        0.200000000000000        1.000000000000000        0.000000000000000        0.000000000000000        0.000000000000000
        0.233333333333333        1.033333333333333        2.000451797747394        2.000451797747392        0.000000000000002
        0.266666666666667        1.066666666666667        7.465787747285781        7.465787747285775        0.000000000000006
        0.300000000000000        0.000000000000000      -21.116436572020871      -21.116436572020880        0.000000000000009
        0.333333333333333        0.033333333333333      -24.981012683402085      -24.981012683402095        0.000000000000009
        0.366666666666667        0.066666666666667      -24.981012683402086      -24.981012683402087        0.000000000000001
        0.300000000000000        0.100000000000000      -14.931575494571572      -14.931575494571564        0.000000000000008
        0.333333333333333        0.133333333333333      -12.931123696824176      -12.931123696824165        0.000000000000011
        0.366666666666667        0.166666666666667       -7.465787747285788       -7.465787747285779        0.000000000000008
        0.300000000000000        0.200000000000000       -0.000000000000001       -0.000000000000000        0.000000000000001
        0.333333333333333        0.233333333333333        6.693642174629221        6.693642174629217        0.000000000000003
        0.366666666666667        0.266666666666667       14.422794397391648       14.422794397391643        0.000000000000005
        0.300000000000000        0.300000000000000       14.931575494571570       14.931575494571566        0.000000000000004
        0.333333333333333        0.333333333333333       22.397363241857357       22.397363241857355        0.000000000000002
        0.366666666666667        0.366666666666667       27.862699191395747       27.862699191395746        0.000000000000001
        0.300000000000000        0.400000000000000       21.116436572020871       21.116436572020867        0.000000000000004
        0.333333333333333        0.433333333333333       24.981012683402086       24.981012683402085        0.000000000000001
        0.366666666666667        0.466666666666667       24.981012683402088       24.981012683402090        0.000000000000002
        0.300000000000000        0.500000000000000       14.931575494571574       14.931575494571576        0.000000000000002
        0.333333333333333        0.533333333333333       12.931123696824179       12.931123696824183        0.000000000000004
        0.366666666666667        0.566666666666667        7.465787747285791        7.465787747285794        0.000000000000003
        0.300000000000000        0.600000000000000        0.000000000000004        0.000000000000003        0.000000000000001
        0.333333333333333        0.633333333333333       -6.693642174629217       -6.693642174629220        0.000000000000003
        0.366666666666667        0.666666666666667      -14.422794397391645      -14.422794397391648        0.000000000000003
        0.300000000000000        0.700000000000000      -14.931575494571568      -14.931575494571568        0.000000000000001
        0.333333333333333        0.733333333333333      -22.397363241857355      -22.397363241857356        0.000000000000000
        0.366666666666667        0.766666666666667      -27.862699191395746      -27.862699191395748        0.000000000000002
        0.300000000000000        0.800000000000000      -21.116436572020871      -21.116436572020870        0.000000000000001
        0.333333333333333        0.833333333333333      -24.981012683402087      -24.981012683402088        0.000000000000001
        0.366666666666667        0.866666666666667      -24.981012683402090      -24.981012683402089        0.000000000000001
        0.300000000000000        0.900000000000000      -14.931575494571576      -14.931575494571570        0.000000000000006
        0.333333333333333        0.933333333333333      -12.931123696824181      -12.931123696824174        0.000000000000007
        0.366666666666667        0.966666666666667       -7.465787747285795       -7.465787747285789        0.000000000000006
        0.300000000000000        1.000000000000000       -0.000000000000006       -0.000000000000006        0.000000000000000
        0.333333333333333        1.033333333333333        6.693642174629214        6.693642174629209        0.000000000000005
        0.366666666666667        1.066666666666667       14.422794397391642       14.422794397391634        0.000000000000008
        0.400000000000000        0.000000000000000      -29.863150989143146      -29.863150989143162        0.000000000000016
        0.433333333333333        0.033333333333333      -27.862699191395750      -27.862699191395762        0.000000000000012
        0.466666666666667        0.066666666666667      -22.397363241857362      -22.397363241857366        0.000000000000004
        0.400000000000000        0.100000000000000      -21.116436572020874      -21.116436572020865        0.000000000000009
        0.433333333333333        0.133333333333333      -14.422794397391652      -14.422794397391640        0.000000000000011
        0.466666666666667        0.166666666666667       -6.693642174629225       -6.693642174629218        0.000000000000007
        0.400000000000000        0.200000000000000       -0.000000000000002       -0.000000000000000        0.000000000000002
        0.433333333333333        0.233333333333333        7.465787747285785        7.465787747285781        0.000000000000003
        0.466666666666667        0.266666666666667       12.931123696824175       12.931123696824172        0.000000000000003
        0.400000000000000        0.300000000000000       21.116436572020871       21.116436572020867        0.000000000000004
        0.433333333333333        0.333333333333333       24.981012683402086       24.981012683402085        0.000000000000001
        0.466666666666667        0.366666666666667       24.981012683402088       24.981012683402090        0.000000000000002
        0.400000000000000        0.400000000000000       29.863150989143146       29.863150989143145        0.000000000000001
        0.433333333333333        0.433333333333333       27.862699191395751       27.862699191395751        0.000000000000000
        0.466666666666667        0.466666666666667       22.397363241857363       22.397363241857368        0.000000000000005
        0.400000000000000        0.500000000000000       21.116436572020876       21.116436572020881        0.000000000000005
        0.433333333333333        0.533333333333333       14.422794397391655       14.422794397391660        0.000000000000006
        0.466666666666667        0.566666666666667        6.693642174629228        6.693642174629231        0.000000000000003
        0.400000000000000        0.600000000000000        0.000000000000005        0.000000000000005        0.000000000000001
        0.433333333333333        0.633333333333333       -7.465787747285781       -7.465787747285785        0.000000000000003
        0.466666666666667        0.666666666666667      -12.931123696824172      -12.931123696824177        0.000000000000004
        0.400000000000000        0.700000000000000      -21.116436572020868      -21.116436572020870        0.000000000000002
        0.433333333333333        0.733333333333333      -24.981012683402084      -24.981012683402086        0.000000000000001
        0.466666666666667        0.766666666666667      -24.981012683402087      -24.981012683402092        0.000000000000005
        0.400000000000000        0.800000000000000      -29.863150989143146      -29.863150989143149        0.000000000000003
        0.433333333333333        0.833333333333333      -27.862699191395752      -27.862699191395755        0.000000000000003
        0.466666666666667        0.866666666666667      -22.397363241857365      -22.397363241857367        0.000000000000002
        0.400000000000000        0.900000000000000      -21.116436572020879      -21.116436572020873        0.000000000000006
        0.433333333333333        0.933333333333333      -14.422794397391658      -14.422794397391650        0.000000000000008
        0.466666666666667        0.966666666666667       -6.693642174629231       -6.693642174629226        0.000000000000004
        0.400000000000000        1.000000000000000       -0.000000000000009       -0.000000000000009        0.000000000000000
        0.433333333333333        1.033333333333333        7.465787747285778        7.465787747285772        0.000000000000006
        0.466666666666667        1.066666666666667       12.931123696824170       12.931123696824164        0.000000000000005
        0.500000000000000        0.000000000000000      -21.116436572020876      -21.116436572020893        0.000000000000017
        0.533333333333333        0.033333333333333      -14.422794397391654      -14.422794397391666        0.000000000000012
        0.566666666666667        0.066666666666667       -6.693642174629227       -6.693642174629230        0.000000000000003
        0.500000000000000        0.100000000000000      -14.931575494571576      -14.931575494571574        0.000000000000002
        0.533333333333333        0.133333333333333       -7.465787747285789       -7.465787747285786        0.000000000000003
        0.566666666666667        0.166666666666667       -2.000451797747399       -2.000451797747398        0.000000000000001
        0.500000000000000        0.200000000000000       -0.000000000000001       -0.000000000000000        0.000000000000001
        0.533333333333333        0.233333333333333        3.864576111381214        3.864576111381213        0.000000000000000
        0.566666666666667        0.266666666666667        3.864576111381216        3.864576111381216        0.000000000000000
        0.500000000000000        0.300000000000000       14.931575494571574       14.931575494571576        0.000000000000002
        0.533333333333333        0.333333333333333       12.931123696824179       12.931123696824183        0.000000000000004
        0.566666666666667        0.366666666666667        7.465787747285791        7.465787747285794        0.000000000000003
        0.500000000000000        0.400000000000000       21.116436572020876       21.116436572020881        0.000000000000005
        0.533333333333333        0.433333333333333       14.422794397391655       14.422794397391660        0.000000000000006
        0.566666666666667        0.466666666666667        6.693642174629228        6.693642174629231        0.000000000000003
        0.500000000000000        0.500000000000000       14.931575494571578       14.931575494571585        0.000000000000007
        0.533333333333333        0.533333333333333        7.465787747285791        7.465787747285796        0.000000000000006
        0.566666666666667        0.566666666666667        2.000451797747400        2.000451797747401        0.000000000000002
        0.500000000000000        0.600000000000000        0.000000000000004        0.000000000000003        0.000000000000001
        0.533333333333333        0.633333333333333       -3.864576111381212       -3.864576111381215        0.000000000000003
        0.566666666666667        0.666666666666667       -3.864576111381215       -3.864576111381217        0.000000000000002
        0.500000000000000        0.700000000000000      -14.931575494571572      -14.931575494571577        0.000000000000005
        0.533333333333333        0.733333333333333      -12.931123696824178      -12.931123696824183        0.000000000000005
        0.566666666666667        0.766666666666667       -7.465787747285791       -7.465787747285794        0.000000000000003
        0.500000000000000        0.800000000000000      -21.116436572020876      -21.116436572020884        0.000000000000008
        0.533333333333333        0.833333333333333      -14.422794397391655      -14.422794397391662        0.000000000000007
        0.566666666666667        0.866666666666667       -6.693642174629228       -6.693642174629231        0.000000000000002
        0.500000000000000        0.900000000000000      -14.931575494571579      -14.931575494571579        0.000000000000000
        0.533333333333333        0.933333333333333       -7.465787747285792       -7.465787747285791        0.000000000000001
        0.566666666666667        0.966666666666667       -2.000451797747401       -2.000451797747400        0.000000000000001
        0.500000000000000        1.000000000000000       -0.000000000000006       -0.000000000000006        0.000000000000000
        0.533333333333333        1.033333333333333        3.864576111381210        3.864576111381209        0.000000000000001
        0.566666666666667        1.066666666666667        3.864576111381214        3.864576111381214        0.000000000000001
        0.600000000000000        0.000000000000000       -0.000000000000005       -0.000000000000005        0.000000000000001
        0.633333333333333        0.033333333333333        7.465787747285781        7.465787747285788        0.000000000000006
        0.666666666666667        0.066666666666667       12.931123696824171       12.931123696824175        0.000000000000004
        0.600000000000000        0.100000000000000       -0.000000000000004       -0.000000000000003        0.000000000000001
        0.633333333333333        0.133333333333333        3.864576111381211        3.864576111381210        0.000000000000001
        0.666666666666667        0.166666666666667        3.864576111381213        3.864576111381210        0.000000000000003
        0.600000000000000        0.200000000000000       -0.000000000000000       -0.000000000000000        0.000000000000000
        0.633333333333333        0.233333333333333       -2.000451797747395       -2.000451797747395        0.000000000000000
        0.666666666666667        0.266666666666667       -7.465787747285783       -7.465787747285782        0.000000000000001
        0.600000000000000        0.300000000000000        0.000000000000004        0.000000000000003        0.000000000000001
        0.633333333333333        0.333333333333333       -6.693642174629217       -6.693642174629220        0.000000000000003
        0.666666666666667        0.366666666666667      -14.422794397391645      -14.422794397391648        0.000000000000003
        0.600000000000000        0.400000000000000        0.000000000000005        0.000000000000005        0.000000000000001
        0.633333333333333        0.433333333333333       -7.465787747285781       -7.465787747285785        0.000000000000003
        0.666666666666667        0.466666666666667      -12.931123696824172      -12.931123696824177        0.000000000000004
        0.600000000000000        0.500000000000000        0.000000000000004        0.000000000000003        0.000000000000001
        0.633333333333333        0.533333333333333       -3.864576111381212       -3.864576111381215        0.000000000000003
        0.666666666666667        0.566666666666667       -3.864576111381215       -3.864576111381217        0.000000000000002
        0.600000000000000        0.600000000000000        0.000000000000000        0.000000000000000        0.000000000000000
        0.633333333333333        0.633333333333333        2.000451797747394        2.000451797747396        0.000000000000002
        0.666666666666667        0.666666666666667        7.465787747285781        7.465787747285785        0.000000000000003
        0.600000000000000        0.700000000000000       -0.000000000000004       -0.000000000000003        0.000000000000001
        0.633333333333333        0.733333333333333        6.693642174629217        6.693642174629220        0.000000000000003
        0.666666666666667        0.766666666666667       14.422794397391644       14.422794397391649        0.000000000000004
        0.600000000000000        0.800000000000000       -0.000000000000005       -0.000000000000005        0.000000000000001
        0.633333333333333        0.833333333333333        7.465787747285782        7.465787747285786        0.000000000000004
        0.666666666666667        0.866666666666667       12.931123696824173       12.931123696824176        0.000000000000003
        0.600000000000000        0.900000000000000       -0.000000000000004       -0.000000000000003        0.000000000000001
        0.633333333333333        0.933333333333333        3.864576111381213        3.864576111381213        0.000000000000000
        0.666666666666667        0.966666666666667        3.864576111381217        3.864576111381215        0.000000000000002
        0.600000000000000        1.000000000000000       -0.000000000000000       -0.000000000000000        0.000000000000000
        0.633333333333333        1.033333333333333       -2.000451797747394       -2.000451797747393        0.000000000000001
        0.666666666666667        1.066666666666667       -7.465787747285780       -7.465787747285777        0.000000000000002
        0.700000000000000        0.000000000000000       21.116436572020868       21.116436572020882        0.000000000000014
        0.733333333333333        0.033333333333333       24.981012683402083       24.981012683402095        0.000000000000012
        0.766666666666667        0.066666666666667       24.981012683402085       24.981012683402089        0.000000000000004
        0.700000000000000        0.100000000000000       14.931575494571570       14.931575494571566        0.000000000000004
        0.733333333333333        0.133333333333333       12.931123696824175       12.931123696824165        0.000000000000010
        0.766666666666667        0.166666666666667        7.465787747285787        7.465787747285780        0.000000000000008
        0.700000000000000        0.200000000000000        0.000000000000001        0.000000000000000        0.000000000000001
        0.733333333333333        0.233333333333333       -6.693642174629220       -6.693642174629217        0.000000000000003
        0.766666666666667        0.266666666666667      -14.422794397391647      -14.422794397391644        0.000000000000003
        0.700000000000000        0.300000000000000      -14.931575494571568      -14.931575494571568        0.000000000000001
        0.733333333333333        0.333333333333333      -22.397363241857355      -22.397363241857356        0.000000000000000
        0.766666666666667        0.366666666666667      -27.862699191395746      -27.862699191395748        0.000000000000002
        0.700000000000000        0.400000000000000      -21.116436572020868      -21.116436572020870        0.000000000000002
        0.733333333333333        0.433333333333333      -24.981012683402084      -24.981012683402086        0.000000000000001
        0.766666666666667        0.466666666666667      -24.981012683402087      -24.981012683402092        0.000000000000005
        0.700000000000000        0.500000000000000      -14.931575494571572      -14.931575494571577        0.000000000000005
        0.733333333333333        0.533333333333333      -12.931123696824178      -12.931123696824183        0.000000000000005
        0.766666666666667        0.566666666666667       -7.465787747285791       -7.465787747285794        0.000000000000003
        0.700000000000000        0.600000000000000       -0.000000000000004       -0.000000000000003        0.000000000000001
        0.733333333333333        0.633333333333333        6.693642174629217        6.693642174629220        0.000000000000003
        0.766666666666667        0.666666666666667       14.422794397391644       14.422794397391649        0.000000000000004
        0.700000000000000        0.700000000000000       14.931575494571567       14.931575494571570        0.000000000000003
        0.733333333333333        0.733333333333333       22.397363241857354       22.397363241857356        0.000000000000002
        0.766666666666667        0.766666666666667       27.862699191395745       27.862699191395750        0.000000000000004
        0.700000000000000        0.800000000000000       21.116436572020868       21.116436572020873        0.000000000000005
        0.733333333333333        0.833333333333333       24.981012683402085       24.981012683402089        0.000000000000004
        0.766666666666667        0.866666666666667       24.981012683402089       24.981012683402090        0.000000000000001
        0.700000000000000        0.900000000000000       14.931575494571574       14.931575494571572        0.000000000000002
        0.733333333333333        0.933333333333333       12.931123696824180       12.931123696824174        0.000000000000006
        0.766666666666667        0.966666666666667        7.465787747285794        7.465787747285789        0.000000000000005
        0.700000000000000        1.000000000000000        0.000000000000006        0.000000000000006        0.000000000000000
        0.733333333333333        1.033333333333333       -6.693642174629214       -6.693642174629209        0.000000000000005
        0.766666666666667        1.066666666666667      -14.422794397391641      -14.422794397391635        0.000000000000007
        0.800000000000000        0.000000000000000       29.863150989143146       29.863150989143166        0.000000000000020
        0.833333333333333        0.033333333333333       27.862699191395751       27.862699191395765        0.000000000000015
        0.866666666666667        0.066666666666667       22.397363241857363       22.397363241857364        0.000000000000001
        0.800000000000000        0.100000000000000       21.116436572020874       21.116436572020868        0.000000000000006
        0.833333333333333        0.133333333333333       14.422794397391652       14.422794397391642        0.000000000000010
        0.866666666666667        0.166666666666667        6.693642174629225        6.693642174629217        0.000000000000008
        0.800000000000000        0.200000000000000        0.000000000000002        0.000000000000000        0.000000000000002
        0.833333333333333        0.233333333333333       -7.465787747285785       -7.465787747285782        0.000000000000003
        0.866666666666667        0.266666666666667      -12.931123696824176      -12.931123696824171        0.000000000000004
        0.800000000000000        0.300000000000000      -21.116436572020871      -21.116436572020870        0.000000000000001
        0.833333333333333        0.333333333333333      -24.981012683402087      -24.981012683402088        0.000000000000001
        0.866666666666667        0.366666666666667      -24.981012683402090      -24.981012683402089        0.000000000000001
        0.800000000000000        0.400000000000000      -29.863150989143146      -29.863150989143149        0.000000000000003
        0.833333333333333        0.433333333333333      -27.862699191395752      -27.862699191395755        0.000000000000003
        0.866666666666667        0.466666666666667      -22.397363241857365      -22.397363241857367        0.000000000000002
        0.800000000000000        0.500000000000000      -21.116436572020876      -21.116436572020884        0.000000000000008
        0.833333333333333        0.533333333333333      -14.422794397391655      -14.422794397391662        0.000000000000007
        0.866666666666667        0.566666666666667       -6.693642174629228       -6.693642174629231        0.000000000000002
        0.800000000000000        0.600000000000000       -0.000000000000005       -0.000000000000005        0.000000000000001
        0.833333333333333        0.633333333333333        7.465787747285782        7.465787747285786        0.000000000000004
        0.866666666666667        0.666666666666667       12.931123696824173       12.931123696824176        0.000000000000003
        0.800000000000000        0.700000000000000       21.116436572020868       21.116436572020873        0.000000000000005
        0.833333333333333        0.733333333333333       24.981012683402085       24.981012683402089        0.000000000000004
        0.866666666666667        0.766666666666667       24.981012683402089       24.981012683402090        0.000000000000001
        0.800000000000000        0.800000000000000       29.863150989143146       29.863150989143153        0.000000000000007
        0.833333333333333        0.833333333333333       27.862699191395753       27.862699191395758        0.000000000000006
        0.866666666666667        0.866666666666667       22.397363241857366       22.397363241857365        0.000000000000001
        0.800000000000000        0.900000000000000       21.116436572020879       21.116436572020876        0.000000000000003
        0.833333333333333        0.933333333333333       14.422794397391658       14.422794397391652        0.000000000000006
        0.866666666666667        0.966666666666667        6.693642174629231        6.693642174629226        0.000000000000005
        0.800000000000000        1.000000000000000        0.000000000000009        0.000000000000009        0.000000000000000
        0.833333333333333        1.033333333333333       -7.465787747285778       -7.465787747285773        0.000000000000005
        0.866666666666667        1.066666666666667      -12.931123696824170      -12.931123696824163        0.000000000000007
        0.900000000000000        0.000000000000000       21.116436572020879       21.116436572020885        0.000000000000006
        0.933333333333333        0.033333333333333       14.422794397391657       14.422794397391656        0.000000000000002
        0.966666666666667        0.066666666666667        6.693642174629230        6.693642174629226        0.000000000000005
        0.900000000000000        0.100000000000000       14.931575494571578       14.931575494571568        0.000000000000010
        0.933333333333333        0.133333333333333        7.465787747285791        7.465787747285781        0.000000000000010
        0.966666666666667        0.166666666666667        2.000451797747400        2.000451797747396        0.000000000000004
        0.900000000000000        0.200000000000000        0.000000000000001        0.000000000000000        0.000000000000001
        0.933333333333333        0.233333333333333       -3.864576111381215       -3.864576111381211        0.000000000000004
        0.966666666666667        0.266666666666667       -3.864576111381217       -3.864576111381213        0.000000000000004
        0.900000000000000        0.300000000000000      -14.931575494571576      -14.931575494571570        0.000000000000006
        0.933333333333333        0.333333333333333      -12.931123696824181      -12.931123696824174        0.000000000000007
        0.966666666666667        0.366666666666667       -7.465787747285795       -7.465787747285789        0.000000000000006
        0.900000000000000        0.400000000000000      -21.116436572020879      -21.116436572020873        0.000000000000006
        0.933333333333333        0.433333333333333      -14.422794397391658      -14.422794397391650        0.000000000000008
        0.966666666666667        0.466666666666667       -6.693642174629231       -6.693642174629226        0.000000000000004
        0.900000000000000        0.500000000000000      -14.931575494571579      -14.931575494571579        0.000000000000000
        0.933333333333333        0.533333333333333       -7.465787747285792       -7.465787747285791        0.000000000000001
        0.966666666666667        0.566666666666667       -2.000451797747401       -2.000451797747400        0.000000000000001
        0.900000000000000        0.600000000000000       -0.000000000000004       -0.000000000000003        0.000000000000001
        0.933333333333333        0.633333333333333        3.864576111381213        3.864576111381213        0.000000000000000
        0.966666666666667        0.666666666666667        3.864576111381217        3.864576111381215        0.000000000000002
        0.900000000000000        0.700000000000000       14.931575494571574       14.931575494571572        0.000000000000002
        0.933333333333333        0.733333333333333       12.931123696824180       12.931123696824174        0.000000000000006
        0.966666666666667        0.766666666666667        7.465787747285794        7.465787747285789        0.000000000000005
        0.900000000000000        0.800000000000000       21.116436572020879       21.116436572020876        0.000000000000003
        0.933333333333333        0.833333333333333       14.422794397391658       14.422794397391652        0.000000000000006
        0.966666666666667        0.866666666666667        6.693642174629231        6.693642174629226        0.000000000000005
        0.900000000000000        0.900000000000000       14.931575494571581       14.931575494571574        0.000000000000008
        0.933333333333333        0.933333333333333        7.465787747285794        7.465787747285786        0.000000000000008
        0.966666666666667        0.966666666666667        2.000451797747402        2.000451797747399        0.000000000000003
        0.900000000000000        1.000000000000000        0.000000000000006        0.000000000000006        0.000000000000000
        0.933333333333333        1.033333333333333       -3.864576111381211       -3.864576111381206        0.000000000000005
        0.966666666666667        1.066666666666667       -3.864576111381216       -3.864576111381211        0.000000000000005
        1.000000000000000        0.000000000000000        0.000000000000009        0.000000000000009        0.000000000000000
        1.033333333333333        0.033333333333333       -7.465787747285778       -7.465787747285775        0.000000000000002
        1.066666666666667        0.066666666666667      -12.931123696824169      -12.931123696824163        0.000000000000006
        1.000000000000000        0.100000000000000        0.000000000000006        0.000000000000006        0.000000000000000
        1.033333333333333        0.133333333333333       -3.864576111381209       -3.864576111381203        0.000000000000006
        1.066666666666667        0.166666666666667       -3.864576111381212       -3.864576111381206        0.000000000000006
        1.000000000000000        0.200000000000000        0.000000000000000        0.000000000000000        0.000000000000000
        1.033333333333333        0.233333333333333        2.000451797747394        2.000451797747392        0.000000000000002
        1.066666666666667        0.266666666666667        7.465787747285781        7.465787747285775        0.000000000000006
        1.000000000000000        0.300000000000000       -0.000000000000006       -0.000000000000006        0.000000000000000
        1.033333333333333        0.333333333333333        6.693642174629214        6.693642174629209        0.000000000000005
        1.066666666666667        0.366666666666667       14.422794397391642       14.422794397391634        0.000000000000008
        1.000000000000000        0.400000000000000       -0.000000000000009       -0.000000000000009        0.000000000000000
        1.033333333333333        0.433333333333333        7.465787747285778        7.465787747285772        0.000000000000006
        1.066666666666667        0.466666666666667       12.931123696824170       12.931123696824164        0.000000000000005
        1.000000000000000        0.500000000000000       -0.000000000000006       -0.000000000000006        0.000000000000000
        1.033333333333333        0.533333333333333        3.864576111381210        3.864576111381209        0.000000000000001
        1.066666666666667        0.566666666666667        3.864576111381214        3.864576111381214        0.000000000000001
        1.000000000000000        0.600000000000000       -0.000000000000000       -0.000000000000000        0.000000000000000
        1.033333333333333        0.633333333333333       -2.000451797747394       -2.000451797747393        0.000000000000001
        1.066666666666667        0.666666666666667       -7.465787747285780       -7.465787747285777        0.000000000000002
        1.000000000000000        0.700000000000000        0.000000000000006        0.000000000000006        0.000000000000000
        1.033333333333333        0.733333333333333       -6.693642174629214       -6.693642174629209        0.000000000000005
        1.066666666666667        0.766666666666667      -14.422794397391641      -14.422794397391635        0.000000000000007
        1.000000000000000        0.800000000000000        0.000000000000009        0.000000000000009        0.000000000000000
        1.033333333333333        0.833333333333333       -7.465787747285778       -7.465787747285773        0.000000000000005
        1.066666666666667        0.866666666666667      -12.931123696824170      -12.931123696824163        0.000000000000007
        1.000000000000000        0.900000000000000        0.000000000000006        0.000000000000006        0.000000000000000
        1.033333333333333        0.933333333333333       -3.864576111381211       -3.864576111381206        0.000000000000005
        1.066666666666667        0.966666666666667       -3.864576111381216       -3.864576111381211        0.000000000000005
        1.000000000000000        1.000000000000000        0.000000000000000        0.000000000000000        0.000000000000000
        1.033333333333333        1.033333333333333        2.000451797747393        2.000451797747390        0.000000000000003
        1.066666666666667        1.066666666666667        7.465787747285778        7.465787747285770        0.000000000000008
