        0.000000000000000        0.000000000000000       45.314002827494256       45.314002827494307        0.000000000000051
        0.033333333333333        0.033333333333333       42.278540211632082       42.278540211632118        0.000000000000036
        0.066666666666667        0.066666666666667       33.985502120620693       33.985502120620697        0.000000000000004
        0.000000000000000        0.100000000000000       32.041838682027578       32.041838682027583        0.000000000000005
        0.033333333333333        0.133333333333333       21.884982811806285       21.884982811806276        0.000000000000008
        0.066666666666667        0.166666666666667       10.156855870221296       10.156855870221285        0.000000000000011
        0.000000000000000        0.200000000000000        0.000000000000003        0.000000000000000        0.000000000000003
        0.033333333333333        0.233333333333333      -11.328500706873561      -11.328500706873561        0.000000000000000
        0.066666666666667        0.266666666666667      -19.621538797884951      -19.621538797884946        0.000000000000005
        0.000000000000000        0.300000000000000      -32.041838682027574      -32.041838682027587        0.000000000000013
        0.033333333333333        0.333333333333333      -37.905902152820069      -37.905902152820084        0.000000000000014
        0.066666666666667        0.366666666666667      -37.905902152820071      -37.905902152820073        0.000000000000002
        0.000000000000000        0.400000000000000      -45.314002827494256      -45.314002827494281        0.000000000000024
        0.033333333333333        0.433333333333333      -42.278540211632084      -42.278540211632102        0.000000000000018
        0.066666666666667        0.466666666666667      -33.985502120620695      -33.985502120620701        0.000000000000006
        0.000000000000000        0.500000000000000      -32.041838682027582      -32.041838682027608        0.000000000000026
        0.033333333333333        0.533333333333333      -21.884982811806289      -21.884982811806307        0.000000000000017
        0.066666666666667        0.566666666666667      -10.156855870221301      -10.156855870221305        0.000000000000005
        0.000000000000000        0.600000000000000       -0.000000000000008       -0.000000000000007        0.000000000000001
        0.033333333333333        0.633333333333333       11.328500706873556       11.328500706873566        0.000000000000010
        0.066666666666667        0.666666666666667       19.621538797884947       19.621538797884953        0.000000000000006
        0.000000000000000        0.700000000000000       32.041838682027570       32.041838682027591        0.000000000000021
        0.033333333333333        0.733333333333333       37.905902152820067       37.905902152820085        0.000000000000018
        0.066666666666667        0.766666666666667       37.905902152820070       37.905902152820075        0.000000000000005
        0.000000000000000        0.800000000000000       45.314002827494256       45.314002827494287        0.000000000000031
        0.033333333333333        0.833333333333333       42.278540211632085       42.278540211632107        0.000000000000022
        0.066666666666667        0.866666666666667       33.985502120620698       33.985502120620699        0.000000000000001
        0.000000000000000        0.900000000000000       32.041838682027586       32.041838682027595        0.000000000000010
        0.033333333333333        0.933333333333333       21.884982811806294       21.884982811806292        0.000000000000002
        0.066666666666667        0.966666666666667       10.156855870221305       10.156855870221298        0.000000000000007
        0.000000000000000        1.000000000000000        0.000000000000014        0.000000000000014        0.000000000000000
        0.033333333333333        1.033333333333333      -11.328500706873551      -11.328500706873547        0.000000000000004
        0.066666666666667        1.066666666666667      -19.621538797884943      -19.621538797884934        0.000000000000009
        0.100000000000000        0.000000000000000       32.041838682027578       32.041838682027583        0.000000000000005
        0.133333333333333        0.033333333333333       21.884982811806285       21.884982811806276        0.000000000000008
        0.166666666666667        0.066666666666667       10.156855870221296       10.156855870221285        0.000000000000011
        0.100000000000000        0.100000000000000       22.657001413747130       22.657001413747112        0.000000000000018
        0.133333333333333        0.133333333333333       11.328500706873566       11.328500706873548        0.000000000000018
        0.166666666666667        0.166666666666667        3.035462615862175        3.035462615862169        0.000000000000007
        0.100000000000000        0.200000000000000        0.000000000000002        0.000000000000000        0.000000000000002
        0.133333333333333        0.233333333333333       -5.864063470792493       -5.864063470792486        0.000000000000007
        0.166666666666667        0.266666666666667       -5.864063470792495       -5.864063470792487        0.000000000000008
        0.100000000000000        0.300000000000000      -22.657001413747127      -22.657001413747115        0.000000000000012
        0.133333333333333        0.333333333333333      -19.621538797884954      -19.621538797884938        0.000000000000017
        0.166666666666667        0.366666666666667      -11.328500706873566      -11.328500706873553        0.000000000000013
        0.100000000000000        0.400000000000000      -32.041838682027578      -32.041838682027565        0.000000000000013
        0.133333333333333        0.433333333333333      -21.884982811806285      -21.884982811806268        0.000000000000017
        0.166666666666667        0.466666666666667      -10.156855870221297      -10.156855870221286        0.000000000000010
        0.100000000000000        0.500000000000000      -22.657001413747132      -22.657001413747129        0.000000000000003
        0.133333333333333        0.533333333333333      -11.328500706873568      -11.328500706873563        0.000000000000005
        0.166666666666667        0.566666666666667       -3.035462615862177       -3.035462615862175        0.000000000000002
        0.100000000000000        0.600000000000000       -0.000000000000006       -0.000000000000005        0.000000000000001
        0.133333333333333        0.633333333333333        5.864063470792491        5.864063470792489        0.000000000000002
        0.166666666666667        0.666666666666667        5.864063470792494        5.864063470792489        0.000000000000005
        0.100000000000000        0.700000000000000       22.657001413747124       22.657001413747117        0.000000000000007
        0.133333333333333        0.733333333333333       19.621538797884953       19.621538797884938        0.000000000000015
        0.166666666666667        0.766666666666667       11.328500706873566       11.328500706873554        0.000000000000012
        0.100000000000000        0.800000000000000       32.041838682027578       32.041838682027569        0.000000000000009
        0.133333333333333        0.833333333333333       21.884982811806286       21.884982811806271        0.000000000000015
        0.166666666666667        0.866666666666667       10.156855870221297       10.156855870221286        0.000000000000011
        0.100000000000000        0.900000000000000       22.657001413747135       22.657001413747120        0.000000000000015
        0.133333333333333        0.933333333333333       11.328500706873570       11.328500706873555        0.000000000000015
        0.166666666666667        0.966666666666667        3.035462615862178        3.035462615862173        0.000000000000006
        0.100000000000000        1.000000000000000        0.000000000000010        0.000000000000010        0.000000000000000
        0.133333333333333        1.033333333333333       -5.864063470792488       -5.864063470792479        0.000000000000009
        0.166666666666667        1.066666666666667       -5.864063470792492       -5.864063470792483        0.000000000000010
        0.200000000000000        0.000000000000000        0.000000000000003        0.000000000000000        0.000000000000003
        0.233333333333333        0.033333333333333      -11.328500706873561      -11.328500706873561        0.000000000000000
        0.266666666666667        0.066666666666667      -19.621538797884951      -19.621538797884946        0.000000000000005
        0.200000000000000        0.100000000000000        0.000000000000002        0.000000000000000        0.000000000000002
        0.233333333333333        0.133333333333333       -5.864063470792493       -5.864063470792486        0.000000000000007
        0.266666666666667        0.166666666666667       -5.864063470792495       -5.864063470792487        0.000000000000008
        0.200000000000000        0.200000000000000        0.000000000000000        0.000000000000000        0.000000000000000
        0.233333333333333        0.233333333333333        3.035462615862173        3.035462615862170        0.000000000000003
        0.266666666666667        0.266666666666667       11.328500706873561       11.328500706873554        0.000000000000007
        0.200000000000000        0.300000000000000       -0.000000000000002       -0.000000000000000        0.000000000000002
        0.233333333333333        0.333333333333333       10.156855870221291       10.156855870221285        0.000000000000005
        0.266666666666667        0.366666666666667       21.884982811806279       21.884982811806272        0.000000000000007
        0.200000000000000        0.400000000000000       -0.000000000000003       -0.000000000000000        0.000000000000003
        0.233333333333333        0.433333333333333       11.328500706873561       11.328500706873556        0.000000000000005
        0.266666666666667        0.466666666666667       19.621538797884953       19.621538797884949        0.000000000000004
        0.200000000000000        0.500000000000000       -0.000000000000002       -0.000000000000000        0.000000000000002
        0.233333333333333        0.533333333333333        5.864063470792495        5.864063470792494        0.000000000000000
        0.266666666666667        0.566666666666667        5.864063470792498        5.864063470792498        0.000000000000000
        0.200000000000000        0.600000000000000       -0.000000000000000       -0.000000000000000        0.000000000000000
        0.233333333333333        0.633333333333333       -3.035462615862171       -3.035462615862171        0.000000000000000
        0.266666666666667        0.666666666666667      -11.328500706873558      -11.328500706873558        0.000000000000001
        0.200000000000000        0.700000000000000        0.000000000000002        0.000000000000000        0.000000000000002
        0.233333333333333        0.733333333333333      -10.156855870221290      -10.156855870221286        0.000000000000004
        0.266666666666667        0.766666666666667      -21.884982811806279      -21.884982811806273        0.000000000000005
        0.200000000000000        0.800000000000000        0.000000000000003        0.000000000000000        0.000000000000003
        0.233333333333333        0.833333333333333      -11.328500706873562      -11.328500706873558        0.000000000000004
        0.266666666666667        0.866666666666667      -19.621538797884954      -19.621538797884947        0.000000000000007
        0.200000000000000        0.900000000000000        0.000000000000002        0.000000000000000        0.000000000000002
        0.233333333333333        0.933333333333333       -5.864063470792496       -5.864063470792490        0.000000000000006
        0.266666666666667        0.966666666666667       -5.864063470792500       -5.864063470792494        0.000000000000006
        0.200000000000000        1.000000000000000        0.000000000000000        0.000000000000000        0.000000000000000
        0.233333333333333        1.033333333333333        3.035462615862170        3.035462615862166        0.000000000000004
        0.266666666666667        1.066666666666667       11.328500706873556       11.328500706873546        0.000000000000010
        0.300000000000000        0.000000000000000      -32.041838682027574      -32.041838682027587        0.000000000000013
        0.333333333333333        0.033333333333333      -37.905902152820069      -37.905902152820084        0.000000000000014
        0.366666666666667        0.066666666666667      -37.905902152820071      -37.905902152820073        0.000000000000002
        0.300000000000000        0.100000000000000      -22.657001413747127      -22.657001413747115        0.000000000000012
        0.333333333333333        0.133333333333333      -19.621538797884954      -19.621538797884938        0.000000000000017
        0.366666666666667        0.166666666666667      -11.328500706873566      -11.328500706873553        0.000000000000013
        0.300000000000000        0.200000000000000       -0.000000000000002       -0.000000000000000        0.000000000000002
        0.333333333333333        0.233333333333333       10.156855870221291       10.156855870221285        0.000000000000005
        0.366666666666667        0.266666666666667       21.884982811806279       21.884982811806272        0.000000000000007
        0.300000000000000        0.300000000000000       22.657001413747124       22.657001413747117        0.000000000000007
        0.333333333333333        0.333333333333333       33.985502120620688       33.985502120620685        0.000000000000003
        0.366666666666667        0.366666666666667       42.278540211632080       42.278540211632078        0.000000000000002
        0.300000000000000        0.400000000000000       32.041838682027574       32.041838682027569        0.000000000000005
        0.333333333333333        0.433333333333333       37.905902152820071       37.905902152820069        0.000000000000001
        0.366666666666667        0.466666666666667       37.905902152820074       37.905902152820077        0.000000000000003
        0.300000000000000        0.500000000000000       22.657001413747130       22.657001413747132        0.000000000000002
        0.333333333333333        0.533333333333333       19.621538797884958       19.621538797884965        0.000000000000006
        0.366666666666667        0.566666666666667       11.328500706873571       11.328500706873575        0.000000000000004
        0.300000000000000        0.600000000000000        0.000000000000006        0.000000000000005        0.000000000000001
        0.333333333333333        0.633333333333333      -10.156855870221286      -10.156855870221290        0.000000000000004
        0.366666666666667        0.666666666666667      -21.884982811806275      -21.884982811806279        0.000000000000005
        0.300000000000000        0.700000000000000      -22.657001413747121      -22.657001413747120        0.000000000000001
        0.333333333333333        0.733333333333333      -33.985502120620686      -33.985502120620686        0.000000000000000
        0.366666666666667        0.766666666666667      -42.278540211632078      -42.278540211632080        0.000000000000002
        0.300000000000000        0.800000000000000      -32.041838682027574      -32.041838682027573        0.000000000000001
        0.333333333333333        0.833333333333333      -37.905902152820072      -37.905902152820074        0.000000000000002
        0.366666666666667        0.866666666666667      -37.905902152820076      -37.905902152820075        0.000000000000002
        0.300000000000000        0.900000000000000      -22.657001413747132      -22.657001413747123        0.000000000000009
        0.333333333333333        0.933333333333333      -19.621538797884962      -19.621538797884951        0.000000000000011
        0.366666666666667        0.966666666666667      -11.328500706873576      -11.328500706873567        0.000000000000009
        0.300000000000000        1.000000000000000       -0.000000000000010       -0.000000000000010        0.000000000000000
        0.333333333333333        1.033333333333333       10.156855870221281       10.156855870221273        0.000000000000008
        0.366666666666667        1.066666666666667       21.884982811806270       21.884982811806258        0.000000000000012
        0.400000000000000        0.000000000000000      -45.314002827494256      -45.314002827494281        0.000000000000024
        0.433333333333333        0.033333333333333      -42.278540211632084      -42.278540211632102        0.000000000000018
        0.466666666666667        0.066666666666667      -33.985502120620695      -33.985502120620701        0.000000000000006
        0.400000000000000        0.100000000000000      -32.041838682027578      -32.041838682027565        0.000000000000013
        0.433333333333333        0.133333333333333      -21.884982811806285      -21.884982811806268        0.000000000000017
        0.466666666666667        0.166666666666667      -10.156855870221297      -10.156855870221286        0.000000000000010
        0.400000000000000        0.200000000000000       -0.000000000000003       -0.000000000000000        0.000000000000003
        0.433333333333333        0.233333333333333       11.328500706873561       11.328500706873556        0.000000000000005
        0.466666666666667        0.266666666666667       19.621538797884953       19.621538797884949        0.000000000000004
        0.400000000000000        0.300000000000000       32.041838682027574       32.041838682027569        0.000000000000005
        0.433333333333333        0.333333333333333       37.905902152820071       37.905902152820069        0.000000000000001
        0.466666666666667        0.366666666666667       37.905902152820074       37.905902152820077        0.000000000000003
        0.400000000000000        0.400000000000000       45.314002827494256       45.314002827494254        0.000000000000002
        0.433333333333333        0.433333333333333       42.278540211632085       42.278540211632086        0.000000000000001
        0.466666666666667        0.466666666666667       33.985502120620698       33.985502120620705        0.000000000000007
        0.400000000000000        0.500000000000000       32.041838682027582       32.041838682027589        0.000000000000007
        0.433333333333333        0.533333333333333       21.884982811806290       21.884982811806298        0.000000000000008
        0.466666666666667        0.566666666666667       10.156855870221301       10.156855870221306        0.000000000000005
        0.400000000000000        0.600000000000000        0.000000000000008        0.000000000000007        0.000000000000001
        0.433333333333333        0.633333333333333      -11.328500706873556      -11.328500706873561        0.000000000000005
        0.466666666666667        0.666666666666667      -19.621538797884949      -19.621538797884955        0.000000000000007
        0.400000000000000        0.700000000000000      -32.041838682027570      -32.041838682027572        0.000000000000002
        0.433333333333333        0.733333333333333      -37.905902152820068      -37.905902152820070        0.000000000000002
        0.466666666666667        0.766666666666667      -37.905902152820072      -37.905902152820079        0.000000000000007
        0.400000000000000        0.800000000000000      -45.314002827494256      -45.314002827494261        0.000000000000004
        0.433333333333333        0.833333333333333      -42.278540211632086      -42.278540211632091        0.000000000000005
        0.466666666666667        0.866666666666667      -33.985502120620700      -33.985502120620703        0.000000000000003
        0.400000000000000        0.900000000000000      -32.041838682027586      -32.041838682027577        0.000000000000009
        0.433333333333333        0.933333333333333      -21.884982811806295      -21.884982811806283        0.000000000000011
        0.466666666666667        0.966666666666667      -10.156855870221306      -10.156855870221299        0.000000000000007
        0.400000000000000        1.000000000000000       -0.000000000000014       -0.000000000000014        0.000000000000000
        0.433333333333333        1.033333333333333       11.328500706873551       11.328500706873543        0.000000000000008
        0.466666666666667        1.066666666666667       19.621538797884944       19.621538797884936        0.000000000000008
        0.500000000000000        0.000000000000000      -32.041838682027582      -32.041838682027608        0.000000000000026
        0.533333333333333        0.033333333333333      -21.884982811806289      -21.884982811806307        0.000000000000017
        0.566666666666667        0.066666666666667      -10.156855870221301      -10.156855870221305        0.000000000000005
        0.500000000000000        0.100000000000000      -22.657001413747132      -22.657001413747129        0.000000000000003
        0.533333333333333        0.133333333333333      -11.328500706873568      -11.328500706873563        0.000000000000005
        0.566666666666667        0.166666666666667       -3.035462615862177       -3.035462615862175        0.000000000000002
        0.500000000000000        0.200000000000000       -0.000000000000002       -0.000000000000000        0.000000000000002
        0.533333333333333        0.233333333333333        5.864063470792495        5.864063470792494        0.000000000000000
        0.566666666666667        0.266666666666667        5.864063470792498        5.864063470792498        0.000000000000000
        0.500000000000000        0.300000000000000       22.657001413747130       22.657001413747132        0.000000000000002
        0.533333333333333        0.333333333333333       19.621538797884958       19.621538797884965        0.000000000000006
        0.566666666666667        0.366666666666667       11.328500706873571       11.328500706873575        0.000000000000004
        0.500000000000000        0.400000000000000       32.041838682027582       32.041838682027589        0.000000000000007
        0.533333333333333        0.433333333333333       21.884982811806290       21.884982811806298        0.000000000000008
        0.566666666666667        0.466666666666667       10.156855870221301       10.156855870221306        0.000000000000005
        0.500000000000000        0.500000000000000       22.657001413747135       22.657001413747146        0.000000000000011
        0.533333333333333        0.533333333333333       11.328500706873570       11.328500706873579        0.000000000000008
        0.566666666666667        0.566666666666667        3.035462615862178        3.035462615862181        0.000000000000002
        0.500000000000000        0.600000000000000        0.000000000000006        0.000000000000005        0.000000000000001
        0.533333333333333        0.633333333333333       -5.864063470792492       -5.864063470792497        0.000000000000005
        0.566666666666667        0.666666666666667       -5.864063470792496       -5.864063470792500        0.000000000000004
        0.500000000000000        0.700000000000000      -22.657001413747127      -22.657001413747135        0.000000000000008
        0.533333333333333        0.733333333333333      -19.621538797884957      -19.621538797884965        0.000000000000008
        0.566666666666667        0.766666666666667      -11.328500706873571      -11.328500706873576        0.000000000000005
        0.500000000000000        0.800000000000000      -32.041838682027582      -32.041838682027594        0.000000000000012
        0.533333333333333        0.833333333333333      -21.884982811806291      -21.884982811806301        0.000000000000010
        0.566666666666667        0.866666666666667      -10.156855870221302      -10.156855870221306        0.000000000000004
        0.500000000000000        0.900000000000000      -22.657001413747138      -22.657001413747138        0.000000000000000
        0.533333333333333        0.933333333333333      -11.328500706873573      -11.328500706873571        0.000000000000002
        0.566666666666667        0.966666666666667       -3.035462615862180       -3.035462615862178        0.000000000000001
        0.500000000000000        1.000000000000000       -0.000000000000010       -0.000000000000010        0.000000000000000
        0.533333333333333        1.033333333333333        5.864063470792489        5.864063470792487        0.000000000000002
        0.566666666666667        1.066666666666667        5.864063470792495        5.864063470792494        0.000000000000001
        0.600000000000000        0.000000000000000       -0.000000000000008       -0.000000000000007        0.000000000000001
        0.633333333333333        0.033333333333333       11.328500706873556       11.328500706873566        0.000000000000010
        0.666666666666667        0.066666666666667       19.621538797884947       19.621538797884953        0.000000000000006
        0.600000000000000        0.100000000000000       -0.000000000000006       -0.000000000000005        0.000000000000001
        0.633333333333333        0.133333333333333        5.864063470792491        5.864063470792489        0.000000000000002
        0.666666666666667        0.166666666666667        5.864063470792494        5.864063470792489        0.000000000000005
        0.600000000000000        0.200000000000000       -0.000000000000000       -0.000000000000000        0.000000000000000
        0.633333333333333        0.233333333333333       -3.035462615862171       -3.035462615862171        0.000000000000000
        0.666666666666667        0.266666666666667      -11.328500706873558      -11.328500706873558        0.000000000000001
        0.600000000000000        0.300000000000000        0.000000000000006        0.000000000000005        0.000000000000001
        0.633333333333333        0.333333333333333      -10.156855870221286      -10.156855870221290        0.000000000000004
        0.666666666666667        0.366666666666667      -21.884982811806275      -21.884982811806279        0.000000000000005
        0.600000000000000        0.400000000000000        0.000000000000008        0.000000000000007        0.000000000000001
        0.633333333333333        0.433333333333333      -11.328500706873556      -11.328500706873561        0.000000000000005
        0.666666666666667        0.466666666666667      -19.621538797884949      -19.621538797884955        0.000000000000007
        0.600000000000000        0.500000000000000        0.000000000000006        0.000000000000005        0.000000000000001
        0.633333333333333        0.533333333333333       -5.864063470792492       -5.864063470792497        0.000000000000005
        0.666666666666667        0.566666666666667       -5.864063470792496       -5.864063470792500        0.000000000000004
        0.600000000000000        0.600000000000000        0.000000000000000        0.000000000000000        0.000000000000000
        0.633333333333333        0.633333333333333        3.035462615862170        3.035462615862173        0.000000000000003
        0.666666666666667        0.666666666666667       11.328500706873556       11.328500706873561        0.000000000000005
        0.600000000000000        0.700000000000000       -0.000000000000006       -0.000000000000005        0.000000000000001
        0.633333333333333        0.733333333333333       10.156855870221285       10.156855870221290        0.000000000000005
        0.666666666666667        0.766666666666667       21.884982811806274       21.884982811806281        0.000000000000007
        0.600000000000000        0.800000000000000       -0.000000000000008       -0.000000000000007        0.000000000000001
        0.633333333333333        0.833333333333333       11.328500706873557       11.328500706873563        0.000000000000006
        0.666666666666667        0.866666666666667       19.621538797884950       19.621538797884954        0.000000000000004
        0.600000000000000        0.900000000000000       -0.000000000000006       -0.000000000000005        0.000000000000001
        0.633333333333333        0.933333333333333        5.864063470792493        5.864063470792493        0.000000000000001
        0.666666666666667        0.966666666666667        5.864063470792499        5.864063470792496        0.000000000000003
        0.600000000000000        1.000000000000000       -0.000000000000000       -0.000000000000000        0.000000000000000
        0.633333333333333        1.033333333333333       -3.035462615862168       -3.035462615862168        0.000000000000001
        0.666666666666667        1.066666666666667      -11.328500706873554      -11.328500706873550        0.000000000000003
        0.700000000000000        0.000000000000000       32.041838682027570       32.041838682027591        0.000000000000021
        0.733333333333333        0.033333333333333       37.905902152820067       37.905902152820085        0.000000000000018
        0.766666666666667        0.066666666666667       37.905902152820070       37.905902152820075        0.000000000000005
        0.700000000000000        0.100000000000000       22.657001413747124       22.657001413747117        0.000000000000007
        0.733333333333333        0.133333333333333       19.621538797884953       19.621538797884938        0.000000000000015
        0.766666666666667        0.166666666666667       11.328500706873566       11.328500706873554        0.000000000000012
        0.700000000000000        0.200000000000000        0.000000000000002        0.000000000000000        0.000000000000002
        0.733333333333333        0.233333333333333      -10.156855870221290      -10.156855870221286        0.000000000000004
        0.766666666666667        0.266666666666667      -21.884982811806279      -21.884982811806273        0.000000000000005
        0.700000000000000        0.300000000000000      -22.657001413747121      -22.657001413747120        0.000000000000001
        0.733333333333333        0.333333333333333      -33.985502120620686      -33.985502120620686        0.000000000000000
        0.766666666666667        0.366666666666667      -42.278540211632078      -42.278540211632080        0.000000000000002
        0.700000000000000        0.400000000000000      -32.041838682027570      -32.041838682027572        0.000000000000002
        0.733333333333333        0.433333333333333      -37.905902152820068      -37.905902152820070        0.000000000000002
        0.766666666666667        0.466666666666667      -37.905902152820072      -37.905902152820079        0.000000000000007
        0.700000000000000        0.500000000000000      -22.657001413747127      -22.657001413747135        0.000000000000008
        0.733333333333333        0.533333333333333      -19.621538797884957      -19.621538797884965        0.000000000000008
        0.766666666666667        0.566666666666667      -11.328500706873571      -11.328500706873576        0.000000000000005
        0.700000000000000        0.600000000000000       -0.000000000000006       -0.000000000000005        0.000000000000001
        0.733333333333333        0.633333333333333       10.156855870221285       10.156855870221290        0.000000000000005
        0.766666666666667        0.666666666666667       21.884982811806274       21.884982811806281        0.000000000000007
        0.700000000000000        0.700000000000000       22.657001413747118       22.657001413747123        0.000000000000004
        0.733333333333333        0.733333333333333       33.985502120620683       33.985502120620687        0.000000000000003
        0.766666666666667        0.766666666666667       42.278540211632077       42.278540211632083        0.000000000000006
        0.700000000000000        0.800000000000000       32.041838682027570       32.041838682027577        0.000000000000007
        0.733333333333333        0.833333333333333       37.905902152820069       37.905902152820075        0.000000000000006
        0.766666666666667        0.866666666666667       37.905902152820075       37.905902152820077        0.000000000000002
        0.700000000000000        0.900000000000000       22.657001413747130       22.657001413747126        0.000000000000004
        0.733333333333333        0.933333333333333       19.621538797884961       19.621538797884952        0.000000000000009
        0.766666666666667        0.966666666666667       11.328500706873576       11.328500706873568        0.000000000000008
        0.700000000000000        1.000000000000000        0.000000000000010        0.000000000000010        0.000000000000000
        0.733333333333333        1.033333333333333      -10.156855870221280      -10.156855870221273        0.000000000000007
        0.766666666666667        1.066666666666667      -21.884982811806269      -21.884982811806259        0.000000000000010
        0.800000000000000        0.000000000000000       45.314002827494256       45.314002827494287        0.000000000000031
        0.833333333333333        0.033333333333333       42.278540211632085       42.278540211632107        0.000000000000022
        0.866666666666667        0.066666666666667       33.985502120620698       33.985502120620699        0.000000000000001
        0.800000000000000        0.100000000000000       32.041838682027578       32.041838682027569        0.000000000000009
        0.833333333333333        0.133333333333333       21.884982811806286       21.884982811806271        0.000000000000015
        0.866666666666667        0.166666666666667       10.156855870221297       10.156855870221286        0.000000000000011
        0.800000000000000        0.200000000000000        0.000000000000003        0.000000000000000        0.000000000000003
        0.833333333333333        0.233333333333333      -11.328500706873562      -11.328500706873558        0.000000000000004
        0.866666666666667        0.266666666666667      -19.621538797884954      -19.621538797884947        0.000000000000007
        0.800000000000000        0.300000000000000      -32.041838682027574      -32.041838682027573        0.000000000000001
        0.833333333333333        0.333333333333333      -37.905902152820072      -37.905902152820074        0.000000000000002
        0.866666666666667        0.366666666666667      -37.905902152820076      -37.905902152820075        0.000000000000002
        0.800000000000000        0.400000000000000      -45.314002827494256      -45.314002827494261        0.000000000000004
        0.833333333333333        0.433333333333333      -42.278540211632086      -42.278540211632091        0.000000000000005
        0.866666666666667        0.466666666666667      -33.985502120620700      -33.985502120620703        0.000000000000003
        0.800000000000000        0.500000000000000      -32.041838682027582      -32.041838682027594        0.000000000000012
        0.833333333333333        0.533333333333333      -21.884982811806291      -21.884982811806301        0.000000000000010
        0.866666666666667        0.566666666666667      -10.156855870221302      -10.156855870221306        0.000000000000004
        0.800000000000000        0.600000000000000       -0.000000000000008       -0.000000000000007        0.000000000000001
        0.833333333333333        0.633333333333333       11.328500706873557       11.328500706873563        0.000000000000006
        0.866666666666667        0.666666666666667       19.621538797884950       19.621538797884954        0.000000000000004
        0.800000000000000        0.700000000000000       32.041838682027570       32.041838682027577        0.000000000000007
        0.833333333333333        0.733333333333333       37.905902152820069       37.905902152820075        0.000000000000006
        0.866666666666667        0.766666666666667       37.905902152820075       37.905902152820077        0.000000000000002
        0.800000000000000        0.800000000000000       45.314002827494256       45.314002827494267        0.000000000000011
        0.833333333333333        0.833333333333333       42.278540211632088       42.278540211632096        0.000000000000009
        0.866666666666667        0.866666666666667       33.985502120620703       33.985502120620701        0.000000000000002
        0.800000000000000        0.900000000000000       32.041838682027586       32.041838682027581        0.000000000000004
        0.833333333333333        0.933333333333333       21.884982811806295       21.884982811806286        0.000000000000009
        0.866666666666667        0.966666666666667       10.156855870221307       10.156855870221299        0.000000000000008
        0.800000000000000        1.000000000000000        0.000000000000014        0.000000000000014        0.000000000000000
        0.833333333333333        1.033333333333333      -11.328500706873551      -11.328500706873544        0.000000000000007
        0.866666666666667        1.066666666666667      -19.621538797884946      -19.621538797884935        0.000000000000011
        0.900000000000000        0.000000000000000       32.041838682027586       32.041838682027595        0.000000000000010
        0.933333333333333        0.033333333333333       21.884982811806294       21.884982811806292        0.000000000000002
        0.966666666666667        0.066666666666667       10.156855870221305       10.156855870221298        0.000000000000007
        0.900000000000000        0.100000000000000       22.657001413747135       22.657001413747120        0.000000000000015
        0.933333333333333        0.133333333333333       11.328500706873570       11.328500706873555        0.000000000000015
        0.966666666666667        0.166666666666667        3.035462615862178        3.035462615862173        0.000000000000006
        0.900000000000000        0.200000000000000        0.000000000000002        0.000000000000000        0.000000000000002
        0.933333333333333        0.233333333333333       -5.864063470792496       -5.864063470792490        0.000000000000006
        0.966666666666667        0.266666666666667       -5.864063470792500       -5.864063470792494        0.000000000000006
        0.900000000000000        0.300000000000000      -22.657001413747132      -22.657001413747123        0.000000000000009
        0.933333333333333        0.333333333333333      -19.621538797884962      -19.621538797884951        0.000000000000011
        0.966666666666667        0.366666666666667      -11.328500706873576      -11.328500706873567        0.000000000000009
        0.900000000000000        0.400000000000000      -32.041838682027586      -32.041838682027577        0.000000000000009
        0.933333333333333        0.433333333333333      -21.884982811806295      -21.884982811806283        0.000000000000011
        0.966666666666667        0.466666666666667      -10.156855870221306      -10.156855870221299        0.000000000000007
        0.900000000000000        0.500000000000000      -22.657001413747138      -22.657001413747138        0.000000000000000
        0.933333333333333        0.533333333333333      -11.328500706873573      -11.328500706873571        0.000000000000002
        0.966666666666667        0.566666666666667       -3.035462615862180       -3.035462615862178        0.000000000000001
        0.900000000000000        0.600000000000000       -0.000000000000006       -0.000000000000005        0.000000000000001
        0.933333333333333        0.633333333333333        5.864063470792493        5.864063470792493        0.000000000000001
        0.966666666666667        0.666666666666667        5.864063470792499        5.864063470792496        0.000000000000003
        0.900000000000000        0.700000000000000       22.657001413747130       22.657001413747126        0.000000000000004
        0.933333333333333        0.733333333333333       19.621538797884961       19.621538797884952        0.000000000000009
        0.966666666666667        0.766666666666667       11.328500706873576       11.328500706873568        0.000000000000008
        0.900000000000000        0.800000000000000       32.041838682027586       32.041838682027581        0.000000000000004
        0.933333333333333        0.833333333333333       21.884982811806295       21.884982811806286        0.000000000000009
        0.966666666666667        0.866666666666667       10.156855870221307       10.156855870221299        0.000000000000008
        0.900000000000000        0.900000000000000       22.657001413747141       22.657001413747129        0.000000000000012
        0.933333333333333        0.933333333333333       11.328500706873575       11.328500706873563        0.000000000000012
        0.966666666666667        0.966666666666667        3.035462615862181        3.035462615862176        0.000000000000005
        0.900000000000000        1.000000000000000        0.000000000000010        0.000000000000010        0.000000000000000
        0.933333333333333        1.033333333333333       -5.864063470792491       -5.864063470792483        0.000000000000008
        0.966666666666667        1.066666666666667       -5.864063470792498       -5.864063470792490        0.000000000000008
        1.000000000000000        0.000000000000000        0.000000000000014        0.000000000000014        0.000000000000000
        1.033333333333333        0.033333333333333      -11.328500706873551      -11.328500706873547        0.000000000000004
        1.066666666666667        0.066666666666667      -19.621538797884943      -19.621538797884934        0.000000000000009
        1.000000000000000        0.100000000000000        0.000000000000010        0.000000000000010        0.000000000000000
        1.033333333333333        0.133333333333333       -5.864063470792488       -5.864063470792479        0.000000000000009
        1.066666666666667        0.166666666666667       -5.864063470792492       -5.864063470792483        0.000000000000010
        1.000000000000000        0.200000000000000        0.000000000000000        0.000000000000000        0.000000000000000
        1.033333333333333        0.233333333333333        3.035462615862170        3.035462615862166        0.000000000000004
        1.066666666666667        0.266666666666667       11.328500706873556       11.328500706873546        0.000000000000010
        1.000000000000000        0.300000000000000       -0.000000000000010       -0.000000000000010        0.000000000000000
        1.033333333333333        0.333333333333333       10.156855870221281       10.156855870221273        0.000000000000008
        1.066666666666667        0.366666666666667       21.884982811806270       21.884982811806258        0.000000000000012
        1.000000000000000        0.400000000000000       -0.000000000000014       -0.000000000000014        0.000000000000000
        1.033333333333333        0.433333333333333       11.328500706873551       11.328500706873543        0.000000000000008
        1.066666666666667        0.466666666666667       19.621538797884944       19.621538797884936        0.000000000000008
        1.000000000000000        0.500000000000000       -0.000000000000010       -0.000000000000010        0.000000000000000
        1.033333333333333        0.533333333333333        5.864063470792489        5.864063470792487        0.000000000000002
        1.066666666666667        0.566666666666667        5.864063470792495        5.864063470792494        0.000000000000001
        1.000000000000000        0.600000000000000       -0.000000000000000       -0.000000000000000        0.000000000000000
        1.033333333333333        0.633333333333333       -3.035462615862168       -3.035462615862168        0.000000000000001
        1.066666666666667        0.666666666666667      -11.328500706873554      -11.328500706873550        0.000000000000003
        1.000000000000000        0.700000000000000        0.000000000000010        0.000000000000010        0.000000000000000
        1.033333333333333        0.733333333333333      -10.156855870221280      -10.156855870221273        0.000000000000007
        1.066666666666667        0.766666666666667      -21.884982811806269      -21.884982811806259        0.000000000000010
        1.000000000000000        0.800000000000000        0.000000000000014        0.000000000000014        0.000000000000000
        1.033333333333333        0.833333333333333      -11.328500706873551      -11.328500706873544        0.000000000000007
        1.066666666666667        0.866666666666667      -19.621538797884946      -19.621538797884935        0.000000000000011
        1.000000000000000        0.900000000000000        0.000000000000010        0.000000000000010        0.000000000000000
        1.033333333333333        0.933333333333333       -5.864063470792491       -5.864063470792483        0.000000000000008
        1.066666666666667        0.966666666666667       -5.864063470792498       -5.864063470792490        0.000000000000008
        1.000000000000000        1.000000000000000        0.000000000000000        0.000000000000000        0.000000000000000
        1.033333333333333        1.033333333333333        3.035462615862167        3.035462615862162        0.000000000000005
        1.066666666666667        1.066666666666667       11.328500706873551       11.328500706873539        0.000000000000012
