        0.000000000000000        0.000000000000000       28.094031024968185       28.094031024968217        0.000000000000031
        0.033333333333333        0.033333333333333       26.212087793649402       26.212087793649425        0.000000000000022
        0.066666666666667        0.066666666666667       21.070523268726139       21.070523268726142        0.000000000000003
        0.000000000000000        0.100000000000000       19.865479848620257       19.865479848620260        0.000000000000003
        0.033333333333333        0.133333333333333       13.568375065791558       13.568375065791553        0.000000000000005
        0.066666666666667        0.166666666666667        6.297104782828700        6.297104782828694        0.000000000000007
        0.000000000000000        0.200000000000000        0.000000000000002        0.000000000000000        0.000000000000002
        0.033333333333333        0.233333333333333       -7.023507756242044       -7.023507756242044        0.000000000000000
        0.066666666666667        0.266666666666667      -12.165072281165308      -12.165072281165305        0.000000000000003
        0.000000000000000        0.300000000000000      -19.865479848620254      -19.865479848620262        0.000000000000008
        0.033333333333333        0.333333333333333      -23.501114990101684      -23.501114990101693        0.000000000000009
        0.066666666666667        0.366666666666667      -23.501114990101685      -23.501114990101686        0.000000000000001
        0.000000000000000        0.400000000000000      -28.094031024968185      -28.094031024968200        0.000000000000015
        0.033333333333333        0.433333333333333      -26.212087793649403      -26.212087793649414        0.000000000000011
        0.066666666666667        0.466666666666667      -21.070523268726141      -21.070523268726144        0.000000000000004
        0.000000000000000        0.500000000000000      -19.865479848620259      -19.865479848620275        0.000000000000016
        0.033333333333333        0.533333333333333      -13.568375065791561      -13.568375065791572        0.000000000000011
        0.066666666666667        0.566666666666667       -6.297104782828703       -6.297104782828706        0.000000000000003
        0.000000000000000        0.600000000000000       -0.000000000000005       -0.000000000000004        0.000000000000001
        0.033333333333333        0.633333333333333        7.023507756242041        7.023507756242047        0.000000000000006
        0.066666666666667        0.666666666666667       12.165072281165305       12.165072281165309        0.000000000000004
        0.000000000000000        0.700000000000000       19.865479848620252       19.865479848620265        0.000000000000013
        0.033333333333333        0.733333333333333       23.501114990101682       23.501114990101693        0.000000000000011
        0.066666666666667        0.766666666666667       23.501114990101684       23.501114990101687        0.000000000000003
        0.000000000000000        0.800000000000000       28.094031024968185       28.094031024968204        0.000000000000019
        0.033333333333333        0.833333333333333       26.212087793649404       26.212087793649418        0.000000000000014
        0.066666666666667        0.866666666666667       21.070523268726142       21.070523268726143        0.000000000000001
        0.000000000000000        0.900000000000000       19.865479848620261       19.865479848620267        0.000000000000006
        0.033333333333333        0.933333333333333       13.568375065791564       13.568375065791562        0.000000000000001
        0.066666666666667        0.966666666666667        6.297104782828706        6.297104782828701        0.000000000000004
        0.000000000000000        1.000000000000000        0.000000000000009        0.000000000000009        0.000000000000000
        0.033333333333333        1.033333333333333       -7.023507756242038       -7.023507756242036        0.000000000000002
        0.066666666666667        1.066666666666667      -12.165072281165303      -12.165072281165297        0.000000000000006
        0.100000000000000        0.000000000000000       19.865479848620257       19.865479848620260        0.000000000000003
        0.133333333333333        0.033333333333333       13.568375065791558       13.568375065791553        0.000000000000005
        0.166666666666667        0.066666666666667        6.297104782828700        6.297104782828694        0.000000000000007
        0.100000000000000        0.100000000000000       14.047015512484093       14.047015512484082        0.000000000000011
        0.133333333333333        0.133333333333333        7.023507756242047        7.023507756242036        0.000000000000011
        0.166666666666667        0.166666666666667        1.881943231318784        1.881943231318779        0.000000000000004
        0.100000000000000        0.200000000000000        0.000000000000001        0.000000000000000        0.000000000000001
        0.133333333333333        0.233333333333333       -3.635635141481428       -3.635635141481424        0.000000000000005
        0.166666666666667        0.266666666666667       -3.635635141481429       -3.635635141481424        0.000000000000005
        0.100000000000000        0.300000000000000      -14.047015512484092      -14.047015512484084        0.000000000000007
        0.133333333333333        0.333333333333333      -12.165072281165310      -12.165072281165299        0.000000000000010
        0.166666666666667        0.366666666666667       -7.023507756242047       -7.023507756242039        0.000000000000008
        0.100000000000000        0.400000000000000      -19.865479848620257      -19.865479848620248        0.000000000000008
        0.133333333333333        0.433333333333333      -13.568375065791559      -13.568375065791548        0.000000000000011
        0.166666666666667        0.466666666666667       -6.297104782828701       -6.297104782828694        0.000000000000006
        0.100000000000000        0.500000000000000      -14.047015512484095      -14.047015512484093        0.000000000000002
        0.133333333333333        0.533333333333333       -7.023507756242049       -7.023507756242046        0.000000000000003
        0.166666666666667        0.566666666666667       -1.881943231318785       -1.881943231318783        0.000000000000001
        0.100000000000000        0.600000000000000       -0.000000000000004       -0.000000000000003        0.000000000000001
        0.133333333333333        0.633333333333333        3.635635141481427        3.635635141481425        0.000000000000001
        0.166666666666667        0.666666666666667        3.635635141481429        3.635635141481425        0.000000000000003
        0.100000000000000        0.700000000000000       14.047015512484090       14.047015512484086        0.000000000000004
        0.133333333333333        0.733333333333333       12.165072281165309       12.165072281165300        0.000000000000009
        0.166666666666667        0.766666666666667        7.023507756242047        7.023507756242040        0.000000000000007
        0.100000000000000        0.800000000000000       19.865479848620257       19.865479848620251        0.000000000000005
        0.133333333333333        0.833333333333333       13.568375065791559       13.568375065791550        0.000000000000009
        0.166666666666667        0.866666666666667        6.297104782828701        6.297104782828694        0.000000000000007
        0.100000000000000        0.900000000000000       14.047015512484097       14.047015512484088        0.000000000000009
        0.133333333333333        0.933333333333333        7.023507756242050        7.023507756242041        0.000000000000009
        0.166666666666667        0.966666666666667        1.881943231318785        1.881943231318782        0.000000000000004
        0.100000000000000        1.000000000000000        0.000000000000006        0.000000000000006        0.000000000000000
        0.133333333333333        1.033333333333333       -3.635635141481425       -3.635635141481419        0.000000000000006
        0.166666666666667        1.066666666666667       -3.635635141481428       -3.635635141481422        0.000000000000006
        0.200000000000000        0.000000000000000        0.000000000000002        0.000000000000000        0.000000000000002
        0.233333333333333        0.033333333333333       -7.023507756242044       -7.023507756242044        0.000000000000000
        0.266666666666667        0.066666666666667      -12.165072281165308      -12.165072281165305        0.000000000000003
        0.200000000000000        0.100000000000000        0.000000000000001        0.000000000000000        0.000000000000001
        0.233333333333333        0.133333333333333       -3.635635141481428       -3.635635141481424        0.000000000000005
        0.266666666666667        0.166666666666667       -3.635635141481429       -3.635635141481424        0.000000000000005
        0.200000000000000        0.200000000000000        0.000000000000000       -0.000000000000000        0.000000000000000
        0.233333333333333        0.233333333333333        1.881943231318782        1.881943231318780        0.000000000000002
        0.266666666666667        0.266666666666667        7.023507756242044        7.023507756242040        0.000000000000004
        0.200000000000000        0.300000000000000       -0.000000000000001       -0.000000000000000        0.000000000000001
        0.233333333333333        0.333333333333333        6.297104782828697        6.297104782828694        0.000000000000003
        0.266666666666667        0.366666666666667       13.568375065791555       13.568375065791550        0.000000000000005
        0.200000000000000        0.400000000000000       -0.000000000000002       -0.000000000000000        0.000000000000002
        0.233333333333333        0.433333333333333        7.023507756242045        7.023507756242042        0.000000000000003
        0.266666666666667        0.466666666666667       12.165072281165309       12.165072281165306        0.000000000000003
        0.200000000000000        0.500000000000000       -0.000000000000001       -0.000000000000000        0.000000000000001
        0.233333333333333        0.533333333333333        3.635635141481429        3.635635141481429        0.000000000000000
        0.266666666666667        0.566666666666667        3.635635141481431        3.635635141481431        0.000000000000000
        0.200000000000000        0.600000000000000       -0.000000000000000       -0.000000000000000        0.000000000000000
        0.233333333333333        0.633333333333333       -1.881943231318781       -1.881943231318781        0.000000000000000
        0.266666666666667        0.666666666666667       -7.023507756242043       -7.023507756242042        0.000000000000001
        0.200000000000000        0.700000000000000        0.000000000000001        0.000000000000000        0.000000000000001
        0.233333333333333        0.733333333333333       -6.297104782828696       -6.297104782828694        0.000000000000003
        0.266666666666667        0.766666666666667      -13.568375065791554      -13.568375065791551        0.000000000000003
        0.200000000000000        0.800000000000000        0.000000000000002        0.000000000000000        0.000000000000002
        0.233333333333333        0.833333333333333       -7.023507756242045       -7.023507756242042        0.000000000000002
        0.266666666666667        0.866666666666667      -12.165072281165310      -12.165072281165306        0.000000000000004
        0.200000000000000        0.900000000000000        0.000000000000001        0.000000000000000        0.000000000000001
        0.233333333333333        0.933333333333333       -3.635635141481430       -3.635635141481426        0.000000000000004
        0.266666666666667        0.966666666666667       -3.635635141481433       -3.635635141481429        0.000000000000004
        0.200000000000000        1.000000000000000        0.000000000000000        0.000000000000000        0.000000000000000
        0.233333333333333        1.033333333333333        1.881943231318780        1.881943231318778        0.000000000000002
        0.266666666666667        1.066666666666667        7.023507756242041        7.023507756242035        0.000000000000006
        0.300000000000000        0.000000000000000      -19.865479848620254      -19.865479848620262        0.000000000000008
        0.333333333333333        0.033333333333333      -23.501114990101684      -23.501114990101693        0.000000000000009
        0.366666666666667        0.066666666666667      -23.501114990101685      -23.501114990101686        0.000000000000001
        0.300000000000000        0.100000000000000      -14.047015512484092      -14.047015512484084        0.000000000000007
        0.333333333333333        0.133333333333333      -12.165072281165310      -12.165072281165299        0.000000000000010
        0.366666666666667        0.166666666666667       -7.023507756242047       -7.023507756242039        0.000000000000008
        0.300000000000000        0.200000000000000       -0.000000000000001       -0.000000000000000        0.000000000000001
        0.333333333333333        0.233333333333333        6.297104782828697        6.297104782828694        0.000000000000003
        0.366666666666667        0.266666666666667       13.568375065791555       13.568375065791550        0.000000000000005
        0.300000000000000        0.300000000000000       14.047015512484090       14.047015512484086        0.000000000000004
        0.333333333333333        0.333333333333333       21.070523268726136       21.070523268726135        0.000000000000002
        0.366666666666667        0.366666666666667       26.212087793649401       26.212087793649400        0.000000000000001
        0.300000000000000        0.400000000000000       19.865479848620254       19.865479848620251        0.000000000000003
        0.333333333333333        0.433333333333333       23.501114990101685       23.501114990101684        0.000000000000001
        0.366666666666667        0.466666666666667       23.501114990101686       23.501114990101688        0.000000000000002
        0.300000000000000        0.500000000000000       14.047015512484093       14.047015512484095        0.000000000000001
        0.333333333333333        0.533333333333333       12.165072281165312       12.165072281165316        0.000000000000004
        0.366666666666667        0.566666666666667        7.023507756242051        7.023507756242053        0.000000000000003
        0.300000000000000        0.600000000000000        0.000000000000004        0.000000000000003        0.000000000000001
        0.333333333333333        0.633333333333333       -6.297104782828694       -6.297104782828696        0.000000000000003
        0.366666666666667        0.666666666666667      -13.568375065791552      -13.568375065791555        0.000000000000003
        0.300000000000000        0.700000000000000      -14.047015512484088      -14.047015512484088        0.000000000000001
        0.333333333333333        0.733333333333333      -21.070523268726135      -21.070523268726135        0.000000000000000
        0.366666666666667        0.766666666666667      -26.212087793649400      -26.212087793649401        0.000000000000001
        0.300000000000000        0.800000000000000      -19.865479848620254      -19.865479848620254        0.000000000000001
        0.333333333333333        0.833333333333333      -23.501114990101685      -23.501114990101687        0.000000000000001
        0.366666666666667        0.866666666666667      -23.501114990101688      -23.501114990101687        0.000000000000001
        0.300000000000000        0.900000000000000      -14.047015512484095      -14.047015512484090        0.000000000000006
        0.333333333333333        0.933333333333333      -12.165072281165315      -12.165072281165308        0.000000000000007
        0.366666666666667        0.966666666666667       -7.023507756242054       -7.023507756242048        0.000000000000005
        0.300000000000000        1.000000000000000       -0.000000000000006       -0.000000000000006        0.000000000000000
        0.333333333333333        1.033333333333333        6.297104782828691        6.297104782828686        0.000000000000005
        0.366666666666667        1.066666666666667       13.568375065791549       13.568375065791542        0.000000000000007
        0.400000000000000        0.000000000000000      -28.094031024968185      -28.094031024968200        0.000000000000015
        0.433333333333333        0.033333333333333      -26.212087793649403      -26.212087793649414        0.000000000000011
        0.466666666666667        0.066666666666667      -21.070523268726141      -21.070523268726144        0.000000000000004
        0.400000000000000        0.100000000000000      -19.865479848620257      -19.865479848620248        0.000000000000008
        0.433333333333333        0.133333333333333      -13.568375065791559      -13.568375065791548        0.000000000000011
        0.466666666666667        0.166666666666667       -6.297104782828701       -6.297104782828694        0.000000000000006
        0.400000000000000        0.200000000000000       -0.000000000000002       -0.000000000000000        0.000000000000002
        0.433333333333333        0.233333333333333        7.023507756242045        7.023507756242042        0.000000000000003
        0.466666666666667        0.266666666666667       12.165072281165309       12.165072281165306        0.000000000000003
        0.400000000000000        0.300000000000000       19.865479848620254       19.865479848620251        0.000000000000003
        0.433333333333333        0.333333333333333       23.501114990101685       23.501114990101684        0.000000000000001
        0.466666666666667        0.366666666666667       23.501114990101686       23.501114990101688        0.000000000000002
        0.400000000000000        0.400000000000000       28.094031024968185       28.094031024968184        0.000000000000001
        0.433333333333333        0.433333333333333       26.212087793649404       26.212087793649404        0.000000000000000
        0.466666666666667        0.466666666666667       21.070523268726142       21.070523268726147        0.000000000000004
        0.400000000000000        0.500000000000000       19.865479848620259       19.865479848620263        0.000000000000004
        0.433333333333333        0.533333333333333       13.568375065791561       13.568375065791567        0.000000000000005
        0.466666666666667        0.566666666666667        6.297104782828703        6.297104782828707        0.000000000000003
        0.400000000000000        0.600000000000000        0.000000000000005        0.000000000000004        0.000000000000001
        0.433333333333333        0.633333333333333       -7.023507756242041       -7.023507756242045        0.000000000000003
        0.466666666666667        0.666666666666667      -12.165072281165306      -12.165072281165310        0.000000000000004
        0.400000000000000        0.700000000000000      -19.865479848620252      -19.865479848620253        0.000000000000001
        0.433333333333333        0.733333333333333      -23.501114990101683      -23.501114990101684        0.000000000000001
        0.466666666666667        0.766666666666667      -23.501114990101686      -23.501114990101690        0.000000000000004
        0.400000000000000        0.800000000000000      -28.094031024968185      -28.094031024968188        0.000000000000003
        0.433333333333333        0.833333333333333      -26.212087793649405      -26.212087793649408        0.000000000000003
        0.466666666666667        0.866666666666667      -21.070523268726144      -21.070523268726146        0.000000000000002
        0.400000000000000        0.900000000000000      -19.865479848620261      -19.865479848620256        0.000000000000006
        0.433333333333333        0.933333333333333      -13.568375065791564      -13.568375065791557        0.000000000000007
        0.466666666666667        0.966666666666667       -6.297104782828706       -6.297104782828702        0.000000000000004
        0.400000000000000        1.000000000000000       -0.000000000000009       -0.000000000000009        0.000000000000000
        0.433333333333333        1.033333333333333        7.023507756242038        7.023507756242033        0.000000000000005
        0.466666666666667        1.066666666666667       12.165072281165304       12.165072281165299        0.000000000000005
        0.500000000000000        0.000000000000000      -19.865479848620259      -19.865479848620275        0.000000000000016
        0.533333333333333        0.033333333333333      -13.568375065791561      -13.568375065791572        0.000000000000011
        0.566666666666667        0.066666666666667       -6.297104782828703       -6.297104782828706        0.000000000000003
        0.500000000000000        0.100000000000000      -14.047015512484095      -14.047015512484093        0.000000000000002
        0.533333333333333        0.133333333333333       -7.023507756242049       -7.023507756242046        0.000000000000003
        0.566666666666667        0.166666666666667       -1.881943231318785       -1.881943231318783        0.000000000000001
        0.500000000000000        0.200000000000000       -0.000000000000001       -0.000000000000000        0.000000000000001
        0.533333333333333        0.233333333333333        3.635635141481429        3.635635141481429        0.000000000000000
        0.566666666666667        0.266666666666667        3.635635141481431        3.635635141481431        0.000000000000000
        0.500000000000000        0.300000000000000       14.047015512484093       14.047015512484095        0.000000000000001
        0.533333333333333        0.333333333333333       12.165072281165312       12.165072281165316        0.000000000000004
        0.566666666666667        0.366666666666667        7.023507756242051        7.023507756242053        0.000000000000003
        0.500000000000000        0.400000000000000       19.865479848620259       19.865479848620263        0.000000000000004
        0.533333333333333        0.433333333333333       13.568375065791561       13.568375065791567        0.000000000000005
        0.566666666666667        0.466666666666667        6.297104782828703        6.297104782828707        0.000000000000003
        0.500000000000000        0.500000000000000       14.047015512484097       14.047015512484104        0.000000000000007
        0.533333333333333        0.533333333333333        7.023507756242050        7.023507756242055        0.000000000000005
        0.566666666666667        0.566666666666667        1.881943231318785        1.881943231318787        0.000000000000001
        0.500000000000000        0.600000000000000        0.000000000000004        0.000000000000003        0.000000000000001
        0.533333333333333        0.633333333333333       -3.635635141481428       -3.635635141481431        0.000000000000003
        0.566666666666667        0.666666666666667       -3.635635141481430       -3.635635141481432        0.000000000000002
        0.500000000000000        0.700000000000000      -14.047015512484092      -14.047015512484097        0.000000000000005
        0.533333333333333        0.733333333333333      -12.165072281165311      -12.165072281165317        0.000000000000005
        0.566666666666667        0.766666666666667       -7.023507756242050       -7.023507756242054        0.000000000000003
        0.500000000000000        0.800000000000000      -19.865479848620259      -19.865479848620266        0.000000000000007
        0.533333333333333        0.833333333333333      -13.568375065791562      -13.568375065791568        0.000000000000006
        0.566666666666667        0.866666666666667       -6.297104782828704       -6.297104782828706        0.000000000000002
        0.500000000000000        0.900000000000000      -14.047015512484099      -14.047015512484098        0.000000000000000
        0.533333333333333        0.933333333333333       -7.023507756242052       -7.023507756242051        0.000000000000001
        0.566666666666667        0.966666666666667       -1.881943231318786       -1.881943231318786        0.000000000000001
        0.500000000000000        1.000000000000000       -0.000000000000006       -0.000000000000006        0.000000000000000
        0.533333333333333        1.033333333333333        3.635635141481426        3.635635141481424        0.000000000000001
        0.566666666666667        1.066666666666667        3.635635141481429        3.635635141481429        0.000000000000001
        0.600000000000000        0.000000000000000       -0.000000000000005       -0.000000000000004        0.000000000000001
        0.633333333333333        0.033333333333333        7.023507756242041        7.023507756242047        0.000000000000006
        0.666666666666667        0.066666666666667       12.165072281165305       12.165072281165309        0.000000000000004
        0.600000000000000        0.100000000000000       -0.000000000000004       -0.000000000000003        0.000000000000001
        0.633333333333333        0.133333333333333        3.635635141481427        3.635635141481425        0.000000000000001
        0.666666666666667        0.166666666666667        3.635635141481429        3.635635141481425        0.000000000000003
        0.600000000000000        0.200000000000000       -0.000000000000000       -0.000000000000000        0.000000000000000
        0.633333333333333        0.233333333333333       -1.881943231318781       -1.881943231318781        0.000000000000000
        0.666666666666667        0.266666666666667       -7.023507756242043       -7.023507756242042        0.000000000000001
        0.600000000000000        0.300000000000000        0.000000000000004        0.000000000000003        0.000000000000001
        0.633333333333333        0.333333333333333       -6.297104782828694       -6.297104782828696        0.000000000000003
        0.666666666666667        0.366666666666667      -13.568375065791552      -13.568375065791555        0.000000000000003
        0.600000000000000        0.400000000000000        0.000000000000005        0.000000000000004        0.000000000000001
        0.633333333333333        0.433333333333333       -7.023507756242041       -7.023507756242045        0.000000000000003
        0.666666666666667        0.466666666666667      -12.165072281165306      -12.165072281165310        0.000000000000004
        0.600000000000000        0.500000000000000        0.000000000000004        0.000000000000003        0.000000000000001
        0.633333333333333        0.533333333333333       -3.635635141481428       -3.635635141481431        0.000000000000003
        0.666666666666667        0.566666666666667       -3.635635141481430       -3.635635141481432        0.000000000000002
        0.600000000000000        0.600000000000000        0.000000000000000        0.000000000000000        0.000000000000000
        0.633333333333333        0.633333333333333        1.881943231318780        1.881943231318782        0.000000000000002
        0.666666666666667        0.666666666666667        7.023507756242041        7.023507756242045        0.000000000000003
        0.600000000000000        0.700000000000000       -0.000000000000004       -0.000000000000003        0.000000000000001
        0.633333333333333        0.733333333333333        6.297104782828693        6.297104782828697        0.000000000000003
        0.666666666666667        0.766666666666667       13.568375065791551       13.568375065791556        0.000000000000004
        0.600000000000000        0.800000000000000       -0.000000000000005       -0.000000000000004        0.000000000000001
        0.633333333333333        0.833333333333333        7.023507756242042        7.023507756242046        0.000000000000004
        0.666666666666667        0.866666666666667       12.165072281165307       12.165072281165310        0.000000000000003
        0.600000000000000        0.900000000000000       -0.000000000000004       -0.000000000000003        0.000000000000001
        0.633333333333333        0.933333333333333        3.635635141481428        3.635635141481428        0.000000000000000
        0.666666666666667        0.966666666666667        3.635635141481432        3.635635141481430        0.000000000000002
        0.600000000000000        1.000000000000000       -0.000000000000000       -0.000000000000000        0.000000000000000
        0.633333333333333        1.033333333333333       -1.881943231318779       -1.881943231318779        0.000000000000001
        0.666666666666667        1.066666666666667       -7.023507756242040       -7.023507756242038        0.000000000000002
        0.700000000000000        0.000000000000000       19.865479848620252       19.865479848620265        0.000000000000013
        0.733333333333333        0.033333333333333       23.501114990101682       23.501114990101693        0.000000000000011
        0.766666666666667        0.066666666666667       23.501114990101684       23.501114990101687        0.000000000000003
        0.700000000000000        0.100000000000000       14.047015512484090       14.047015512484086        0.000000000000004
        0.733333333333333        0.133333333333333       12.165072281165309       12.165072281165300        0.000000000000009
        0.766666666666667        0.166666666666667        7.023507756242047        7.023507756242040        0.000000000000007
        0.700000000000000        0.200000000000000        0.000000000000001        0.000000000000000        0.000000000000001
        0.733333333333333        0.233333333333333       -6.297104782828696       -6.297104782828694        0.000000000000003
        0.766666666666667        0.266666666666667      -13.568375065791554      -13.568375065791551        0.000000000000003
        0.700000000000000        0.300000000000000      -14.047015512484088      -14.047015512484088        0.000000000000001
        0.733333333333333        0.333333333333333      -21.070523268726135      -21.070523268726135        0.000000000000000
        0.766666666666667        0.366666666666667      -26.212087793649400      -26.212087793649401        0.000000000000001
        0.700000000000000        0.400000000000000      -19.865479848620252      -19.865479848620253        0.000000000000001
        0.733333333333333        0.433333333333333      -23.501114990101683      -23.501114990101684        0.000000000000001
        0.766666666666667        0.466666666666667      -23.501114990101686      -23.501114990101690        0.000000000000004
        0.700000000000000        0.500000000000000      -14.047015512484092      -14.047015512484097        0.000000000000005
        0.733333333333333        0.533333333333333      -12.165072281165311      -12.165072281165317        0.000000000000005
        0.766666666666667        0.566666666666667       -7.023507756242050       -7.023507756242054        0.000000000000003
        0.700000000000000        0.600000000000000       -0.000000000000004       -0.000000000000003        0.000000000000001
        0.733333333333333        0.633333333333333        6.297104782828693        6.297104782828697        0.000000000000003
        0.766666666666667        0.666666666666667       13.568375065791551       13.568375065791556        0.000000000000004
        0.700000000000000        0.700000000000000       14.047015512484087       14.047015512484089        0.000000000000003
        0.733333333333333        0.733333333333333       21.070523268726133       21.070523268726135        0.000000000000002
        0.766666666666667        0.766666666666667       26.212087793649399       26.212087793649403        0.000000000000004
        0.700000000000000        0.800000000000000       19.865479848620252       19.865479848620256        0.000000000000004
        0.733333333333333        0.833333333333333       23.501114990101684       23.501114990101687        0.000000000000004
        0.766666666666667        0.866666666666667       23.501114990101687       23.501114990101688        0.000000000000001
        0.700000000000000        0.900000000000000       14.047015512484093       14.047015512484091        0.000000000000002
        0.733333333333333        0.933333333333333       12.165072281165314       12.165072281165308        0.000000000000006
        0.766666666666667        0.966666666666667        7.023507756242054        7.023507756242049        0.000000000000005
        0.700000000000000        1.000000000000000        0.000000000000006        0.000000000000006        0.000000000000000
        0.733333333333333        1.033333333333333       -6.297104782828691       -6.297104782828686        0.000000000000004
        0.766666666666667        1.066666666666667      -13.568375065791549      -13.568375065791542        0.000000000000006
        0.800000000000000        0.000000000000000       28.094031024968185       28.094031024968204        0.000000000000019
        0.833333333333333        0.033333333333333       26.212087793649404       26.212087793649418        0.000000000000014
        0.866666666666667        0.066666666666667       21.070523268726142       21.070523268726143        0.000000000000001
        0.800000000000000        0.100000000000000       19.865479848620257       19.865479848620251        0.000000000000005
        0.833333333333333        0.133333333333333       13.568375065791559       13.568375065791550        0.000000000000009
        0.866666666666667        0.166666666666667        6.297104782828701        6.297104782828694        0.000000000000007
        0.800000000000000        0.200000000000000        0.000000000000002        0.000000000000000        0.000000000000002
        0.833333333333333        0.233333333333333       -7.023507756242045       -7.023507756242042        0.000000000000002
        0.866666666666667        0.266666666666667      -12.165072281165310      -12.165072281165306        0.000000000000004
        0.800000000000000        0.300000000000000      -19.865479848620254      -19.865479848620254        0.000000000000001
        0.833333333333333        0.333333333333333      -23.501114990101685      -23.501114990101687        0.000000000000001
        0.866666666666667        0.366666666666667      -23.501114990101688      -23.501114990101687        0.000000000000001
        0.800000000000000        0.400000000000000      -28.094031024968185      -28.094031024968188        0.000000000000003
        0.833333333333333        0.433333333333333      -26.212087793649405      -26.212087793649408        0.000000000000003
        0.866666666666667        0.466666666666667      -21.070523268726144      -21.070523268726146        0.000000000000002
        0.800000000000000        0.500000000000000      -19.865479848620259      -19.865479848620266        0.000000000000007
        0.833333333333333        0.533333333333333      -13.568375065791562      -13.568375065791568        0.000000000000006
        0.866666666666667        0.566666666666667       -6.297104782828704       -6.297104782828706        0.000000000000002
        0.800000000000000        0.600000000000000       -0.000000000000005       -0.000000000000004        0.000000000000001
        0.833333333333333        0.633333333333333        7.023507756242042        7.023507756242046        0.000000000000004
        0.866666666666667        0.666666666666667       12.165072281165307       12.165072281165310        0.000000000000003
        0.800000000000000        0.700000000000000       19.865479848620252       19.865479848620256        0.000000000000004
        0.833333333333333        0.733333333333333       23.501114990101684       23.501114990101687        0.000000000000004
        0.866666666666667        0.766666666666667       23.501114990101687       23.501114990101688        0.000000000000001
        0.800000000000000        0.800000000000000       28.094031024968185       28.094031024968192        0.000000000000007
        0.833333333333333        0.833333333333333       26.212087793649406       26.212087793649411        0.000000000000005
        0.866666666666667        0.866666666666667       21.070523268726145       21.070523268726144        0.000000000000001
        0.800000000000000        0.900000000000000       19.865479848620261       19.865479848620259        0.000000000000003
        0.833333333333333        0.933333333333333       13.568375065791565       13.568375065791559        0.000000000000006
        0.866666666666667        0.966666666666667        6.297104782828707        6.297104782828702        0.000000000000005
        0.800000000000000        1.000000000000000        0.000000000000009        0.000000000000009        0.000000000000000
        0.833333333333333        1.033333333333333       -7.023507756242038       -7.023507756242034        0.000000000000005
        0.866666666666667        1.066666666666667      -12.165072281165305      -12.165072281165298        0.000000000000007
        0.900000000000000        0.000000000000000       19.865479848620261       19.865479848620267        0.000000000000006
        0.933333333333333        0.033333333333333       13.568375065791564       13.568375065791562        0.000000000000001
        0.966666666666667        0.066666666666667        6.297104782828706        6.297104782828702        0.000000000000004
        0.900000000000000        0.100000000000000       14.047015512484097       14.047015512484088        0.000000000000009
        0.933333333333333        0.133333333333333        7.023507756242050        7.023507756242041        0.000000000000009
        0.966666666666667        0.166666666666667        1.881943231318785        1.881943231318782        0.000000000000004
        0.900000000000000        0.200000000000000        0.000000000000001        0.000000000000000        0.000000000000001
        0.933333333333333        0.233333333333333       -3.635635141481430       -3.635635141481426        0.000000000000004
        0.966666666666667        0.266666666666667       -3.635635141481433       -3.635635141481429        0.000000000000004
        0.900000000000000        0.300000000000000      -14.047015512484095      -14.047015512484090        0.000000000000006
        0.933333333333333        0.333333333333333      -12.165072281165315      -12.165072281165308        0.000000000000007
        0.966666666666667        0.366666666666667       -7.023507756242054       -7.023507756242048        0.000000000000005
        0.900000000000000        0.400000000000000      -19.865479848620261      -19.865479848620256        0.000000000000006
        0.933333333333333        0.433333333333333      -13.568375065791564      -13.568375065791557        0.000000000000007
        0.966666666666667        0.466666666666667       -6.297104782828706       -6.297104782828702        0.000000000000004
        0.900000000000000        0.500000000000000      -14.047015512484099      -14.047015512484098        0.000000000000000
        0.933333333333333        0.533333333333333       -7.023507756242052       -7.023507756242051        0.000000000000001
        0.966666666666667        0.566666666666667       -1.881943231318786       -1.881943231318786        0.000000000000001
        0.900000000000000        0.600000000000000       -0.000000000000004       -0.000000000000003        0.000000000000001
        0.933333333333333        0.633333333333333        3.635635141481428        3.635635141481428        0.000000000000000
        0.966666666666667        0.666666666666667        3.635635141481432        3.635635141481430        0.000000000000002
        0.900000000000000        0.700000000000000       14.047015512484093       14.047015512484091        0.000000000000002
        0.933333333333333        0.733333333333333       12.165072281165314       12.165072281165308        0.000000000000006
        0.966666666666667        0.766666666666667        7.023507756242054        7.023507756242049        0.000000000000005
        0.900000000000000        0.800000000000000       19.865479848620261       19.865479848620259        0.000000000000003
        0.933333333333333        0.833333333333333       13.568375065791565       13.568375065791559        0.000000000000006
        0.966666666666667        0.866666666666667        6.297104782828707        6.297104782828702        0.000000000000005
        0.900000000000000        0.900000000000000       14.047015512484100       14.047015512484093        0.000000000000007
        0.933333333333333        0.933333333333333        7.023507756242053        7.023507756242046        0.000000000000007
        0.966666666666667        0.966666666666667        1.881943231318787        1.881943231318784        0.000000000000003
        0.900000000000000        1.000000000000000        0.000000000000006        0.000000000000006        0.000000000000000
        0.933333333333333        1.033333333333333       -3.635635141481427       -3.635635141481422        0.000000000000005
        0.966666666666667        1.066666666666667       -3.635635141481431       -3.635635141481426        0.000000000000005
        1.000000000000000        0.000000000000000        0.000000000000009        0.000000000000009        0.000000000000000
        1.033333333333333        0.033333333333333       -7.023507756242038       -7.023507756242036        0.000000000000002
        1.066666666666667        0.066666666666667      -12.165072281165303      -12.165072281165297        0.000000000000006
        1.000000000000000        0.100000000000000        0.000000000000006        0.000000000000006        0.000000000000000
        1.033333333333333        0.133333333333333       -3.635635141481425       -3.635635141481419        0.000000000000006
        1.066666666666667        0.166666666666667       -3.635635141481428       -3.635635141481422        0.000000000000006
        1.000000000000000        0.200000000000000        0.000000000000000        0.000000000000000        0.000000000000000
        1.033333333333333        0.233333333333333        1.881943231318780        1.881943231318778        0.000000000000002
        1.066666666666667        0.266666666666667        7.023507756242041        7.023507756242035        0.000000000000006
        1.000000000000000        0.300000000000000       -0.000000000000006       -0.000000000000006        0.000000000000000
        1.033333333333333        0.333333333333333        6.297104782828691        6.297104782828686        0.000000000000005
        1.066666666666667        0.366666666666667       13.568375065791549       13.568375065791542        0.000000000000007
        1.000000000000000        0.400000000000000       -0.000000000000009       -0.000000000000009        0.000000000000000
        1.033333333333333        0.433333333333333        7.023507756242038        7.023507756242033        0.000000000000005
        1.066666666666667        0.466666666666667       12.165072281165304       12.165072281165299        0.000000000000005
        1.000000000000000        0.500000000000000       -0.000000000000006       -0.000000000000006        0.000000000000000
        1.033333333333333        0.533333333333333        3.635635141481426        3.635635141481424        0.000000000000001
        1.066666666666667        0.566666666666667        3.635635141481429        3.635635141481429        0.000000000000001
        1.000000000000000        0.600000000000000       -0.000000000000000       -0.000000000000000        0.000000000000000
        1.033333333333333        0.633333333333333       -1.881943231318779       -1.881943231318779        0.000000000000001
        1.066666666666667        0.666666666666667       -7.023507756242040       -7.023507756242038        0.000000000000002
        1.000000000000000        0.700000000000000        0.000000000000006        0.000000000000006        0.000000000000000
        1.033333333333333        0.733333333333333       -6.297104782828691       -6.297104782828686        0.000000000000004
        1.066666666666667        0.766666666666667      -13.568375065791549      -13.568375065791542        0.000000000000006
        1.000000000000000        0.800000000000000        0.000000000000009        0.000000000000009        0.000000000000000
        1.033333333333333        0.833333333333333       -7.023507756242038       -7.023507756242034        0.000000000000005
        1.066666666666667        0.866666666666667      -12.165072281165305      -12.165072281165298        0.000000000000007
        1.000000000000000        0.900000000000000        0.000000000000006        0.000000000000006        0.000000000000000
        1.033333333333333        0.933333333333333       -3.635635141481427       -3.635635141481422        0.000000000000005
        1.066666666666667        0.966666666666667       -3.635635141481431       -3.635635141481426        0.000000000000005
        1.000000000000000        1.000000000000000        0.000000000000000        0.000000000000000        0.000000000000000
        1.033333333333333        1.033333333333333        1.881943231318778        1.881943231318776        0.000000000000003
        1.066666666666667        1.066666666666667        7.023507756242038        7.023507756242031        0.000000000000007
