        0.000000000000000        0.000000000000000       27.223968243446447       27.223968243446478        0.000000000000030
        0.033333333333333        0.033333333333333       25.400308167045946       25.400308167045967        0.000000000000022
        0.066666666666667        0.066666666666667       20.417976182584836       20.417976182584838        0.000000000000003
        0.000000000000000        0.100000000000000       19.250252555748206       19.250252555748209        0.000000000000003
        0.033333333333333        0.133333333333333       13.148167010209183       13.148167010209178        0.000000000000005
        0.066666666666667        0.166666666666667        6.102085545539024        6.102085545539018        0.000000000000006
        0.000000000000000        0.200000000000000        0.000000000000002        0.000000000000000        0.000000000000002
        0.033333333333333        0.233333333333333       -6.805992060861610       -6.805992060861610        0.000000000000000
        0.066666666666667        0.266666666666667      -11.788324045322721      -11.788324045322718        0.000000000000003
        0.000000000000000        0.300000000000000      -19.250252555748204      -19.250252555748212        0.000000000000008
        0.033333333333333        0.333333333333333      -22.773293288083284      -22.773293288083292        0.000000000000009
        0.066666666666667        0.366666666666667      -22.773293288083284      -22.773293288083286        0.000000000000001
        0.000000000000000        0.400000000000000      -27.223968243446447      -27.223968243446462        0.000000000000015
        0.033333333333333        0.433333333333333      -25.400308167045947      -25.400308167045958        0.000000000000011
        0.066666666666667        0.466666666666667      -20.417976182584837      -20.417976182584841        0.000000000000003
        0.000000000000000        0.500000000000000      -19.250252555748208      -19.250252555748224        0.000000000000016
        0.033333333333333        0.533333333333333      -13.148167010209186      -13.148167010209196        0.000000000000010
        0.066666666666667        0.566666666666667       -6.102085545539027       -6.102085545539030        0.000000000000003
        0.000000000000000        0.600000000000000       -0.000000000000005       -0.000000000000004        0.000000000000001
        0.033333333333333        0.633333333333333        6.805992060861607        6.805992060861613        0.000000000000006
        0.066666666666667        0.666666666666667       11.788324045322718       11.788324045322722        0.000000000000004
        0.000000000000000        0.700000000000000       19.250252555748201       19.250252555748214        0.000000000000013
        0.033333333333333        0.733333333333333       22.773293288083282       22.773293288083293        0.000000000000011
        0.066666666666667        0.766666666666667       22.773293288083284       22.773293288083287        0.000000000000003
        0.000000000000000        0.800000000000000       27.223968243446447       27.223968243446466        0.000000000000018
        0.033333333333333        0.833333333333333       25.400308167045948       25.400308167045961        0.000000000000013
        0.066666666666667        0.866666666666667       20.417976182584839       20.417976182584840        0.000000000000001
        0.000000000000000        0.900000000000000       19.250252555748211       19.250252555748217        0.000000000000006
        0.033333333333333        0.933333333333333       13.148167010209189       13.148167010209187        0.000000000000001
        0.066666666666667        0.966666666666667        6.102085545539030        6.102085545539026        0.000000000000004
        0.000000000000000        1.000000000000000        0.000000000000008        0.000000000000008        0.000000000000000
        0.033333333333333        1.033333333333333       -6.805992060861604       -6.805992060861602        0.000000000000002
        0.066666666666667        1.066666666666667      -11.788324045322716      -11.788324045322710        0.000000000000005
        0.100000000000000        0.000000000000000       19.250252555748206       19.250252555748209        0.000000000000003
        0.133333333333333        0.033333333333333       13.148167010209183       13.148167010209178        0.000000000000005
        0.166666666666667        0.066666666666667        6.102085545539024        6.102085545539018        0.000000000000006
        0.100000000000000        0.100000000000000       13.611984121723224       13.611984121723214        0.000000000000011
        0.133333333333333        0.133333333333333        6.805992060861613        6.805992060861602        0.000000000000011
        0.166666666666667        0.166666666666667        1.823660076400502        1.823660076400498        0.000000000000004
        0.100000000000000        0.200000000000000        0.000000000000001        0.000000000000000        0.000000000000001
        0.133333333333333        0.233333333333333       -3.523040732335079       -3.523040732335074        0.000000000000004
        0.166666666666667        0.266666666666667       -3.523040732335080       -3.523040732335075        0.000000000000005
        0.100000000000000        0.300000000000000      -13.611984121723223      -13.611984121723215        0.000000000000007
        0.133333333333333        0.333333333333333      -11.788324045322722      -11.788324045322712        0.000000000000010
        0.166666666666667        0.366666666666667       -6.805992060861613       -6.805992060861605        0.000000000000008
        0.100000000000000        0.400000000000000      -19.250252555748206      -19.250252555748198        0.000000000000008
        0.133333333333333        0.433333333333333      -13.148167010209184      -13.148167010209173        0.000000000000010
        0.166666666666667        0.466666666666667       -6.102085545539025       -6.102085545539019        0.000000000000006
        0.100000000000000        0.500000000000000      -13.611984121723226      -13.611984121723224        0.000000000000002
        0.133333333333333        0.533333333333333       -6.805992060861614       -6.805992060861611        0.000000000000003
        0.166666666666667        0.566666666666667       -1.823660076400503       -1.823660076400502        0.000000000000001
        0.100000000000000        0.600000000000000       -0.000000000000004       -0.000000000000003        0.000000000000001
        0.133333333333333        0.633333333333333        3.523040732335077        3.523040732335076        0.000000000000001
        0.166666666666667        0.666666666666667        3.523040732335079        3.523040732335076        0.000000000000003
        0.100000000000000        0.700000000000000       13.611984121723221       13.611984121723217        0.000000000000004
        0.133333333333333        0.733333333333333       11.788324045322721       11.788324045322713        0.000000000000009
        0.166666666666667        0.766666666666667        6.805992060861613        6.805992060861606        0.000000000000007
        0.100000000000000        0.800000000000000       19.250252555748206       19.250252555748201        0.000000000000005
        0.133333333333333        0.833333333333333       13.148167010209184       13.148167010209175        0.000000000000009
        0.166666666666667        0.866666666666667        6.102085545539025        6.102085545539018        0.000000000000007
        0.100000000000000        0.900000000000000       13.611984121723228       13.611984121723219        0.000000000000009
        0.133333333333333        0.933333333333333        6.805992060861616        6.805992060861607        0.000000000000009
        0.166666666666667        0.966666666666667        1.823660076400504        1.823660076400500        0.000000000000003
        0.100000000000000        1.000000000000000        0.000000000000006        0.000000000000006        0.000000000000000
        0.133333333333333        1.033333333333333       -3.523040732335076       -3.523040732335070        0.000000000000005
        0.166666666666667        1.066666666666667       -3.523040732335078       -3.523040732335072        0.000000000000006
        0.200000000000000        0.000000000000000        0.000000000000002        0.000000000000000        0.000000000000002
        0.233333333333333        0.033333333333333       -6.805992060861610       -6.805992060861610        0.000000000000000
        0.266666666666667        0.066666666666667      -11.788324045322721      -11.788324045322718        0.000000000000003
        0.200000000000000        0.100000000000000        0.000000000000001        0.000000000000000        0.000000000000001
        0.233333333333333        0.133333333333333       -3.523040732335079       -3.523040732335074        0.000000000000004
        0.266666666666667        0.166666666666667       -3.523040732335080       -3.523040732335075        0.000000000000005
        0.200000000000000        0.200000000000000        0.000000000000000       -0.000000000000000        0.000000000000000
        0.233333333333333        0.233333333333333        1.823660076400500        1.823660076400499        0.000000000000002
        0.266666666666667        0.266666666666667        6.805992060861610        6.805992060861606        0.000000000000004
        0.200000000000000        0.300000000000000       -0.000000000000001       -0.000000000000000        0.000000000000001
        0.233333333333333        0.333333333333333        6.102085545539021        6.102085545539018        0.000000000000003
        0.266666666666667        0.366666666666667       13.148167010209180       13.148167010209175        0.000000000000004
        0.200000000000000        0.400000000000000       -0.000000000000002       -0.000000000000000        0.000000000000002
        0.233333333333333        0.433333333333333        6.805992060861610        6.805992060861607        0.000000000000003
        0.266666666666667        0.466666666666667       11.788324045322721       11.788324045322719        0.000000000000002
        0.200000000000000        0.500000000000000       -0.000000000000001       -0.000000000000000        0.000000000000001
        0.233333333333333        0.533333333333333        3.523040732335080        3.523040732335079        0.000000000000000
        0.266666666666667        0.566666666666667        3.523040732335081        3.523040732335082        0.000000000000000
        0.200000000000000        0.600000000000000       -0.000000000000000       -0.000000000000000        0.000000000000000
        0.233333333333333        0.633333333333333       -1.823660076400500       -1.823660076400500        0.000000000000000
        0.266666666666667        0.666666666666667       -6.805992060861608       -6.805992060861608        0.000000000000001
        0.200000000000000        0.700000000000000        0.000000000000001        0.000000000000000        0.000000000000001
        0.233333333333333        0.733333333333333       -6.102085545539021       -6.102085545539018        0.000000000000002
        0.266666666666667        0.766666666666667      -13.148167010209180      -13.148167010209176        0.000000000000003
        0.200000000000000        0.800000000000000        0.000000000000002        0.000000000000000        0.000000000000002
        0.233333333333333        0.833333333333333       -6.805992060861610       -6.805992060861608        0.000000000000002
        0.266666666666667        0.866666666666667      -11.788324045322722      -11.788324045322718        0.000000000000004
        0.200000000000000        0.900000000000000        0.000000000000001        0.000000000000000        0.000000000000001
        0.233333333333333        0.933333333333333       -3.523040732335080       -3.523040732335077        0.000000000000003
        0.266666666666667        0.966666666666667       -3.523040732335083       -3.523040732335079        0.000000000000004
        0.200000000000000        1.000000000000000        0.000000000000000        0.000000000000000        0.000000000000000
        0.233333333333333        1.033333333333333        1.823660076400499        1.823660076400497        0.000000000000002
        0.266666666666667        1.066666666666667        6.805992060861607        6.805992060861601        0.000000000000006
        0.300000000000000        0.000000000000000      -19.250252555748204      -19.250252555748212        0.000000000000008
        0.333333333333333        0.033333333333333      -22.773293288083284      -22.773293288083292        0.000000000000009
        0.366666666666667        0.066666666666667      -22.773293288083284      -22.773293288083286        0.000000000000001
        0.300000000000000        0.100000000000000      -13.611984121723223      -13.611984121723215        0.000000000000007
        0.333333333333333        0.133333333333333      -11.788324045322722      -11.788324045322712        0.000000000000010
        0.366666666666667        0.166666666666667       -6.805992060861613       -6.805992060861605        0.000000000000008
        0.300000000000000        0.200000000000000       -0.000000000000001       -0.000000000000000        0.000000000000001
        0.333333333333333        0.233333333333333        6.102085545539021        6.102085545539018        0.000000000000003
        0.366666666666667        0.266666666666667       13.148167010209180       13.148167010209175        0.000000000000004
        0.300000000000000        0.300000000000000       13.611984121723221       13.611984121723217        0.000000000000004
        0.333333333333333        0.333333333333333       20.417976182584833       20.417976182584831        0.000000000000002
        0.366666666666667        0.366666666666667       25.400308167045944       25.400308167045943        0.000000000000001
        0.300000000000000        0.400000000000000       19.250252555748204       19.250252555748200        0.000000000000003
        0.333333333333333        0.433333333333333       22.773293288083284       22.773293288083284        0.000000000000001
        0.366666666666667        0.466666666666667       22.773293288083286       22.773293288083288        0.000000000000002
        0.300000000000000        0.500000000000000       13.611984121723224       13.611984121723226        0.000000000000001
        0.333333333333333        0.533333333333333       11.788324045322725       11.788324045322729        0.000000000000004
        0.366666666666667        0.566666666666667        6.805992060861616        6.805992060861619        0.000000000000003
        0.300000000000000        0.600000000000000        0.000000000000004        0.000000000000003        0.000000000000001
        0.333333333333333        0.633333333333333       -6.102085545539018       -6.102085545539021        0.000000000000002
        0.366666666666667        0.666666666666667      -13.148167010209177      -13.148167010209180        0.000000000000003
        0.300000000000000        0.700000000000000      -13.611984121723219      -13.611984121723219        0.000000000000001
        0.333333333333333        0.733333333333333      -20.417976182584831      -20.417976182584832        0.000000000000000
        0.366666666666667        0.766666666666667      -25.400308167045943      -25.400308167045945        0.000000000000001
        0.300000000000000        0.800000000000000      -19.250252555748204      -19.250252555748203        0.000000000000000
        0.333333333333333        0.833333333333333      -22.773293288083285      -22.773293288083286        0.000000000000001
        0.366666666666667        0.866666666666667      -22.773293288083288      -22.773293288083287        0.000000000000001
        0.300000000000000        0.900000000000000      -13.611984121723226      -13.611984121723221        0.000000000000005
        0.333333333333333        0.933333333333333      -11.788324045322727      -11.788324045322720        0.000000000000007
        0.366666666666667        0.966666666666667       -6.805992060861619       -6.805992060861614        0.000000000000005
        0.300000000000000        1.000000000000000       -0.000000000000006       -0.000000000000006        0.000000000000000
        0.333333333333333        1.033333333333333        6.102085545539016        6.102085545539011        0.000000000000005
        0.366666666666667        1.066666666666667       13.148167010209174       13.148167010209167        0.000000000000007
        0.400000000000000        0.000000000000000      -27.223968243446447      -27.223968243446462        0.000000000000015
        0.433333333333333        0.033333333333333      -25.400308167045947      -25.400308167045958        0.000000000000011
        0.466666666666667        0.066666666666667      -20.417976182584837      -20.417976182584841        0.000000000000003
        0.400000000000000        0.100000000000000      -19.250252555748206      -19.250252555748198        0.000000000000008
        0.433333333333333        0.133333333333333      -13.148167010209184      -13.148167010209173        0.000000000000010
        0.466666666666667        0.166666666666667       -6.102085545539025       -6.102085545539019        0.000000000000006
        0.400000000000000        0.200000000000000       -0.000000000000002       -0.000000000000000        0.000000000000002
        0.433333333333333        0.233333333333333        6.805992060861610        6.805992060861607        0.000000000000003
        0.466666666666667        0.266666666666667       11.788324045322721       11.788324045322719        0.000000000000002
        0.400000000000000        0.300000000000000       19.250252555748204       19.250252555748200        0.000000000000003
        0.433333333333333        0.333333333333333       22.773293288083284       22.773293288083284        0.000000000000001
        0.466666666666667        0.366666666666667       22.773293288083286       22.773293288083288        0.000000000000002
        0.400000000000000        0.400000000000000       27.223968243446447       27.223968243446446        0.000000000000001
        0.433333333333333        0.433333333333333       25.400308167045948       25.400308167045948        0.000000000000000
        0.466666666666667        0.466666666666667       20.417976182584839       20.417976182584843        0.000000000000004
        0.400000000000000        0.500000000000000       19.250252555748208       19.250252555748213        0.000000000000004
        0.433333333333333        0.533333333333333       13.148167010209186       13.148167010209191        0.000000000000005
        0.466666666666667        0.566666666666667        6.102085545539028        6.102085545539031        0.000000000000003
        0.400000000000000        0.600000000000000        0.000000000000005        0.000000000000004        0.000000000000001
        0.433333333333333        0.633333333333333       -6.805992060861607       -6.805992060861610        0.000000000000003
        0.466666666666667        0.666666666666667      -11.788324045322719      -11.788324045322723        0.000000000000004
        0.400000000000000        0.700000000000000      -19.250252555748201      -19.250252555748203        0.000000000000001
        0.433333333333333        0.733333333333333      -22.773293288083283      -22.773293288083284        0.000000000000001
        0.466666666666667        0.766666666666667      -22.773293288083285      -22.773293288083289        0.000000000000004
        0.400000000000000        0.800000000000000      -27.223968243446447      -27.223968243446450        0.000000000000003
        0.433333333333333        0.833333333333333      -25.400308167045948      -25.400308167045951        0.000000000000003
        0.466666666666667        0.866666666666667      -20.417976182584840      -20.417976182584842        0.000000000000002
        0.400000000000000        0.900000000000000      -19.250252555748211      -19.250252555748205        0.000000000000005
        0.433333333333333        0.933333333333333      -13.148167010209189      -13.148167010209182        0.000000000000007
        0.466666666666667        0.966666666666667       -6.102085545539030       -6.102085545539027        0.000000000000004
        0.400000000000000        1.000000000000000       -0.000000000000008       -0.000000000000008        0.000000000000000
        0.433333333333333        1.033333333333333        6.805992060861604        6.805992060861599        0.000000000000005
        0.466666666666667        1.066666666666667       11.788324045322716       11.788324045322711        0.000000000000005
        0.500000000000000        0.000000000000000      -19.250252555748208      -19.250252555748224        0.000000000000016
        0.533333333333333        0.033333333333333      -13.148167010209186      -13.148167010209196        0.000000000000010
        0.566666666666667        0.066666666666667       -6.102085545539027       -6.102085545539030        0.000000000000003
        0.500000000000000        0.100000000000000      -13.611984121723226      -13.611984121723224        0.000000000000002
        0.533333333333333        0.133333333333333       -6.805992060861614       -6.805992060861611        0.000000000000003
        0.566666666666667        0.166666666666667       -1.823660076400503       -1.823660076400502        0.000000000000001
        0.500000000000000        0.200000000000000       -0.000000000000001       -0.000000000000000        0.000000000000001
        0.533333333333333        0.233333333333333        3.523040732335080        3.523040732335079        0.000000000000000
        0.566666666666667        0.266666666666667        3.523040732335081        3.523040732335082        0.000000000000000
        0.500000000000000        0.300000000000000       13.611984121723224       13.611984121723226        0.000000000000001
        0.533333333333333        0.333333333333333       11.788324045322725       11.788324045322729        0.000000000000004
        0.566666666666667        0.366666666666667        6.805992060861616        6.805992060861619        0.000000000000003
        0.500000000000000        0.400000000000000       19.250252555748208       19.250252555748213        0.000000000000004
        0.533333333333333        0.433333333333333       13.148167010209186       13.148167010209191        0.000000000000005
        0.566666666666667        0.466666666666667        6.102085545539028        6.102085545539031        0.000000000000003
        0.500000000000000        0.500000000000000       13.611984121723228       13.611984121723234        0.000000000000007
        0.533333333333333        0.533333333333333        6.805992060861616        6.805992060861621        0.000000000000005
        0.566666666666667        0.566666666666667        1.823660076400504        1.823660076400505        0.000000000000001
        0.500000000000000        0.600000000000000        0.000000000000004        0.000000000000003        0.000000000000001
        0.533333333333333        0.633333333333333       -3.523040732335078       -3.523040732335081        0.000000000000003
        0.566666666666667        0.666666666666667       -3.523040732335081       -3.523040732335083        0.000000000000002
        0.500000000000000        0.700000000000000      -13.611984121723223      -13.611984121723227        0.000000000000005
        0.533333333333333        0.733333333333333      -11.788324045322724      -11.788324045322729        0.000000000000005
        0.566666666666667        0.766666666666667       -6.805992060861616       -6.805992060861619        0.000000000000003
        0.500000000000000        0.800000000000000      -19.250252555748208      -19.250252555748215        0.000000000000007
        0.533333333333333        0.833333333333333      -13.148167010209187      -13.148167010209193        0.000000000000006
        0.566666666666667        0.866666666666667       -6.102085545539028       -6.102085545539030        0.000000000000002
        0.500000000000000        0.900000000000000      -13.611984121723229      -13.611984121723229        0.000000000000000
        0.533333333333333        0.933333333333333       -6.805992060861617       -6.805992060861616        0.000000000000001
        0.566666666666667        0.966666666666667       -1.823660076400505       -1.823660076400504        0.000000000000001
        0.500000000000000        1.000000000000000       -0.000000000000006       -0.000000000000006        0.000000000000000
        0.533333333333333        1.033333333333333        3.523040732335076        3.523040732335075        0.000000000000001
        0.566666666666667        1.066666666666667        3.523040732335080        3.523040732335079        0.000000000000000
        0.600000000000000        0.000000000000000       -0.000000000000005       -0.000000000000004        0.000000000000001
        0.633333333333333        0.033333333333333        6.805992060861607        6.805992060861613        0.000000000000006
        0.666666666666667        0.066666666666667       11.788324045322718       11.788324045322722        0.000000000000004
        0.600000000000000        0.100000000000000       -0.000000000000004       -0.000000000000003        0.000000000000001
        0.633333333333333        0.133333333333333        3.523040732335077        3.523040732335076        0.000000000000001
        0.666666666666667        0.166666666666667        3.523040732335079        3.523040732335076        0.000000000000003
        0.600000000000000        0.200000000000000       -0.000000000000000       -0.000000000000000        0.000000000000000
        0.633333333333333        0.233333333333333       -1.823660076400500       -1.823660076400500        0.000000000000000
        0.666666666666667        0.266666666666667       -6.805992060861608       -6.805992060861608        0.000000000000001
        0.600000000000000        0.300000000000000        0.000000000000004        0.000000000000003        0.000000000000001
        0.633333333333333        0.333333333333333       -6.102085545539018       -6.102085545539021        0.000000000000002
        0.666666666666667        0.366666666666667      -13.148167010209177      -13.148167010209180        0.000000000000003
        0.600000000000000        0.400000000000000        0.000000000000005        0.000000000000004        0.000000000000001
        0.633333333333333        0.433333333333333       -6.805992060861607       -6.805992060861610        0.000000000000003
        0.666666666666667        0.466666666666667      -11.788324045322719      -11.788324045322723        0.000000000000004
        0.600000000000000        0.500000000000000        0.000000000000004        0.000000000000003        0.000000000000001
        0.633333333333333        0.533333333333333       -3.523040732335078       -3.523040732335081        0.000000000000003
        0.666666666666667        0.566666666666667       -3.523040732335081       -3.523040732335083        0.000000000000002
        0.600000000000000        0.600000000000000        0.000000000000000        0.000000000000000        0.000000000000000
        0.633333333333333        0.633333333333333        1.823660076400499        1.823660076400500        0.000000000000002
        0.666666666666667        0.666666666666667        6.805992060861607        6.805992060861610        0.000000000000003
        0.600000000000000        0.700000000000000       -0.000000000000004       -0.000000000000003        0.000000000000001
        0.633333333333333        0.733333333333333        6.102085545539018        6.102085545539021        0.000000000000003
        0.666666666666667        0.766666666666667       13.148167010209177       13.148167010209181        0.000000000000004
        0.600000000000000        0.800000000000000       -0.000000000000005       -0.000000000000004        0.000000000000001
        0.633333333333333        0.833333333333333        6.805992060861607        6.805992060861611        0.000000000000004
        0.666666666666667        0.866666666666667       11.788324045322720       11.788324045322722        0.000000000000002
        0.600000000000000        0.900000000000000       -0.000000000000004       -0.000000000000003        0.000000000000001
        0.633333333333333        0.933333333333333        3.523040732335079        3.523040732335078        0.000000000000000
        0.666666666666667        0.966666666666667        3.523040732335082        3.523040732335080        0.000000000000002
        0.600000000000000        1.000000000000000       -0.000000000000000       -0.000000000000000        0.000000000000000
        0.633333333333333        1.033333333333333       -1.823660076400498       -1.823660076400497        0.000000000000001
        0.666666666666667        1.066666666666667       -6.805992060861606       -6.805992060861604        0.000000000000002
        0.700000000000000        0.000000000000000       19.250252555748201       19.250252555748214        0.000000000000013
        0.733333333333333        0.033333333333333       22.773293288083282       22.773293288083293        0.000000000000011
        0.766666666666667        0.066666666666667       22.773293288083284       22.773293288083287        0.000000000000003
        0.700000000000000        0.100000000000000       13.611984121723221       13.611984121723217        0.000000000000004
        0.733333333333333        0.133333333333333       11.788324045322721       11.788324045322713        0.000000000000009
        0.766666666666667        0.166666666666667        6.805992060861613        6.805992060861606        0.000000000000007
        0.700000000000000        0.200000000000000        0.000000000000001        0.000000000000000        0.000000000000001
        0.733333333333333        0.233333333333333       -6.102085545539021       -6.102085545539018        0.000000000000002
        0.766666666666667        0.266666666666667      -13.148167010209180      -13.148167010209176        0.000000000000003
        0.700000000000000        0.300000000000000      -13.611984121723219      -13.611984121723219        0.000000000000001
        0.733333333333333        0.333333333333333      -20.417976182584831      -20.417976182584832        0.000000000000000
        0.766666666666667        0.366666666666667      -25.400308167045943      -25.400308167045945        0.000000000000001
        0.700000000000000        0.400000000000000      -19.250252555748201      -19.250252555748203        0.000000000000001
        0.733333333333333        0.433333333333333      -22.773293288083283      -22.773293288083284        0.000000000000001
        0.766666666666667        0.466666666666667      -22.773293288083285      -22.773293288083289        0.000000000000004
        0.700000000000000        0.500000000000000      -13.611984121723223      -13.611984121723227        0.000000000000005
        0.733333333333333        0.533333333333333      -11.788324045322724      -11.788324045322729        0.000000000000005
        0.766666666666667        0.566666666666667       -6.805992060861616       -6.805992060861619        0.000000000000003
        0.700000000000000        0.600000000000000       -0.000000000000004       -0.000000000000003        0.000000000000001
        0.733333333333333        0.633333333333333        6.102085545539018        6.102085545539021        0.000000000000003
        0.766666666666667        0.666666666666667       13.148167010209177       13.148167010209181        0.000000000000004
        0.700000000000000        0.700000000000000       13.611984121723218       13.611984121723220        0.000000000000003
        0.733333333333333        0.733333333333333       20.417976182584830       20.417976182584832        0.000000000000002
        0.766666666666667        0.766666666666667       25.400308167045943       25.400308167045946        0.000000000000004
        0.700000000000000        0.800000000000000       19.250252555748201       19.250252555748205        0.000000000000004
        0.733333333333333        0.833333333333333       22.773293288083284       22.773293288083287        0.000000000000003
        0.766666666666667        0.866666666666667       22.773293288083287       22.773293288083288        0.000000000000001
        0.700000000000000        0.900000000000000       13.611984121723224       13.611984121723222        0.000000000000002
        0.733333333333333        0.933333333333333       11.788324045322726       11.788324045322721        0.000000000000006
        0.766666666666667        0.966666666666667        6.805992060861619        6.805992060861614        0.000000000000005
        0.700000000000000        1.000000000000000        0.000000000000006        0.000000000000006        0.000000000000000
        0.733333333333333        1.033333333333333       -6.102085545539015       -6.102085545539011        0.000000000000004
        0.766666666666667        1.066666666666667      -13.148167010209174      -13.148167010209168        0.000000000000006
        0.800000000000000        0.000000000000000       27.223968243446447       27.223968243446466        0.000000000000018
        0.833333333333333        0.033333333333333       25.400308167045948       25.400308167045961        0.000000000000013
        0.866666666666667        0.066666666666667       20.417976182584839       20.417976182584840        0.000000000000001
        0.800000000000000        0.100000000000000       19.250252555748206       19.250252555748201        0.000000000000005
        0.833333333333333        0.133333333333333       13.148167010209184       13.148167010209175        0.000000000000009
        0.866666666666667        0.166666666666667        6.102085545539025        6.102085545539018        0.000000000000007
        0.800000000000000        0.200000000000000        0.000000000000002        0.000000000000000        0.000000000000002
        0.833333333333333        0.233333333333333       -6.805992060861610       -6.805992060861608        0.000000000000002
        0.866666666666667        0.266666666666667      -11.788324045322722      -11.788324045322718        0.000000000000004
        0.800000000000000        0.300000000000000      -19.250252555748204      -19.250252555748203        0.000000000000000
        0.833333333333333        0.333333333333333      -22.773293288083285      -22.773293288083286        0.000000000000001
        0.866666666666667        0.366666666666667      -22.773293288083288      -22.773293288083287        0.000000000000001
        0.800000000000000        0.400000000000000      -27.223968243446447      -27.223968243446450        0.000000000000003
        0.833333333333333        0.433333333333333      -25.400308167045948      -25.400308167045951        0.000000000000003
        0.866666666666667        0.466666666666667      -20.417976182584840      -20.417976182584842        0.000000000000002
        0.800000000000000        0.500000000000000      -19.250252555748208      -19.250252555748215        0.000000000000007
        0.833333333333333        0.533333333333333      -13.148167010209187      -13.148167010209193        0.000000000000006
        0.866666666666667        0.566666666666667       -6.102085545539028       -6.102085545539030        0.000000000000002
        0.800000000000000        0.600000000000000       -0.000000000000005       -0.000000000000004        0.000000000000001
        0.833333333333333        0.633333333333333        6.805992060861607        6.805992060861611        0.000000000000004
        0.866666666666667        0.666666666666667       11.788324045322720       11.788324045322722        0.000000000000002
        0.800000000000000        0.700000000000000       19.250252555748201       19.250252555748205        0.000000000000004
        0.833333333333333        0.733333333333333       22.773293288083284       22.773293288083287        0.000000000000003
        0.866666666666667        0.766666666666667       22.773293288083287       22.773293288083288        0.000000000000001
        0.800000000000000        0.800000000000000       27.223968243446447       27.223968243446454        0.000000000000006
        0.833333333333333        0.833333333333333       25.400308167045949       25.400308167045954        0.000000000000005
        0.866666666666667        0.866666666666667       20.417976182584842       20.417976182584841        0.000000000000001
        0.800000000000000        0.900000000000000       19.250252555748211       19.250252555748208        0.000000000000003
        0.833333333333333        0.933333333333333       13.148167010209190       13.148167010209184        0.000000000000006
        0.866666666666667        0.966666666666667        6.102085545539031        6.102085545539026        0.000000000000005
        0.800000000000000        1.000000000000000        0.000000000000008        0.000000000000008        0.000000000000000
        0.833333333333333        1.033333333333333       -6.805992060861604       -6.805992060861600        0.000000000000004
        0.866666666666667        1.066666666666667      -11.788324045322717      -11.788324045322711        0.000000000000007
        0.900000000000000        0.000000000000000       19.250252555748211       19.250252555748217        0.000000000000006
        0.933333333333333        0.033333333333333       13.148167010209189       13.148167010209187        0.000000000000001
        0.966666666666667        0.066666666666667        6.102085545539030        6.102085545539026        0.000000000000004
        0.900000000000000        0.100000000000000       13.611984121723228       13.611984121723219        0.000000000000009
        0.933333333333333        0.133333333333333        6.805992060861616        6.805992060861607        0.000000000000009
        0.966666666666667        0.166666666666667        1.823660076400504        1.823660076400500        0.000000000000003
        0.900000000000000        0.200000000000000        0.000000000000001        0.000000000000000        0.000000000000001
        0.933333333333333        0.233333333333333       -3.523040732335080       -3.523040732335077        0.000000000000003
        0.966666666666667        0.266666666666667       -3.523040732335083       -3.523040732335079        0.000000000000004
        0.900000000000000        0.300000000000000      -13.611984121723226      -13.611984121723221        0.000000000000005
        0.933333333333333        0.333333333333333      -11.788324045322727      -11.788324045322721        0.000000000000007
        0.966666666666667        0.366666666666667       -6.805992060861619       -6.805992060861614        0.000000000000005
        0.900000000000000        0.400000000000000      -19.250252555748211      -19.250252555748205        0.000000000000005
        0.933333333333333        0.433333333333333      -13.148167010209189      -13.148167010209182        0.000000000000007
        0.966666666666667        0.466666666666667       -6.102085545539030       -6.102085545539027        0.000000000000004
        0.900000000000000        0.500000000000000      -13.611984121723229      -13.611984121723229        0.000000000000000
        0.933333333333333        0.533333333333333       -6.805992060861617       -6.805992060861616        0.000000000000001
        0.966666666666667        0.566666666666667       -1.823660076400505       -1.823660076400504        0.000000000000001
        0.900000000000000        0.600000000000000       -0.000000000000004       -0.000000000000003        0.000000000000001
        0.933333333333333        0.633333333333333        3.523040732335079        3.523040732335078        0.000000000000000
        0.966666666666667        0.666666666666667        3.523040732335082        3.523040732335080        0.000000000000002
        0.900000000000000        0.700000000000000       13.611984121723224       13.611984121723222        0.000000000000002
        0.933333333333333        0.733333333333333       11.788324045322726       11.788324045322721        0.000000000000006
        0.966666666666667        0.766666666666667        6.805992060861619        6.805992060861614        0.000000000000005
        0.900000000000000        0.800000000000000       19.250252555748211       19.250252555748208        0.000000000000003
        0.933333333333333        0.833333333333333       13.148167010209190       13.148167010209184        0.000000000000006
        0.966666666666667        0.866666666666667        6.102085545539031        6.102085545539026        0.000000000000005
        0.900000000000000        0.900000000000000       13.611984121723231       13.611984121723224        0.000000000000007
        0.933333333333333        0.933333333333333        6.805992060861619        6.805992060861611        0.000000000000007
        0.966666666666667        0.966666666666667        1.823660076400505        1.823660076400503        0.000000000000003
        0.900000000000000        1.000000000000000        0.000000000000006        0.000000000000006        0.000000000000000
        0.933333333333333        1.033333333333333       -3.523040732335077       -3.523040732335073        0.000000000000005
        0.966666666666667        1.066666666666667       -3.523040732335081       -3.523040732335077        0.000000000000005
        1.000000000000000        0.000000000000000        0.000000000000008        0.000000000000008        0.000000000000000
        1.033333333333333        0.033333333333333       -6.805992060861604       -6.805992060861602        0.000000000000002
        1.066666666666667        0.066666666666667      -11.788324045322716      -11.788324045322710        0.000000000000005
        1.000000000000000        0.100000000000000        0.000000000000006        0.000000000000006        0.000000000000000
        1.033333333333333        0.133333333333333       -3.523040732335076       -3.523040732335070        0.000000000000005
        1.066666666666667        0.166666666666667       -3.523040732335078       -3.523040732335072        0.000000000000006
        1.000000000000000        0.200000000000000        0.000000000000000        0.000000000000000        0.000000000000000
        1.033333333333333        0.233333333333333        1.823660076400499        1.823660076400497        0.000000000000002
        1.066666666666667        0.266666666666667        6.805992060861607        6.805992060861601        0.000000000000006
        1.000000000000000        0.300000000000000       -0.000000000000006       -0.000000000000006        0.000000000000000
        1.033333333333333        0.333333333333333        6.102085545539016        6.102085545539011        0.000000000000005
        1.066666666666667        0.366666666666667       13.148167010209174       13.148167010209167        0.000000000000007
        1.000000000000000        0.400000000000000       -0.000000000000008       -0.000000000000008        0.000000000000000
        1.033333333333333        0.433333333333333        6.805992060861604        6.805992060861599        0.000000000000005
        1.066666666666667        0.466666666666667       11.788324045322716       11.788324045322711        0.000000000000005
        1.000000000000000        0.500000000000000       -0.000000000000006       -0.000000000000006        0.000000000000000
        1.033333333333333        0.533333333333333        3.523040732335076        3.523040732335075        0.000000000000001
        1.066666666666667        0.566666666666667        3.523040732335080        3.523040732335079        0.000000000000000
        1.000000000000000        0.600000000000000       -0.000000000000000       -0.000000000000000        0.000000000000000
        1.033333333333333        0.633333333333333       -1.823660076400498       -1.823660076400497        0.000000000000001
        1.066666666666667        0.666666666666667       -6.805992060861606       -6.805992060861604        0.000000000000002
        1.000000000000000        0.700000000000000        0.000000000000006        0.000000000000006        0.000000000000000
        1.033333333333333        0.733333333333333       -6.102085545539015       -6.102085545539011        0.000000000000004
        1.066666666666667        0.766666666666667      -13.148167010209174      -13.148167010209168        0.000000000000006
        1.000000000000000        0.800000000000000        0.000000000000008        0.000000000000008        0.000000000000000
        1.033333333333333        0.833333333333333       -6.805992060861604       -6.805992060861600        0.000000000000004
        1.066666666666667        0.866666666666667      -11.788324045322717      -11.788324045322711        0.000000000000007
        1.000000000000000        0.900000000000000        0.000000000000006        0.000000000000006        0.000000000000000
        1.033333333333333        0.933333333333333       -3.523040732335077       -3.523040732335073        0.000000000000005
        1.066666666666667        0.966666666666667       -3.523040732335081       -3.523040732335077        0.000000000000005
        1.000000000000000        1.000000000000000        0.000000000000000        0.000000000000000        0.000000000000000
        1.033333333333333        1.033333333333333        1.823660076400497        1.823660076400494        0.000000000000003
        1.066666666666667        1.066666666666667        6.805992060861604        6.805992060861597        0.000000000000007
