        0.000000000000000        0.000000000000000       25.516581400037614       25.516581400037642        0.000000000000029
        0.033333333333333        0.033333333333333       23.807294555101843       23.807294555101863        0.000000000000020
        0.066666666666667        0.066666666666667       19.137436050028211       19.137436050028213        0.000000000000002
        0.000000000000000        0.100000000000000       18.042947740665126       18.042947740665129        0.000000000000003
        0.033333333333333        0.133333333333333       12.323562486451802       12.323562486451798        0.000000000000005
        0.066666666666667        0.166666666666667        5.719385254213325        5.719385254213319        0.000000000000006
        0.000000000000000        0.200000000000000        0.000000000000002        0.000000000000000        0.000000000000001
        0.033333333333333        0.233333333333333       -6.379145350009402       -6.379145350009402        0.000000000000000
        0.066666666666667        0.266666666666667      -11.049003855083034      -11.049003855083031        0.000000000000003
        0.000000000000000        0.300000000000000      -18.042947740665124      -18.042947740665131        0.000000000000007
        0.033333333333333        0.333333333333333      -21.345036356784363      -21.345036356784371        0.000000000000008
        0.066666666666667        0.366666666666667      -21.345036356784364      -21.345036356784365        0.000000000000001
        0.000000000000000        0.400000000000000      -25.516581400037614      -25.516581400037627        0.000000000000014
        0.033333333333333        0.433333333333333      -23.807294555101843      -23.807294555101854        0.000000000000010
        0.066666666666667        0.466666666666667      -19.137436050028212      -19.137436050028215        0.000000000000003
        0.000000000000000        0.500000000000000      -18.042947740665128      -18.042947740665143        0.000000000000015
        0.033333333333333        0.533333333333333      -12.323562486451805      -12.323562486451815        0.000000000000010
        0.066666666666667        0.566666666666667       -5.719385254213328       -5.719385254213330        0.000000000000003
        0.000000000000000        0.600000000000000       -0.000000000000005       -0.000000000000004        0.000000000000001
        0.033333333333333        0.633333333333333        6.379145350009399        6.379145350009404        0.000000000000006
        0.066666666666667        0.666666666666667       11.049003855083032       11.049003855083035        0.000000000000003
        0.000000000000000        0.700000000000000       18.042947740665122       18.042947740665133        0.000000000000012
        0.033333333333333        0.733333333333333       21.345036356784362       21.345036356784372        0.000000000000010
        0.066666666666667        0.766666666666667       21.345036356784363       21.345036356784366        0.000000000000003
        0.000000000000000        0.800000000000000       25.516581400037614       25.516581400037631        0.000000000000017
        0.033333333333333        0.833333333333333       23.807294555101844       23.807294555101857        0.000000000000013
        0.066666666666667        0.866666666666667       19.137436050028214       19.137436050028214        0.000000000000001
        0.000000000000000        0.900000000000000       18.042947740665130       18.042947740665136        0.000000000000005
        0.033333333333333        0.933333333333333       12.323562486451808       12.323562486451806        0.000000000000001
        0.066666666666667        0.966666666666667        5.719385254213330        5.719385254213326        0.000000000000004
        0.000000000000000        1.000000000000000        0.000000000000008        0.000000000000008        0.000000000000000
        0.033333333333333        1.033333333333333       -6.379145350009396       -6.379145350009394        0.000000000000002
        0.066666666666667        1.066666666666667      -11.049003855083030      -11.049003855083024        0.000000000000005
        0.100000000000000        0.000000000000000       18.042947740665126       18.042947740665129        0.000000000000003
        0.133333333333333        0.033333333333333       12.323562486451802       12.323562486451798        0.000000000000005
        0.166666666666667        0.066666666666667        5.719385254213325        5.719385254213319        0.000000000000006
        0.100000000000000        0.100000000000000       12.758290700018808       12.758290700018798        0.000000000000010
        0.133333333333333        0.133333333333333        6.379145350009404        6.379145350009394        0.000000000000010
        0.166666666666667        0.166666666666667        1.709286844935772        1.709286844935768        0.000000000000004
        0.100000000000000        0.200000000000000        0.000000000000001        0.000000000000000        0.000000000000001
        0.133333333333333        0.233333333333333       -3.302088616119238       -3.302088616119234        0.000000000000004
        0.166666666666667        0.266666666666667       -3.302088616119239       -3.302088616119234        0.000000000000005
        0.100000000000000        0.300000000000000      -12.758290700018806      -12.758290700018799        0.000000000000007
        0.133333333333333        0.333333333333333      -11.049003855083036      -11.049003855083026        0.000000000000009
        0.166666666666667        0.366666666666667       -6.379145350009404       -6.379145350009397        0.000000000000007
        0.100000000000000        0.400000000000000      -18.042947740665126      -18.042947740665119        0.000000000000007
        0.133333333333333        0.433333333333333      -12.323562486451803      -12.323562486451793        0.000000000000010
        0.166666666666667        0.466666666666667       -5.719385254213326       -5.719385254213320        0.000000000000006
        0.100000000000000        0.500000000000000      -12.758290700018809      -12.758290700018807        0.000000000000002
        0.133333333333333        0.533333333333333       -6.379145350009406       -6.379145350009403        0.000000000000003
        0.166666666666667        0.566666666666667       -1.709286844935773       -1.709286844935771        0.000000000000001
        0.100000000000000        0.600000000000000       -0.000000000000003       -0.000000000000003        0.000000000000001
        0.133333333333333        0.633333333333333        3.302088616119237        3.302088616119235        0.000000000000001
        0.166666666666667        0.666666666666667        3.302088616119238        3.302088616119235        0.000000000000003
        0.100000000000000        0.700000000000000       12.758290700018805       12.758290700018801        0.000000000000004
        0.133333333333333        0.733333333333333       11.049003855083035       11.049003855083027        0.000000000000008
        0.166666666666667        0.766666666666667        6.379145350009404        6.379145350009398        0.000000000000007
        0.100000000000000        0.800000000000000       18.042947740665126       18.042947740665121        0.000000000000005
        0.133333333333333        0.833333333333333       12.323562486451803       12.323562486451795        0.000000000000009
        0.166666666666667        0.866666666666667        5.719385254213326        5.719385254213319        0.000000000000006
        0.100000000000000        0.900000000000000       12.758290700018811       12.758290700018803        0.000000000000008
        0.133333333333333        0.933333333333333        6.379145350009407        6.379145350009399        0.000000000000008
        0.166666666666667        0.966666666666667        1.709286844935773        1.709286844935770        0.000000000000003
        0.100000000000000        1.000000000000000        0.000000000000006        0.000000000000006        0.000000000000000
        0.133333333333333        1.033333333333333       -3.302088616119235       -3.302088616119230        0.000000000000005
        0.166666666666667        1.066666666666667       -3.302088616119238       -3.302088616119232        0.000000000000005
        0.200000000000000        0.000000000000000        0.000000000000002        0.000000000000000        0.000000000000001
        0.233333333333333        0.033333333333333       -6.379145350009402       -6.379145350009402        0.000000000000000
        0.266666666666667        0.066666666666667      -11.049003855083034      -11.049003855083031        0.000000000000003
        0.200000000000000        0.100000000000000        0.000000000000001        0.000000000000000        0.000000000000001
        0.233333333333333        0.133333333333333       -3.302088616119238       -3.302088616119234        0.000000000000004
        0.266666666666667        0.166666666666667       -3.302088616119239       -3.302088616119234        0.000000000000005
        0.200000000000000        0.200000000000000        0.000000000000000       -0.000000000000000        0.000000000000000
        0.233333333333333        0.233333333333333        1.709286844935770        1.709286844935769        0.000000000000002
        0.266666666666667        0.266666666666667        6.379145350009402        6.379145350009398        0.000000000000004
        0.200000000000000        0.300000000000000       -0.000000000000001       -0.000000000000000        0.000000000000001
        0.233333333333333        0.333333333333333        5.719385254213322        5.719385254213319        0.000000000000003
        0.266666666666667        0.366666666666667       12.323562486451799       12.323562486451795        0.000000000000004
        0.200000000000000        0.400000000000000       -0.000000000000002       -0.000000000000000        0.000000000000001
        0.233333333333333        0.433333333333333        6.379145350009402        6.379145350009399        0.000000000000003
        0.266666666666667        0.466666666666667       11.049003855083035       11.049003855083033        0.000000000000002
        0.200000000000000        0.500000000000000       -0.000000000000001       -0.000000000000000        0.000000000000001
        0.233333333333333        0.533333333333333        3.302088616119239        3.302088616119239        0.000000000000000
        0.266666666666667        0.566666666666667        3.302088616119240        3.302088616119241        0.000000000000000
        0.200000000000000        0.600000000000000       -0.000000000000000       -0.000000000000000        0.000000000000000
        0.233333333333333        0.633333333333333       -1.709286844935770       -1.709286844935770        0.000000000000000
        0.266666666666667        0.666666666666667       -6.379145350009400       -6.379145350009400        0.000000000000001
        0.200000000000000        0.700000000000000        0.000000000000001        0.000000000000000        0.000000000000001
        0.233333333333333        0.733333333333333       -5.719385254213322       -5.719385254213319        0.000000000000002
        0.266666666666667        0.766666666666667      -12.323562486451799      -12.323562486451796        0.000000000000003
        0.200000000000000        0.800000000000000        0.000000000000002        0.000000000000000        0.000000000000001
        0.233333333333333        0.833333333333333       -6.379145350009402       -6.379145350009400        0.000000000000002
        0.266666666666667        0.866666666666667      -11.049003855083036      -11.049003855083032        0.000000000000004
        0.200000000000000        0.900000000000000        0.000000000000001        0.000000000000000        0.000000000000001
        0.233333333333333        0.933333333333333       -3.302088616119240       -3.302088616119236        0.000000000000003
        0.266666666666667        0.966666666666667       -3.302088616119242       -3.302088616119238        0.000000000000004
        0.200000000000000        1.000000000000000        0.000000000000000        0.000000000000000        0.000000000000000
        0.233333333333333        1.033333333333333        1.709286844935769        1.709286844935767        0.000000000000002
        0.266666666666667        1.066666666666667        6.379145350009399        6.379145350009394        0.000000000000005
        0.300000000000000        0.000000000000000      -18.042947740665124      -18.042947740665131        0.000000000000007
        0.333333333333333        0.033333333333333      -21.345036356784363      -21.345036356784371        0.000000000000008
        0.366666666666667        0.066666666666667      -21.345036356784364      -21.345036356784365        0.000000000000001
        0.300000000000000        0.100000000000000      -12.758290700018806      -12.758290700018799        0.000000000000007
        0.333333333333333        0.133333333333333      -11.049003855083036      -11.049003855083026        0.000000000000009
        0.366666666666667        0.166666666666667       -6.379145350009404       -6.379145350009397        0.000000000000007
        0.300000000000000        0.200000000000000       -0.000000000000001       -0.000000000000000        0.000000000000001
        0.333333333333333        0.233333333333333        5.719385254213322        5.719385254213319        0.000000000000003
        0.366666666666667        0.266666666666667       12.323562486451799       12.323562486451795        0.000000000000004
        0.300000000000000        0.300000000000000       12.758290700018805       12.758290700018801        0.000000000000004
        0.333333333333333        0.333333333333333       19.137436050028208       19.137436050028206        0.000000000000002
        0.366666666666667        0.366666666666667       23.807294555101841       23.807294555101840        0.000000000000001
        0.300000000000000        0.400000000000000       18.042947740665124       18.042947740665121        0.000000000000003
        0.333333333333333        0.433333333333333       21.345036356784364       21.345036356784363        0.000000000000001
        0.366666666666667        0.466666666666667       21.345036356784365       21.345036356784367        0.000000000000002
        0.300000000000000        0.500000000000000       12.758290700018808       12.758290700018809        0.000000000000001
        0.333333333333333        0.533333333333333       11.049003855083038       11.049003855083042        0.000000000000004
        0.366666666666667        0.566666666666667        6.379145350009407        6.379145350009410        0.000000000000002
        0.300000000000000        0.600000000000000        0.000000000000003        0.000000000000003        0.000000000000001
        0.333333333333333        0.633333333333333       -5.719385254213319       -5.719385254213322        0.000000000000002
        0.366666666666667        0.666666666666667      -12.323562486451797      -12.323562486451799        0.000000000000003
        0.300000000000000        0.700000000000000      -12.758290700018803      -12.758290700018802        0.000000000000001
        0.333333333333333        0.733333333333333      -19.137436050028207      -19.137436050028207        0.000000000000000
        0.366666666666667        0.766666666666667      -23.807294555101840      -23.807294555101842        0.000000000000001
        0.300000000000000        0.800000000000000      -18.042947740665124      -18.042947740665123        0.000000000000000
        0.333333333333333        0.833333333333333      -21.345036356784364      -21.345036356784366        0.000000000000001
        0.366666666666667        0.866666666666667      -21.345036356784367      -21.345036356784366        0.000000000000001
        0.300000000000000        0.900000000000000      -12.758290700018809      -12.758290700018804        0.000000000000005
        0.333333333333333        0.933333333333333      -11.049003855083040      -11.049003855083034        0.000000000000006
        0.366666666666667        0.966666666666667       -6.379145350009410       -6.379145350009405        0.000000000000005
        0.300000000000000        1.000000000000000       -0.000000000000006       -0.000000000000006        0.000000000000000
        0.333333333333333        1.033333333333333        5.719385254213317        5.719385254213312        0.000000000000005
        0.366666666666667        1.066666666666667       12.323562486451794       12.323562486451787        0.000000000000007
        0.400000000000000        0.000000000000000      -25.516581400037614      -25.516581400037627        0.000000000000014
        0.433333333333333        0.033333333333333      -23.807294555101843      -23.807294555101854        0.000000000000010
        0.466666666666667        0.066666666666667      -19.137436050028212      -19.137436050028215        0.000000000000003
        0.400000000000000        0.100000000000000      -18.042947740665126      -18.042947740665119        0.000000000000007
        0.433333333333333        0.133333333333333      -12.323562486451803      -12.323562486451793        0.000000000000010
        0.466666666666667        0.166666666666667       -5.719385254213326       -5.719385254213320        0.000000000000006
        0.400000000000000        0.200000000000000       -0.000000000000002       -0.000000000000000        0.000000000000001
        0.433333333333333        0.233333333333333        6.379145350009402        6.379145350009399        0.000000000000003
        0.466666666666667        0.266666666666667       11.049003855083035       11.049003855083033        0.000000000000002
        0.400000000000000        0.300000000000000       18.042947740665124       18.042947740665121        0.000000000000003
        0.433333333333333        0.333333333333333       21.345036356784364       21.345036356784363        0.000000000000001
        0.466666666666667        0.366666666666667       21.345036356784365       21.345036356784367        0.000000000000002
        0.400000000000000        0.400000000000000       25.516581400037614       25.516581400037613        0.000000000000001
        0.433333333333333        0.433333333333333       23.807294555101844       23.807294555101845        0.000000000000000
        0.466666666666667        0.466666666666667       19.137436050028214       19.137436050028218        0.000000000000004
        0.400000000000000        0.500000000000000       18.042947740665128       18.042947740665132        0.000000000000004
        0.433333333333333        0.533333333333333       12.323562486451805       12.323562486451810        0.000000000000005
        0.466666666666667        0.566666666666667        5.719385254213328        5.719385254213331        0.000000000000003
        0.400000000000000        0.600000000000000        0.000000000000005        0.000000000000004        0.000000000000001
        0.433333333333333        0.633333333333333       -6.379145350009399       -6.379145350009402        0.000000000000003
        0.466666666666667        0.666666666666667      -11.049003855083033      -11.049003855083036        0.000000000000004
        0.400000000000000        0.700000000000000      -18.042947740665122      -18.042947740665123        0.000000000000001
        0.433333333333333        0.733333333333333      -21.345036356784362      -21.345036356784363        0.000000000000001
        0.466666666666667        0.766666666666667      -21.345036356784365      -21.345036356784369        0.000000000000004
        0.400000000000000        0.800000000000000      -25.516581400037614      -25.516581400037616        0.000000000000002
        0.433333333333333        0.833333333333333      -23.807294555101845      -23.807294555101848        0.000000000000003
        0.466666666666667        0.866666666666667      -19.137436050028215      -19.137436050028216        0.000000000000002
        0.400000000000000        0.900000000000000      -18.042947740665130      -18.042947740665125        0.000000000000005
        0.433333333333333        0.933333333333333      -12.323562486451808      -12.323562486451802        0.000000000000006
        0.466666666666667        0.966666666666667       -5.719385254213331       -5.719385254213327        0.000000000000004
        0.400000000000000        1.000000000000000       -0.000000000000008       -0.000000000000008        0.000000000000000
        0.433333333333333        1.033333333333333        6.379145350009396        6.379145350009391        0.000000000000005
        0.466666666666667        1.066666666666667       11.049003855083030       11.049003855083026        0.000000000000005
        0.500000000000000        0.000000000000000      -18.042947740665128      -18.042947740665143        0.000000000000015
        0.533333333333333        0.033333333333333      -12.323562486451805      -12.323562486451815        0.000000000000010
        0.566666666666667        0.066666666666667       -5.719385254213328       -5.719385254213330        0.000000000000003
        0.500000000000000        0.100000000000000      -12.758290700018809      -12.758290700018807        0.000000000000002
        0.533333333333333        0.133333333333333       -6.379145350009406       -6.379145350009403        0.000000000000003
        0.566666666666667        0.166666666666667       -1.709286844935773       -1.709286844935771        0.000000000000001
        0.500000000000000        0.200000000000000       -0.000000000000001       -0.000000000000000        0.000000000000001
        0.533333333333333        0.233333333333333        3.302088616119239        3.302088616119239        0.000000000000000
        0.566666666666667        0.266666666666667        3.302088616119240        3.302088616119241        0.000000000000000
        0.500000000000000        0.300000000000000       12.758290700018808       12.758290700018809        0.000000000000001
        0.533333333333333        0.333333333333333       11.049003855083038       11.049003855083042        0.000000000000004
        0.566666666666667        0.366666666666667        6.379145350009407        6.379145350009410        0.000000000000002
        0.500000000000000        0.400000000000000       18.042947740665128       18.042947740665132        0.000000000000004
        0.533333333333333        0.433333333333333       12.323562486451805       12.323562486451810        0.000000000000005
        0.566666666666667        0.466666666666667        5.719385254213328        5.719385254213331        0.000000000000003
        0.500000000000000        0.500000000000000       12.758290700018811       12.758290700018817        0.000000000000006
        0.533333333333333        0.533333333333333        6.379145350009407        6.379145350009412        0.000000000000005
        0.566666666666667        0.566666666666667        1.709286844935773        1.709286844935775        0.000000000000001
        0.500000000000000        0.600000000000000        0.000000000000003        0.000000000000003        0.000000000000001
        0.533333333333333        0.633333333333333       -3.302088616119237       -3.302088616119240        0.000000000000003
        0.566666666666667        0.666666666666667       -3.302088616119240       -3.302088616119242        0.000000000000002
        0.500000000000000        0.700000000000000      -12.758290700018806      -12.758290700018811        0.000000000000004
        0.533333333333333        0.733333333333333      -11.049003855083037      -11.049003855083042        0.000000000000005
        0.566666666666667        0.766666666666667       -6.379145350009407       -6.379145350009410        0.000000000000003
        0.500000000000000        0.800000000000000      -18.042947740665128      -18.042947740665135        0.000000000000007
        0.533333333333333        0.833333333333333      -12.323562486451806      -12.323562486451812        0.000000000000006
        0.566666666666667        0.866666666666667       -5.719385254213329       -5.719385254213331        0.000000000000002
        0.500000000000000        0.900000000000000      -12.758290700018812      -12.758290700018812        0.000000000000000
        0.533333333333333        0.933333333333333       -6.379145350009408       -6.379145350009407        0.000000000000001
        0.566666666666667        0.966666666666667       -1.709286844935774       -1.709286844935774        0.000000000000001
        0.500000000000000        1.000000000000000       -0.000000000000006       -0.000000000000006        0.000000000000000
        0.533333333333333        1.033333333333333        3.302088616119236        3.302088616119235        0.000000000000001
        0.566666666666667        1.066666666666667        3.302088616119239        3.302088616119239        0.000000000000000
        0.600000000000000        0.000000000000000       -0.000000000000005       -0.000000000000004        0.000000000000001
        0.633333333333333        0.033333333333333        6.379145350009399        6.379145350009404        0.000000000000006
        0.666666666666667        0.066666666666667       11.049003855083032       11.049003855083035        0.000000000000003
        0.600000000000000        0.100000000000000       -0.000000000000003       -0.000000000000003        0.000000000000001
        0.633333333333333        0.133333333333333        3.302088616119237        3.302088616119235        0.000000000000001
        0.666666666666667        0.166666666666667        3.302088616119238        3.302088616119235        0.000000000000003
        0.600000000000000        0.200000000000000       -0.000000000000000       -0.000000000000000        0.000000000000000
        0.633333333333333        0.233333333333333       -1.709286844935770       -1.709286844935770        0.000000000000000
        0.666666666666667        0.266666666666667       -6.379145350009400       -6.379145350009400        0.000000000000001
        0.600000000000000        0.300000000000000        0.000000000000003        0.000000000000003        0.000000000000001
        0.633333333333333        0.333333333333333       -5.719385254213319       -5.719385254213322        0.000000000000002
        0.666666666666667        0.366666666666667      -12.323562486451797      -12.323562486451799        0.000000000000003
        0.600000000000000        0.400000000000000        0.000000000000005        0.000000000000004        0.000000000000001
        0.633333333333333        0.433333333333333       -6.379145350009399       -6.379145350009402        0.000000000000003
        0.666666666666667        0.466666666666667      -11.049003855083033      -11.049003855083036        0.000000000000004
        0.600000000000000        0.500000000000000        0.000000000000003        0.000000000000003        0.000000000000001
        0.633333333333333        0.533333333333333       -3.302088616119237       -3.302088616119240        0.000000000000003
        0.666666666666667        0.566666666666667       -3.302088616119240       -3.302088616119242        0.000000000000002
        0.600000000000000        0.600000000000000        0.000000000000000        0.000000000000000        0.000000000000000
        0.633333333333333        0.633333333333333        1.709286844935769        1.709286844935770        0.000000000000002
        0.666666666666667        0.666666666666667        6.379145350009399        6.379145350009402        0.000000000000003
        0.600000000000000        0.700000000000000       -0.000000000000003       -0.000000000000003        0.000000000000001
        0.633333333333333        0.733333333333333        5.719385254213319        5.719385254213322        0.000000000000003
        0.666666666666667        0.766666666666667       12.323562486451796       12.323562486451800        0.000000000000004
        0.600000000000000        0.800000000000000       -0.000000000000005       -0.000000000000004        0.000000000000001
        0.633333333333333        0.833333333333333        6.379145350009399        6.379145350009403        0.000000000000003
        0.666666666666667        0.866666666666667       11.049003855083033       11.049003855083036        0.000000000000002
        0.600000000000000        0.900000000000000       -0.000000000000003       -0.000000000000003        0.000000000000001
        0.633333333333333        0.933333333333333        3.302088616119238        3.302088616119238        0.000000000000000
        0.666666666666667        0.966666666666667        3.302088616119241        3.302088616119240        0.000000000000002
        0.600000000000000        1.000000000000000       -0.000000000000000       -0.000000000000000        0.000000000000000
        0.633333333333333        1.033333333333333       -1.709286844935768       -1.709286844935767        0.000000000000001
        0.666666666666667        1.066666666666667       -6.379145350009398       -6.379145350009396        0.000000000000002
        0.700000000000000        0.000000000000000       18.042947740665122       18.042947740665133        0.000000000000012
        0.733333333333333        0.033333333333333       21.345036356784362       21.345036356784372        0.000000000000010
        0.766666666666667        0.066666666666667       21.345036356784363       21.345036356784366        0.000000000000003
        0.700000000000000        0.100000000000000       12.758290700018805       12.758290700018801        0.000000000000004
        0.733333333333333        0.133333333333333       11.049003855083035       11.049003855083027        0.000000000000008
        0.766666666666667        0.166666666666667        6.379145350009404        6.379145350009398        0.000000000000007
        0.700000000000000        0.200000000000000        0.000000000000001        0.000000000000000        0.000000000000001
        0.733333333333333        0.233333333333333       -5.719385254213322       -5.719385254213319        0.000000000000002
        0.766666666666667        0.266666666666667      -12.323562486451799      -12.323562486451796        0.000000000000003
        0.700000000000000        0.300000000000000      -12.758290700018803      -12.758290700018802        0.000000000000001
        0.733333333333333        0.333333333333333      -19.137436050028207      -19.137436050028207        0.000000000000000
        0.766666666666667        0.366666666666667      -23.807294555101840      -23.807294555101842        0.000000000000001
        0.700000000000000        0.400000000000000      -18.042947740665122      -18.042947740665123        0.000000000000001
        0.733333333333333        0.433333333333333      -21.345036356784362      -21.345036356784363        0.000000000000001
        0.766666666666667        0.466666666666667      -21.345036356784365      -21.345036356784369        0.000000000000004
        0.700000000000000        0.500000000000000      -12.758290700018806      -12.758290700018811        0.000000000000004
        0.733333333333333        0.533333333333333      -11.049003855083037      -11.049003855083042        0.000000000000005
        0.766666666666667        0.566666666666667       -6.379145350009407       -6.379145350009410        0.000000000000003
        0.700000000000000        0.600000000000000       -0.000000000000003       -0.000000000000003        0.000000000000001
        0.733333333333333        0.633333333333333        5.719385254213319        5.719385254213322        0.000000000000003
        0.766666666666667        0.666666666666667       12.323562486451796       12.323562486451800        0.000000000000004
        0.700000000000000        0.700000000000000       12.758290700018801       12.758290700018804        0.000000000000002
        0.733333333333333        0.733333333333333       19.137436050028205       19.137436050028207        0.000000000000002
        0.766666666666667        0.766666666666667       23.807294555101840       23.807294555101843        0.000000000000004
        0.700000000000000        0.800000000000000       18.042947740665122       18.042947740665125        0.000000000000004
        0.733333333333333        0.833333333333333       21.345036356784363       21.345036356784366        0.000000000000003
        0.766666666666667        0.866666666666667       21.345036356784366       21.345036356784367        0.000000000000001
        0.700000000000000        0.900000000000000       12.758290700018808       12.758290700018806        0.000000000000002
        0.733333333333333        0.933333333333333       11.049003855083040       11.049003855083034        0.000000000000005
        0.766666666666667        0.966666666666667        6.379145350009410        6.379145350009406        0.000000000000004
        0.700000000000000        1.000000000000000        0.000000000000006        0.000000000000006        0.000000000000000
        0.733333333333333        1.033333333333333       -5.719385254213316       -5.719385254213312        0.000000000000004
        0.766666666666667        1.066666666666667      -12.323562486451794      -12.323562486451788        0.000000000000006
        0.800000000000000        0.000000000000000       25.516581400037614       25.516581400037631        0.000000000000017
        0.833333333333333        0.033333333333333       23.807294555101844       23.807294555101857        0.000000000000013
        0.866666666666667        0.066666666666667       19.137436050028214       19.137436050028214        0.000000000000001
        0.800000000000000        0.100000000000000       18.042947740665126       18.042947740665121        0.000000000000005
        0.833333333333333        0.133333333333333       12.323562486451803       12.323562486451795        0.000000000000009
        0.866666666666667        0.166666666666667        5.719385254213326        5.719385254213319        0.000000000000006
        0.800000000000000        0.200000000000000        0.000000000000002        0.000000000000000        0.000000000000001
        0.833333333333333        0.233333333333333       -6.379145350009402       -6.379145350009400        0.000000000000002
        0.866666666666667        0.266666666666667      -11.049003855083036      -11.049003855083032        0.000000000000004
        0.800000000000000        0.300000000000000      -18.042947740665124      -18.042947740665123        0.000000000000000
        0.833333333333333        0.333333333333333      -21.345036356784364      -21.345036356784366        0.000000000000001
        0.866666666666667        0.366666666666667      -21.345036356784367      -21.345036356784366        0.000000000000001
        0.800000000000000        0.400000000000000      -25.516581400037614      -25.516581400037616        0.000000000000002
        0.833333333333333        0.433333333333333      -23.807294555101845      -23.807294555101848        0.000000000000003
        0.866666666666667        0.466666666666667      -19.137436050028215      -19.137436050028216        0.000000000000002
        0.800000000000000        0.500000000000000      -18.042947740665128      -18.042947740665135        0.000000000000007
        0.833333333333333        0.533333333333333      -12.323562486451806      -12.323562486451812        0.000000000000006
        0.866666666666667        0.566666666666667       -5.719385254213329       -5.719385254213331        0.000000000000002
        0.800000000000000        0.600000000000000       -0.000000000000005       -0.000000000000004        0.000000000000001
        0.833333333333333        0.633333333333333        6.379145350009399        6.379145350009403        0.000000000000003
        0.866666666666667        0.666666666666667       11.049003855083033       11.049003855083036        0.000000000000002
        0.800000000000000        0.700000000000000       18.042947740665122       18.042947740665125        0.000000000000004
        0.833333333333333        0.733333333333333       21.345036356784363       21.345036356784366        0.000000000000003
        0.866666666666667        0.766666666666667       21.345036356784366       21.345036356784367        0.000000000000001
        0.800000000000000        0.800000000000000       25.516581400037614       25.516581400037620        0.000000000000006
        0.833333333333333        0.833333333333333       23.807294555101846       23.807294555101851        0.000000000000005
        0.866666666666667        0.866666666666667       19.137436050028216       19.137436050028215        0.000000000000001
        0.800000000000000        0.900000000000000       18.042947740665130       18.042947740665128        0.000000000000002
        0.833333333333333        0.933333333333333       12.323562486451808       12.323562486451803        0.000000000000005
        0.866666666666667        0.966666666666667        5.719385254213331        5.719385254213327        0.000000000000004
        0.800000000000000        1.000000000000000        0.000000000000008        0.000000000000008        0.000000000000000
        0.833333333333333        1.033333333333333       -6.379145350009396       -6.379145350009392        0.000000000000004
        0.866666666666667        1.066666666666667      -11.049003855083031      -11.049003855083025        0.000000000000006
        0.900000000000000        0.000000000000000       18.042947740665130       18.042947740665136        0.000000000000005
        0.933333333333333        0.033333333333333       12.323562486451808       12.323562486451806        0.000000000000001
        0.966666666666667        0.066666666666667        5.719385254213330        5.719385254213326        0.000000000000004
        0.900000000000000        0.100000000000000       12.758290700018811       12.758290700018803        0.000000000000008
        0.933333333333333        0.133333333333333        6.379145350009407        6.379145350009399        0.000000000000008
        0.966666666666667        0.166666666666667        1.709286844935773        1.709286844935770        0.000000000000003
        0.900000000000000        0.200000000000000        0.000000000000001        0.000000000000000        0.000000000000001
        0.933333333333333        0.233333333333333       -3.302088616119240       -3.302088616119236        0.000000000000003
        0.966666666666667        0.266666666666667       -3.302088616119242       -3.302088616119238        0.000000000000004
        0.900000000000000        0.300000000000000      -12.758290700018809      -12.758290700018804        0.000000000000005
        0.933333333333333        0.333333333333333      -11.049003855083040      -11.049003855083034        0.000000000000006
        0.966666666666667        0.366666666666667       -6.379145350009410       -6.379145350009405        0.000000000000005
        0.900000000000000        0.400000000000000      -18.042947740665130      -18.042947740665125        0.000000000000005
        0.933333333333333        0.433333333333333      -12.323562486451808      -12.323562486451802        0.000000000000006
        0.966666666666667        0.466666666666667       -5.719385254213331       -5.719385254213327        0.000000000000004
        0.900000000000000        0.500000000000000      -12.758290700018812      -12.758290700018812        0.000000000000000
        0.933333333333333        0.533333333333333       -6.379145350009408       -6.379145350009407        0.000000000000001
        0.966666666666667        0.566666666666667       -1.709286844935774       -1.709286844935774        0.000000000000001
        0.900000000000000        0.600000000000000       -0.000000000000003       -0.000000000000003        0.000000000000001
        0.933333333333333        0.633333333333333        3.302088616119238        3.302088616119238        0.000000000000000
        0.966666666666667        0.666666666666667        3.302088616119241        3.302088616119240        0.000000000000002
        0.900000000000000        0.700000000000000       12.758290700018808       12.758290700018806        0.000000000000002
        0.933333333333333        0.733333333333333       11.049003855083040       11.049003855083034        0.000000000000005
        0.966666666666667        0.766666666666667        6.379145350009410        6.379145350009406        0.000000000000004
        0.900000000000000        0.800000000000000       18.042947740665130       18.042947740665128        0.000000000000002
        0.933333333333333        0.833333333333333       12.323562486451808       12.323562486451803        0.000000000000005
        0.966666666666667        0.866666666666667        5.719385254213331        5.719385254213327        0.000000000000004
        0.900000000000000        0.900000000000000       12.758290700018814       12.758290700018807        0.000000000000007
        0.933333333333333        0.933333333333333        6.379145350009410        6.379145350009403        0.000000000000007
        0.966666666666667        0.966666666666667        1.709286844935775        1.709286844935772        0.000000000000003
        0.900000000000000        1.000000000000000        0.000000000000006        0.000000000000006        0.000000000000000
        0.933333333333333        1.033333333333333       -3.302088616119237       -3.302088616119232        0.000000000000004
        0.966666666666667        1.066666666666667       -3.302088616119241       -3.302088616119236        0.000000000000004
        1.000000000000000        0.000000000000000        0.000000000000008        0.000000000000008        0.000000000000000
        1.033333333333333        0.033333333333333       -6.379145350009396       -6.379145350009394        0.000000000000002
        1.066666666666667        0.066666666666667      -11.049003855083030      -11.049003855083024        0.000000000000005
        1.000000000000000        0.100000000000000        0.000000000000006        0.000000000000006        0.000000000000000
        1.033333333333333        0.133333333333333       -3.302088616119235       -3.302088616119230        0.000000000000005
        1.066666666666667        0.166666666666667       -3.302088616119238       -3.302088616119232        0.000000000000005
        1.000000000000000        0.200000000000000        0.000000000000000        0.000000000000000        0.000000000000000
        1.033333333333333        0.233333333333333        1.709286844935769        1.709286844935767        0.000000000000002
        1.066666666666667        0.266666666666667        6.379145350009399        6.379145350009394        0.000000000000005
        1.000000000000000        0.300000000000000       -0.000000000000006       -0.000000000000006        0.000000000000000
        1.033333333333333        0.333333333333333        5.719385254213317        5.719385254213312        0.000000000000005
        1.066666666666667        0.366666666666667       12.323562486451794       12.323562486451787        0.000000000000007
        1.000000000000000        0.400000000000000       -0.000000000000008       -0.000000000000008        0.000000000000000
        1.033333333333333        0.433333333333333        6.379145350009396        6.379145350009391        0.000000000000005
        1.066666666666667        0.466666666666667       11.049003855083030       11.049003855083026        0.000000000000005
        1.000000000000000        0.500000000000000       -0.000000000000006       -0.000000000000006        0.000000000000000
        1.033333333333333        0.533333333333333        3.302088616119236        3.302088616119235        0.000000000000001
        1.066666666666667        0.566666666666667        3.302088616119239        3.302088616119239        0.000000000000000
        1.000000000000000        0.600000000000000       -0.000000000000000       -0.000000000000000        0.000000000000000
        1.033333333333333        0.633333333333333       -1.709286844935768       -1.709286844935767        0.000000000000001
        1.066666666666667        0.666666666666667       -6.379145350009398       -6.379145350009396        0.000000000000002
        1.000000000000000        0.700000000000000        0.000000000000006        0.000000000000006        0.000000000000000
        1.033333333333333        0.733333333333333       -5.719385254213316       -5.719385254213312        0.000000000000004
        1.066666666666667        0.766666666666667      -12.323562486451794      -12.323562486451788        0.000000000000006
        1.000000000000000        0.800000000000000        0.000000000000008        0.000000000000008        0.000000000000000
        1.033333333333333        0.833333333333333       -6.379145350009396       -6.379145350009392        0.000000000000004
        1.066666666666667        0.866666666666667      -11.049003855083031      -11.049003855083025        0.000000000000006
        1.000000000000000        0.900000000000000        0.000000000000006        0.000000000000006        0.000000000000000
        1.033333333333333        0.933333333333333       -3.302088616119237       -3.302088616119232        0.000000000000004
        1.066666666666667        0.966666666666667       -3.302088616119241       -3.302088616119236        0.000000000000004
        1.000000000000000        1.000000000000000        0.000000000000000        0.000000000000000        0.000000000000000
        1.033333333333333        1.033333333333333        1.709286844935767        1.709286844935765        0.000000000000003
        1.066666666666667        1.066666666666667        6.379145350009396        6.379145350009389        0.000000000000007
