        0.000000000000000        0.000000000000000       24.680626335354129       24.680626335354157        0.000000000000028
        0.033333333333333        0.033333333333333       23.027337861541020       23.027337861541039        0.000000000000020
        0.066666666666667        0.066666666666667       18.510469751515597       18.510469751515600        0.000000000000002
        0.000000000000000        0.100000000000000       17.451838245660195       17.451838245660198        0.000000000000003
        0.033333333333333        0.133333333333333       11.919827193154339       11.919827193154335        0.000000000000004
        0.066666666666667        0.166666666666667        5.532011052505857        5.532011052505852        0.000000000000006
        0.000000000000000        0.200000000000000        0.000000000000002        0.000000000000000        0.000000000000001
        0.033333333333333        0.233333333333333       -6.170156583838531       -6.170156583838530        0.000000000000000
        0.066666666666667        0.266666666666667      -10.687024693863954      -10.687024693863951        0.000000000000003
        0.000000000000000        0.300000000000000      -17.451838245660193      -17.451838245660200        0.000000000000007
        0.033333333333333        0.333333333333333      -20.645746315984434      -20.645746315984442        0.000000000000008
        0.066666666666667        0.366666666666667      -20.645746315984435      -20.645746315984436        0.000000000000001
        0.000000000000000        0.400000000000000      -24.680626335354129      -24.680626335354142        0.000000000000013
        0.033333333333333        0.433333333333333      -23.027337861541021      -23.027337861541031        0.000000000000010
        0.066666666666667        0.466666666666667      -18.510469751515599      -18.510469751515602        0.000000000000003
        0.000000000000000        0.500000000000000      -17.451838245660197      -17.451838245660211        0.000000000000014
        0.033333333333333        0.533333333333333      -11.919827193154342      -11.919827193154351        0.000000000000010
        0.066666666666667        0.566666666666667       -5.532011052505860       -5.532011052505862        0.000000000000003
        0.000000000000000        0.600000000000000       -0.000000000000005       -0.000000000000004        0.000000000000001
        0.033333333333333        0.633333333333333        6.170156583838528        6.170156583838533        0.000000000000005
        0.066666666666667        0.666666666666667       10.687024693863951       10.687024693863955        0.000000000000003
        0.000000000000000        0.700000000000000       17.451838245660191       17.451838245660202        0.000000000000011
        0.033333333333333        0.733333333333333       20.645746315984433       20.645746315984443        0.000000000000010
        0.066666666666667        0.766666666666667       20.645746315984435       20.645746315984437        0.000000000000003
        0.000000000000000        0.800000000000000       24.680626335354129       24.680626335354146        0.000000000000017
        0.033333333333333        0.833333333333333       23.027337861541021       23.027337861541033        0.000000000000012
        0.066666666666667        0.866666666666667       18.510469751515600       18.510469751515601        0.000000000000001
        0.000000000000000        0.900000000000000       17.451838245660199       17.451838245660205        0.000000000000005
        0.033333333333333        0.933333333333333       11.919827193154344       11.919827193154343        0.000000000000001
        0.066666666666667        0.966666666666667        5.532011052505862        5.532011052505859        0.000000000000004
        0.000000000000000        1.000000000000000        0.000000000000008        0.000000000000008        0.000000000000000
        0.033333333333333        1.033333333333333       -6.170156583838525       -6.170156583838523        0.000000000000002
        0.066666666666667        1.066666666666667      -10.687024693863949      -10.687024693863944        0.000000000000005
        0.100000000000000        0.000000000000000       17.451838245660195       17.451838245660198        0.000000000000003
        0.133333333333333        0.033333333333333       11.919827193154339       11.919827193154335        0.000000000000004
        0.166666666666667        0.066666666666667        5.532011052505857        5.532011052505852        0.000000000000006
        0.100000000000000        0.100000000000000       12.340313167677065       12.340313167677056        0.000000000000010
        0.133333333333333        0.133333333333333        6.170156583838533        6.170156583838523        0.000000000000010
        0.166666666666667        0.166666666666667        1.653288473813110        1.653288473813107        0.000000000000004
        0.100000000000000        0.200000000000000        0.000000000000001        0.000000000000000        0.000000000000001
        0.133333333333333        0.233333333333333       -3.193908070324240       -3.193908070324236        0.000000000000004
        0.166666666666667        0.266666666666667       -3.193908070324241       -3.193908070324237        0.000000000000005
        0.100000000000000        0.300000000000000      -12.340313167677064      -12.340313167677057        0.000000000000007
        0.133333333333333        0.333333333333333      -10.687024693863955      -10.687024693863946        0.000000000000009
        0.166666666666667        0.366666666666667       -6.170156583838533       -6.170156583838526        0.000000000000007
        0.100000000000000        0.400000000000000      -17.451838245660195      -17.451838245660188        0.000000000000007
        0.133333333333333        0.433333333333333      -11.919827193154340      -11.919827193154330        0.000000000000009
        0.166666666666667        0.466666666666667       -5.532011052505858       -5.532011052505852        0.000000000000006
        0.100000000000000        0.500000000000000      -12.340313167677067      -12.340313167677065        0.000000000000002
        0.133333333333333        0.533333333333333       -6.170156583838534       -6.170156583838532        0.000000000000003
        0.166666666666667        0.566666666666667       -1.653288473813111       -1.653288473813110        0.000000000000001
        0.100000000000000        0.600000000000000       -0.000000000000003       -0.000000000000003        0.000000000000000
        0.133333333333333        0.633333333333333        3.193908070324239        3.193908070324238        0.000000000000001
        0.166666666666667        0.666666666666667        3.193908070324241        3.193908070324238        0.000000000000003
        0.100000000000000        0.700000000000000       12.340313167677062       12.340313167677059        0.000000000000004
        0.133333333333333        0.733333333333333       10.687024693863954       10.687024693863946        0.000000000000008
        0.166666666666667        0.766666666666667        6.170156583838533        6.170156583838527        0.000000000000006
        0.100000000000000        0.800000000000000       17.451838245660195       17.451838245660190        0.000000000000005
        0.133333333333333        0.833333333333333       11.919827193154340       11.919827193154332        0.000000000000008
        0.166666666666667        0.866666666666667        5.532011052505858        5.532011052505852        0.000000000000006
        0.100000000000000        0.900000000000000       12.340313167677068       12.340313167677060        0.000000000000008
        0.133333333333333        0.933333333333333        6.170156583838536        6.170156583838528        0.000000000000008
        0.166666666666667        0.966666666666667        1.653288473813112        1.653288473813109        0.000000000000003
        0.100000000000000        1.000000000000000        0.000000000000005        0.000000000000005        0.000000000000000
        0.133333333333333        1.033333333333333       -3.193908070324238       -3.193908070324233        0.000000000000005
        0.166666666666667        1.066666666666667       -3.193908070324240       -3.193908070324235        0.000000000000005
        0.200000000000000        0.000000000000000        0.000000000000002        0.000000000000000        0.000000000000001
        0.233333333333333        0.033333333333333       -6.170156583838531       -6.170156583838530        0.000000000000000
        0.266666666666667        0.066666666666667      -10.687024693863954      -10.687024693863951        0.000000000000003
        0.200000000000000        0.100000000000000        0.000000000000001        0.000000000000000        0.000000000000001
        0.233333333333333        0.133333333333333       -3.193908070324240       -3.193908070324236        0.000000000000004
        0.266666666666667        0.166666666666667       -3.193908070324241       -3.193908070324237        0.000000000000005
        0.200000000000000        0.200000000000000        0.000000000000000        0.000000000000000        0.000000000000000
        0.233333333333333        0.233333333333333        1.653288473813109        1.653288473813107        0.000000000000002
        0.266666666666667        0.266666666666667        6.170156583838531        6.170156583838527        0.000000000000004
        0.200000000000000        0.300000000000000       -0.000000000000001       -0.000000000000000        0.000000000000001
        0.233333333333333        0.333333333333333        5.532011052505854        5.532011052505852        0.000000000000003
        0.266666666666667        0.366666666666667       11.919827193154336       11.919827193154332        0.000000000000004
        0.200000000000000        0.400000000000000       -0.000000000000002       -0.000000000000000        0.000000000000001
        0.233333333333333        0.433333333333333        6.170156583838531        6.170156583838528        0.000000000000003
        0.266666666666667        0.466666666666667       10.687024693863954       10.687024693863952        0.000000000000002
        0.200000000000000        0.500000000000000       -0.000000000000001       -0.000000000000000        0.000000000000001
        0.233333333333333        0.533333333333333        3.193908070324241        3.193908070324241        0.000000000000000
        0.266666666666667        0.566666666666667        3.193908070324243        3.193908070324243        0.000000000000000
        0.200000000000000        0.600000000000000       -0.000000000000000       -0.000000000000000        0.000000000000000
        0.233333333333333        0.633333333333333       -1.653288473813108       -1.653288473813108        0.000000000000000
        0.266666666666667        0.666666666666667       -6.170156583838529       -6.170156583838529        0.000000000000001
        0.200000000000000        0.700000000000000        0.000000000000001        0.000000000000000        0.000000000000001
        0.233333333333333        0.733333333333333       -5.532011052505854       -5.532011052505852        0.000000000000002
        0.266666666666667        0.766666666666667      -11.919827193154336      -11.919827193154333        0.000000000000003
        0.200000000000000        0.800000000000000        0.000000000000002        0.000000000000000        0.000000000000001
        0.233333333333333        0.833333333333333       -6.170156583838531       -6.170156583838529        0.000000000000002
        0.266666666666667        0.866666666666667      -10.687024693863955      -10.687024693863952        0.000000000000004
        0.200000000000000        0.900000000000000        0.000000000000001        0.000000000000000        0.000000000000001
        0.233333333333333        0.933333333333333       -3.193908070324242       -3.193908070324239        0.000000000000003
        0.266666666666667        0.966666666666667       -3.193908070324244       -3.193908070324241        0.000000000000003
        0.200000000000000        1.000000000000000        0.000000000000000        0.000000000000000        0.000000000000000
        0.233333333333333        1.033333333333333        1.653288473813107        1.653288473813105        0.000000000000002
        0.266666666666667        1.066666666666667        6.170156583838528        6.170156583838523        0.000000000000005
        0.300000000000000        0.000000000000000      -17.451838245660193      -17.451838245660200        0.000000000000007
        0.333333333333333        0.033333333333333      -20.645746315984434      -20.645746315984442        0.000000000000008
        0.366666666666667        0.066666666666667      -20.645746315984435      -20.645746315984436        0.000000000000001
        0.300000000000000        0.100000000000000      -12.340313167677064      -12.340313167677057        0.000000000000007
        0.333333333333333        0.133333333333333      -10.687024693863955      -10.687024693863946        0.000000000000009
        0.366666666666667        0.166666666666667       -6.170156583838533       -6.170156583838526        0.000000000000007
        0.300000000000000        0.200000000000000       -0.000000000000001       -0.000000000000000        0.000000000000001
        0.333333333333333        0.233333333333333        5.532011052505854        5.532011052505852        0.000000000000003
        0.366666666666667        0.266666666666667       11.919827193154336       11.919827193154332        0.000000000000004
        0.300000000000000        0.300000000000000       12.340313167677062       12.340313167677059        0.000000000000004
        0.333333333333333        0.333333333333333       18.510469751515595       18.510469751515593        0.000000000000002
        0.366666666666667        0.366666666666667       23.027337861541018       23.027337861541017        0.000000000000001
        0.300000000000000        0.400000000000000       17.451838245660193       17.451838245660190        0.000000000000003
        0.333333333333333        0.433333333333333       20.645746315984435       20.645746315984434        0.000000000000001
        0.366666666666667        0.466666666666667       20.645746315984437       20.645746315984438        0.000000000000002
        0.300000000000000        0.500000000000000       12.340313167677065       12.340313167677067        0.000000000000001
        0.333333333333333        0.533333333333333       10.687024693863957       10.687024693863961        0.000000000000004
        0.366666666666667        0.566666666666667        6.170156583838536        6.170156583838538        0.000000000000002
        0.300000000000000        0.600000000000000        0.000000000000003        0.000000000000003        0.000000000000000
        0.333333333333333        0.633333333333333       -5.532011052505852       -5.532011052505854        0.000000000000002
        0.366666666666667        0.666666666666667      -11.919827193154334      -11.919827193154336        0.000000000000003
        0.300000000000000        0.700000000000000      -12.340313167677061      -12.340313167677060        0.000000000000001
        0.333333333333333        0.733333333333333      -18.510469751515593      -18.510469751515594        0.000000000000000
        0.366666666666667        0.766666666666667      -23.027337861541018      -23.027337861541019        0.000000000000001
        0.300000000000000        0.800000000000000      -17.451838245660193      -17.451838245660193        0.000000000000000
        0.333333333333333        0.833333333333333      -20.645746315984436      -20.645746315984437        0.000000000000001
        0.366666666666667        0.866666666666667      -20.645746315984438      -20.645746315984437        0.000000000000001
        0.300000000000000        0.900000000000000      -12.340313167677067      -12.340313167677062        0.000000000000005
        0.333333333333333        0.933333333333333      -10.687024693863960      -10.687024693863954        0.000000000000006
        0.366666666666667        0.966666666666667       -6.170156583838539       -6.170156583838534        0.000000000000005
        0.300000000000000        1.000000000000000       -0.000000000000005       -0.000000000000005        0.000000000000000
        0.333333333333333        1.033333333333333        5.532011052505849        5.532011052505845        0.000000000000004
        0.366666666666667        1.066666666666667       11.919827193154331       11.919827193154325        0.000000000000007
        0.400000000000000        0.000000000000000      -24.680626335354129      -24.680626335354142        0.000000000000013
        0.433333333333333        0.033333333333333      -23.027337861541021      -23.027337861541031        0.000000000000010
        0.466666666666667        0.066666666666667      -18.510469751515599      -18.510469751515602        0.000000000000003
        0.400000000000000        0.100000000000000      -17.451838245660195      -17.451838245660188        0.000000000000007
        0.433333333333333        0.133333333333333      -11.919827193154340      -11.919827193154330        0.000000000000009
        0.466666666666667        0.166666666666667       -5.532011052505858       -5.532011052505852        0.000000000000006
        0.400000000000000        0.200000000000000       -0.000000000000002       -0.000000000000000        0.000000000000001
        0.433333333333333        0.233333333333333        6.170156583838531        6.170156583838528        0.000000000000003
        0.466666666666667        0.266666666666667       10.687024693863954       10.687024693863952        0.000000000000002
        0.400000000000000        0.300000000000000       17.451838245660193       17.451838245660190        0.000000000000003
        0.433333333333333        0.333333333333333       20.645746315984435       20.645746315984434        0.000000000000001
        0.466666666666667        0.366666666666667       20.645746315984437       20.645746315984438        0.000000000000002
        0.400000000000000        0.400000000000000       24.680626335354129       24.680626335354128        0.000000000000001
        0.433333333333333        0.433333333333333       23.027337861541021       23.027337861541022        0.000000000000000
        0.466666666666667        0.466666666666667       18.510469751515600       18.510469751515604        0.000000000000004
        0.400000000000000        0.500000000000000       17.451838245660197       17.451838245660201        0.000000000000004
        0.433333333333333        0.533333333333333       11.919827193154342       11.919827193154347        0.000000000000005
        0.466666666666667        0.566666666666667        5.532011052505860        5.532011052505863        0.000000000000003
        0.400000000000000        0.600000000000000        0.000000000000005        0.000000000000004        0.000000000000001
        0.433333333333333        0.633333333333333       -6.170156583838528       -6.170156583838531        0.000000000000003
        0.466666666666667        0.666666666666667      -10.687024693863952      -10.687024693863956        0.000000000000004
        0.400000000000000        0.700000000000000      -17.451838245660191      -17.451838245660192        0.000000000000001
        0.433333333333333        0.733333333333333      -20.645746315984434      -20.645746315984435        0.000000000000001
        0.466666666666667        0.766666666666667      -20.645746315984436      -20.645746315984440        0.000000000000004
        0.400000000000000        0.800000000000000      -24.680626335354129      -24.680626335354132        0.000000000000002
        0.433333333333333        0.833333333333333      -23.027337861541022      -23.027337861541025        0.000000000000003
        0.466666666666667        0.866666666666667      -18.510469751515601      -18.510469751515603        0.000000000000002
        0.400000000000000        0.900000000000000      -17.451838245660199      -17.451838245660195        0.000000000000005
        0.433333333333333        0.933333333333333      -11.919827193154345      -11.919827193154338        0.000000000000006
        0.466666666666667        0.966666666666667       -5.532011052505863       -5.532011052505859        0.000000000000004
        0.400000000000000        1.000000000000000       -0.000000000000008       -0.000000000000008        0.000000000000000
        0.433333333333333        1.033333333333333        6.170156583838525        6.170156583838521        0.000000000000005
        0.466666666666667        1.066666666666667       10.687024693863950       10.687024693863945        0.000000000000005
        0.500000000000000        0.000000000000000      -17.451838245660197      -17.451838245660211        0.000000000000014
        0.533333333333333        0.033333333333333      -11.919827193154342      -11.919827193154351        0.000000000000010
        0.566666666666667        0.066666666666667       -5.532011052505860       -5.532011052505862        0.000000000000003
        0.500000000000000        0.100000000000000      -12.340313167677067      -12.340313167677065        0.000000000000002
        0.533333333333333        0.133333333333333       -6.170156583838534       -6.170156583838532        0.000000000000003
        0.566666666666667        0.166666666666667       -1.653288473813111       -1.653288473813110        0.000000000000001
        0.500000000000000        0.200000000000000       -0.000000000000001       -0.000000000000000        0.000000000000001
        0.533333333333333        0.233333333333333        3.193908070324241        3.193908070324241        0.000000000000000
        0.566666666666667        0.266666666666667        3.193908070324243        3.193908070324243        0.000000000000000
        0.500000000000000        0.300000000000000       12.340313167677065       12.340313167677067        0.000000000000001
        0.533333333333333        0.333333333333333       10.687024693863957       10.687024693863961        0.000000000000004
        0.566666666666667        0.366666666666667        6.170156583838536        6.170156583838538        0.000000000000002
        0.500000000000000        0.400000000000000       17.451838245660197       17.451838245660201        0.000000000000004
        0.533333333333333        0.433333333333333       11.919827193154342       11.919827193154347        0.000000000000005
        0.566666666666667        0.466666666666667        5.532011052505860        5.532011052505863        0.000000000000003
        0.500000000000000        0.500000000000000       12.340313167677068       12.340313167677075        0.000000000000006
        0.533333333333333        0.533333333333333        6.170156583838536        6.170156583838540        0.000000000000005
        0.566666666666667        0.566666666666667        1.653288473813112        1.653288473813113        0.000000000000001
        0.500000000000000        0.600000000000000        0.000000000000003        0.000000000000003        0.000000000000000
        0.533333333333333        0.633333333333333       -3.193908070324240       -3.193908070324242        0.000000000000003
        0.566666666666667        0.666666666666667       -3.193908070324242       -3.193908070324244        0.000000000000002
        0.500000000000000        0.700000000000000      -12.340313167677064      -12.340313167677068        0.000000000000004
        0.533333333333333        0.733333333333333      -10.687024693863957      -10.687024693863961        0.000000000000005
        0.566666666666667        0.766666666666667       -6.170156583838536       -6.170156583838539        0.000000000000003
        0.500000000000000        0.800000000000000      -17.451838245660197      -17.451838245660204        0.000000000000006
        0.533333333333333        0.833333333333333      -11.919827193154343      -11.919827193154348        0.000000000000006
        0.566666666666667        0.866666666666667       -5.532011052505861       -5.532011052505863        0.000000000000002
        0.500000000000000        0.900000000000000      -12.340313167677070      -12.340313167677070        0.000000000000000
        0.533333333333333        0.933333333333333       -6.170156583838537       -6.170156583838536        0.000000000000001
        0.566666666666667        0.966666666666667       -1.653288473813112       -1.653288473813112        0.000000000000001
        0.500000000000000        1.000000000000000       -0.000000000000005       -0.000000000000005        0.000000000000000
        0.533333333333333        1.033333333333333        3.193908070324238        3.193908070324237        0.000000000000001
        0.566666666666667        1.066666666666667        3.193908070324241        3.193908070324241        0.000000000000000
        0.600000000000000        0.000000000000000       -0.000000000000005       -0.000000000000004        0.000000000000001
        0.633333333333333        0.033333333333333        6.170156583838528        6.170156583838533        0.000000000000005
        0.666666666666667        0.066666666666667       10.687024693863951       10.687024693863955        0.000000000000003
        0.600000000000000        0.100000000000000       -0.000000000000003       -0.000000000000003        0.000000000000000
        0.633333333333333        0.133333333333333        3.193908070324239        3.193908070324238        0.000000000000001
        0.666666666666667        0.166666666666667        3.193908070324241        3.193908070324238        0.000000000000003
        0.600000000000000        0.200000000000000       -0.000000000000000       -0.000000000000000        0.000000000000000
        0.633333333333333        0.233333333333333       -1.653288473813108       -1.653288473813108        0.000000000000000
        0.666666666666667        0.266666666666667       -6.170156583838529       -6.170156583838529        0.000000000000001
        0.600000000000000        0.300000000000000        0.000000000000003        0.000000000000003        0.000000000000000
        0.633333333333333        0.333333333333333       -5.532011052505852       -5.532011052505854        0.000000000000002
        0.666666666666667        0.366666666666667      -11.919827193154334      -11.919827193154336        0.000000000000003
        0.600000000000000        0.400000000000000        0.000000000000005        0.000000000000004        0.000000000000001
        0.633333333333333        0.433333333333333       -6.170156583838528       -6.170156583838531        0.000000000000003
        0.666666666666667        0.466666666666667      -10.687024693863952      -10.687024693863956        0.000000000000004
        0.600000000000000        0.500000000000000        0.000000000000003        0.000000000000003        0.000000000000000
        0.633333333333333        0.533333333333333       -3.193908070324240       -3.193908070324242        0.000000000000003
        0.666666666666667        0.566666666666667       -3.193908070324242       -3.193908070324244        0.000000000000002
        0.600000000000000        0.600000000000000        0.000000000000000        0.000000000000000        0.000000000000000
        0.633333333333333        0.633333333333333        1.653288473813107        1.653288473813109        0.000000000000001
        0.666666666666667        0.666666666666667        6.170156583838528        6.170156583838531        0.000000000000003
        0.600000000000000        0.700000000000000       -0.000000000000003       -0.000000000000003        0.000000000000000
        0.633333333333333        0.733333333333333        5.532011052505852        5.532011052505854        0.000000000000003
        0.666666666666667        0.766666666666667       11.919827193154333       11.919827193154337        0.000000000000004
        0.600000000000000        0.800000000000000       -0.000000000000005       -0.000000000000004        0.000000000000001
        0.633333333333333        0.833333333333333        6.170156583838528        6.170156583838532        0.000000000000003
        0.666666666666667        0.866666666666667       10.687024693863953       10.687024693863955        0.000000000000002
        0.600000000000000        0.900000000000000       -0.000000000000003       -0.000000000000003        0.000000000000000
        0.633333333333333        0.933333333333333        3.193908070324240        3.193908070324240        0.000000000000000
        0.666666666666667        0.966666666666667        3.193908070324243        3.193908070324242        0.000000000000002
        0.600000000000000        1.000000000000000       -0.000000000000000       -0.000000000000000        0.000000000000000
        0.633333333333333        1.033333333333333       -1.653288473813106       -1.653288473813106        0.000000000000001
        0.666666666666667        1.066666666666667       -6.170156583838527       -6.170156583838525        0.000000000000002
        0.700000000000000        0.000000000000000       17.451838245660191       17.451838245660202        0.000000000000011
        0.733333333333333        0.033333333333333       20.645746315984433       20.645746315984443        0.000000000000010
        0.766666666666667        0.066666666666667       20.645746315984435       20.645746315984437        0.000000000000003
        0.700000000000000        0.100000000000000       12.340313167677062       12.340313167677059        0.000000000000004
        0.733333333333333        0.133333333333333       10.687024693863954       10.687024693863946        0.000000000000008
        0.766666666666667        0.166666666666667        6.170156583838533        6.170156583838527        0.000000000000006
        0.700000000000000        0.200000000000000        0.000000000000001        0.000000000000000        0.000000000000001
        0.733333333333333        0.233333333333333       -5.532011052505854       -5.532011052505852        0.000000000000002
        0.766666666666667        0.266666666666667      -11.919827193154336      -11.919827193154333        0.000000000000003
        0.700000000000000        0.300000000000000      -12.340313167677061      -12.340313167677060        0.000000000000001
        0.733333333333333        0.333333333333333      -18.510469751515593      -18.510469751515594        0.000000000000000
        0.766666666666667        0.366666666666667      -23.027337861541018      -23.027337861541019        0.000000000000001
        0.700000000000000        0.400000000000000      -17.451838245660191      -17.451838245660192        0.000000000000001
        0.733333333333333        0.433333333333333      -20.645746315984434      -20.645746315984435        0.000000000000001
        0.766666666666667        0.466666666666667      -20.645746315984436      -20.645746315984440        0.000000000000004
        0.700000000000000        0.500000000000000      -12.340313167677064      -12.340313167677068        0.000000000000004
        0.733333333333333        0.533333333333333      -10.687024693863957      -10.687024693863961        0.000000000000005
        0.766666666666667        0.566666666666667       -6.170156583838536       -6.170156583838539        0.000000000000003
        0.700000000000000        0.600000000000000       -0.000000000000003       -0.000000000000003        0.000000000000000
        0.733333333333333        0.633333333333333        5.532011052505852        5.532011052505854        0.000000000000003
        0.766666666666667        0.666666666666667       11.919827193154333       11.919827193154337        0.000000000000004
        0.700000000000000        0.700000000000000       12.340313167677059       12.340313167677062        0.000000000000002
        0.733333333333333        0.733333333333333       18.510469751515592       18.510469751515594        0.000000000000002
        0.766666666666667        0.766666666666667       23.027337861541017       23.027337861541020        0.000000000000003
        0.700000000000000        0.800000000000000       17.451838245660191       17.451838245660195        0.000000000000004
        0.733333333333333        0.833333333333333       20.645746315984434       20.645746315984437        0.000000000000003
        0.766666666666667        0.866666666666667       20.645746315984437       20.645746315984439        0.000000000000001
        0.700000000000000        0.900000000000000       12.340313167677065       12.340313167677063        0.000000000000002
        0.733333333333333        0.933333333333333       10.687024693863959       10.687024693863954        0.000000000000005
        0.766666666666667        0.966666666666667        6.170156583838539        6.170156583838535        0.000000000000004
        0.700000000000000        1.000000000000000        0.000000000000005        0.000000000000005        0.000000000000000
        0.733333333333333        1.033333333333333       -5.532011052505849       -5.532011052505845        0.000000000000004
        0.766666666666667        1.066666666666667      -11.919827193154331      -11.919827193154325        0.000000000000005
        0.800000000000000        0.000000000000000       24.680626335354129       24.680626335354146        0.000000000000017
        0.833333333333333        0.033333333333333       23.027337861541021       23.027337861541033        0.000000000000012
        0.866666666666667        0.066666666666667       18.510469751515600       18.510469751515601        0.000000000000001
        0.800000000000000        0.100000000000000       17.451838245660195       17.451838245660190        0.000000000000005
        0.833333333333333        0.133333333333333       11.919827193154340       11.919827193154332        0.000000000000008
        0.866666666666667        0.166666666666667        5.532011052505858        5.532011052505852        0.000000000000006
        0.800000000000000        0.200000000000000        0.000000000000002        0.000000000000000        0.000000000000001
        0.833333333333333        0.233333333333333       -6.170156583838531       -6.170156583838529        0.000000000000002
        0.866666666666667        0.266666666666667      -10.687024693863955      -10.687024693863952        0.000000000000004
        0.800000000000000        0.300000000000000      -17.451838245660193      -17.451838245660193        0.000000000000000
        0.833333333333333        0.333333333333333      -20.645746315984436      -20.645746315984437        0.000000000000001
        0.866666666666667        0.366666666666667      -20.645746315984438      -20.645746315984437        0.000000000000001
        0.800000000000000        0.400000000000000      -24.680626335354129      -24.680626335354132        0.000000000000002
        0.833333333333333        0.433333333333333      -23.027337861541022      -23.027337861541025        0.000000000000003
        0.866666666666667        0.466666666666667      -18.510469751515601      -18.510469751515603        0.000000000000002
        0.800000000000000        0.500000000000000      -17.451838245660197      -17.451838245660204        0.000000000000006
        0.833333333333333        0.533333333333333      -11.919827193154343      -11.919827193154348        0.000000000000006
        0.866666666666667        0.566666666666667       -5.532011052505861       -5.532011052505863        0.000000000000002
        0.800000000000000        0.600000000000000       -0.000000000000005       -0.000000000000004        0.000000000000001
        0.833333333333333        0.633333333333333        6.170156583838528        6.170156583838532        0.000000000000003
        0.866666666666667        0.666666666666667       10.687024693863953       10.687024693863955        0.000000000000002
        0.800000000000000        0.700000000000000       17.451838245660191       17.451838245660195        0.000000000000004
        0.833333333333333        0.733333333333333       20.645746315984434       20.645746315984437        0.000000000000003
        0.866666666666667        0.766666666666667       20.645746315984437       20.645746315984439        0.000000000000001
        0.800000000000000        0.800000000000000       24.680626335354129       24.680626335354135        0.000000000000006
        0.833333333333333        0.833333333333333       23.027337861541023       23.027337861541028        0.000000000000005
        0.866666666666667        0.866666666666667       18.510469751515603       18.510469751515602        0.000000000000001
        0.800000000000000        0.900000000000000       17.451838245660199       17.451838245660197        0.000000000000002
        0.833333333333333        0.933333333333333       11.919827193154345       11.919827193154340        0.000000000000005
        0.866666666666667        0.966666666666667        5.532011052505863        5.532011052505859        0.000000000000004
        0.800000000000000        1.000000000000000        0.000000000000008        0.000000000000008        0.000000000000000
        0.833333333333333        1.033333333333333       -6.170156583838525       -6.170156583838521        0.000000000000004
        0.866666666666667        1.066666666666667      -10.687024693863951      -10.687024693863945        0.000000000000006
        0.900000000000000        0.000000000000000       17.451838245660199       17.451838245660205        0.000000000000005
        0.933333333333333        0.033333333333333       11.919827193154344       11.919827193154343        0.000000000000001
        0.966666666666667        0.066666666666667        5.532011052505862        5.532011052505859        0.000000000000004
        0.900000000000000        0.100000000000000       12.340313167677068       12.340313167677060        0.000000000000008
        0.933333333333333        0.133333333333333        6.170156583838536        6.170156583838528        0.000000000000008
        0.966666666666667        0.166666666666667        1.653288473813112        1.653288473813109        0.000000000000003
        0.900000000000000        0.200000000000000        0.000000000000001        0.000000000000000        0.000000000000001
        0.933333333333333        0.233333333333333       -3.193908070324242       -3.193908070324239        0.000000000000003
        0.966666666666667        0.266666666666667       -3.193908070324244       -3.193908070324241        0.000000000000003
        0.900000000000000        0.300000000000000      -12.340313167677067      -12.340313167677062        0.000000000000005
        0.933333333333333        0.333333333333333      -10.687024693863960      -10.687024693863954        0.000000000000006
        0.966666666666667        0.366666666666667       -6.170156583838539       -6.170156583838534        0.000000000000005
        0.900000000000000        0.400000000000000      -17.451838245660199      -17.451838245660195        0.000000000000005
        0.933333333333333        0.433333333333333      -11.919827193154345      -11.919827193154338        0.000000000000006
        0.966666666666667        0.466666666666667       -5.532011052505863       -5.532011052505859        0.000000000000004
        0.900000000000000        0.500000000000000      -12.340313167677070      -12.340313167677070        0.000000000000000
        0.933333333333333        0.533333333333333       -6.170156583838537       -6.170156583838536        0.000000000000001
        0.966666666666667        0.566666666666667       -1.653288473813112       -1.653288473813112        0.000000000000001
        0.900000000000000        0.600000000000000       -0.000000000000003       -0.000000000000003        0.000000000000000
        0.933333333333333        0.633333333333333        3.193908070324240        3.193908070324240        0.000000000000000
        0.966666666666667        0.666666666666667        3.193908070324243        3.193908070324242        0.000000000000002
        0.900000000000000        0.700000000000000       12.340313167677065       12.340313167677063        0.000000000000002
        0.933333333333333        0.733333333333333       10.687024693863959       10.687024693863954        0.000000000000005
        0.966666666666667        0.766666666666667        6.170156583838539        6.170156583838535        0.000000000000004
        0.900000000000000        0.800000000000000       17.451838245660199       17.451838245660197        0.000000000000002
        0.933333333333333        0.833333333333333       11.919827193154345       11.919827193154340        0.000000000000005
        0.966666666666667        0.866666666666667        5.532011052505863        5.532011052505859        0.000000000000004
        0.900000000000000        0.900000000000000       12.340313167677071       12.340313167677065        0.000000000000006
        0.933333333333333        0.933333333333333        6.170156583838538        6.170156583838532        0.000000000000007
        0.966666666666667        0.966666666666667        1.653288473813113        1.653288473813111        0.000000000000002
        0.900000000000000        1.000000000000000        0.000000000000005        0.000000000000005        0.000000000000000
        0.933333333333333        1.033333333333333       -3.193908070324239       -3.193908070324235        0.000000000000004
        0.966666666666667        1.066666666666667       -3.193908070324243       -3.193908070324239        0.000000000000004
        1.000000000000000        0.000000000000000        0.000000000000008        0.000000000000008        0.000000000000000
        1.033333333333333        0.033333333333333       -6.170156583838525       -6.170156583838523        0.000000000000002
        1.066666666666667        0.066666666666667      -10.687024693863949      -10.687024693863944        0.000000000000005
        1.000000000000000        0.100000000000000        0.000000000000005        0.000000000000005        0.000000000000000
        1.033333333333333        0.133333333333333       -3.193908070324238       -3.193908070324233        0.000000000000005
        1.066666666666667        0.166666666666667       -3.193908070324240       -3.193908070324235        0.000000000000005
        1.000000000000000        0.200000000000000        0.000000000000000        0.000000000000000        0.000000000000000
        1.033333333333333        0.233333333333333        1.653288473813107        1.653288473813105        0.000000000000002
        1.066666666666667        0.266666666666667        6.170156583838528        6.170156583838523        0.000000000000005
        1.000000000000000        0.300000000000000       -0.000000000000005       -0.000000000000005        0.000000000000000
        1.033333333333333        0.333333333333333        5.532011052505849        5.532011052505845        0.000000000000004
        1.066666666666667        0.366666666666667       11.919827193154331       11.919827193154325        0.000000000000007
        1.000000000000000        0.400000000000000       -0.000000000000008       -0.000000000000008        0.000000000000000
        1.033333333333333        0.433333333333333        6.170156583838525        6.170156583838521        0.000000000000005
        1.066666666666667        0.466666666666667       10.687024693863950       10.687024693863945        0.000000000000005
        1.000000000000000        0.500000000000000       -0.000000000000005       -0.000000000000005        0.000000000000000
        1.033333333333333        0.533333333333333        3.193908070324238        3.193908070324237        0.000000000000001
        1.066666666666667        0.566666666666667        3.193908070324241        3.193908070324241        0.000000000000000
        1.000000000000000        0.600000000000000       -0.000000000000000       -0.000000000000000        0.000000000000000
        1.033333333333333        0.633333333333333       -1.653288473813106       -1.653288473813106        0.000000000000001
        1.066666666666667        0.666666666666667       -6.170156583838527       -6.170156583838525        0.000000000000002
        1.000000000000000        0.700000000000000        0.000000000000005        0.000000000000005        0.000000000000000
        1.033333333333333        0.733333333333333       -5.532011052505849       -5.532011052505845        0.000000000000004
        1.066666666666667        0.766666666666667      -11.919827193154331      -11.919827193154325        0.000000000000005
        1.000000000000000        0.800000000000000        0.000000000000008        0.000000000000008        0.000000000000000
        1.033333333333333        0.833333333333333       -6.170156583838525       -6.170156583838521        0.000000000000004
        1.066666666666667        0.866666666666667      -10.687024693863951      -10.687024693863945        0.000000000000006
        1.000000000000000        0.900000000000000        0.000000000000005        0.000000000000005        0.000000000000000
        1.033333333333333        0.933333333333333       -3.193908070324239       -3.193908070324235        0.000000000000004
        1.066666666666667        0.966666666666667       -3.193908070324243       -3.193908070324239        0.000000000000004
        1.000000000000000        1.000000000000000        0.000000000000000        0.000000000000000        0.000000000000000
        1.033333333333333        1.033333333333333        1.653288473813106        1.653288473813103        0.000000000000002
        1.066666666666667        1.066666666666667        6.170156583838525        6.170156583838519        0.000000000000007
