        0.000000000000000        0.000000000000000        0.031607478013734        0.016500955561283        0.015106522452451
        0.033333333333333        0.033333333333333        0.029490178461593        0.015395601132036        0.014094577329557
        0.066666666666667        0.066666666666667        0.023705608510301        0.012375716670962        0.011329891839338
        0.000000000000000        0.100000000000000        0.022349862039716        0.011667937573441        0.010681924466275
        0.033333333333333        0.133333333333333        0.015265239658665        0.007969349567546        0.007295890091119
        0.066666666666667        0.166666666666667        0.007084622381051        0.003698588005895        0.003386034375156
        0.000000000000000        0.200000000000000        0.000000000000000        0.000000000000000        0.000000000000000
        0.033333333333333        0.233333333333333       -0.007901869503434       -0.004125238890321        0.003776630613113
        0.066666666666667        0.266666666666667       -0.013686439454726       -0.007145123351395        0.006541316103331
        0.000000000000000        0.300000000000000       -0.022349862039716       -0.011667937573441        0.010681924466275
        0.033333333333333        0.333333333333333       -0.026440170678523       -0.013803318354266        0.012636852324257
        0.066666666666667        0.366666666666667       -0.026440170678523       -0.013803318354266        0.012636852324257
        0.000000000000000        0.400000000000000       -0.031607478013734       -0.016500955561283        0.015106522452451
        0.033333333333333        0.433333333333333       -0.029490178461593       -0.015395601132036        0.014094577329557
        0.066666666666667        0.466666666666667       -0.023705608510301       -0.012375716670962        0.011329891839338
        0.000000000000000        0.500000000000000       -0.022349862039716       -0.011667937573441        0.010681924466275
        0.033333333333333        0.533333333333333       -0.015265239658665       -0.007969349567546        0.007295890091119
        0.066666666666667        0.566666666666667       -0.007084622381051       -0.003698588005895        0.003386034375156
        0.000000000000000        0.600000000000000       -0.000000000000000       -0.000000000000000        0.000000000000000
        0.033333333333333        0.633333333333333        0.007901869503433        0.004125238890321        0.003776630613113
        0.066666666666667        0.666666666666667        0.013686439454726        0.007145123351395        0.006541316103331
        0.000000000000000        0.700000000000000        0.022349862039716        0.011667937573441        0.010681924466275
        0.033333333333333        0.733333333333333        0.026440170678523        0.013803318354266        0.012636852324257
        0.066666666666667        0.766666666666667        0.026440170678523        0.013803318354266        0.012636852324257
        0.000000000000000        0.800000000000000        0.031607478013734        0.016500955561283        0.015106522452451
        0.033333333333333        0.833333333333333        0.029490178461593        0.015395601132036        0.014094577329557
        0.066666666666667        0.866666666666667        0.023705608510301        0.012375716670962        0.011329891839338
        0.000000000000000        0.900000000000000        0.022349862039716        0.011667937573441        0.010681924466275
        0.033333333333333        0.933333333333333        0.015265239658665        0.007969349567546        0.007295890091119
        0.066666666666667        0.966666666666667        0.007084622381051        0.003698588005895        0.003386034375156
        0.000000000000000        1.000000000000000        0.000000000000000        0.000000000000000        0.000000000000000
        0.033333333333333        1.033333333333333       -0.007901869503433       -0.004125238890321        0.003776630613113
        0.066666666666667        1.066666666666667       -0.013686439454726       -0.007145123351395        0.006541316103331
        0.100000000000000        0.000000000000000        0.022349862039716        0.011667937573441        0.010681924466275
        0.133333333333333        0.033333333333333        0.015265239658665        0.007969349567546        0.007295890091119
        0.166666666666667        0.066666666666667        0.007084622381051        0.003698588005895        0.003386034375156
        0.100000000000000        0.100000000000000        0.015803739006867        0.008250477780641        0.007553261226226
        0.133333333333333        0.133333333333333        0.007901869503434        0.004125238890321        0.003776630613113
        0.166666666666667        0.166666666666667        0.002117299552141        0.001105354429247        0.001011945122894
        0.100000000000000        0.200000000000000        0.000000000000000        0.000000000000000        0.000000000000000
        0.133333333333333        0.233333333333333       -0.004090308638807       -0.002135380780825        0.001954927857982
        0.166666666666667        0.266666666666667       -0.004090308638807       -0.002135380780825        0.001954927857982
        0.100000000000000        0.300000000000000       -0.015803739006867       -0.008250477780641        0.007553261226226
        0.133333333333333        0.333333333333333       -0.013686439454726       -0.007145123351395        0.006541316103331
        0.166666666666667        0.366666666666667       -0.007901869503434       -0.004125238890321        0.003776630613113
        0.100000000000000        0.400000000000000       -0.022349862039716       -0.011667937573441        0.010681924466275
        0.133333333333333        0.433333333333333       -0.015265239658665       -0.007969349567546        0.007295890091119
        0.166666666666667        0.466666666666667       -0.007084622381051       -0.003698588005895        0.003386034375156
        0.100000000000000        0.500000000000000       -0.015803739006867       -0.008250477780641        0.007553261226226
        0.133333333333333        0.533333333333333       -0.007901869503434       -0.004125238890321        0.003776630613113
        0.166666666666667        0.566666666666667       -0.002117299552141       -0.001105354429247        0.001011945122894
        0.100000000000000        0.600000000000000       -0.000000000000000       -0.000000000000000        0.000000000000000
        0.133333333333333        0.633333333333333        0.004090308638807        0.002135380780825        0.001954927857982
        0.166666666666667        0.666666666666667        0.004090308638807        0.002135380780825        0.001954927857982
        0.100000000000000        0.700000000000000        0.015803739006867        0.008250477780641        0.007553261226226
        0.133333333333333        0.733333333333333        0.013686439454726        0.007145123351395        0.006541316103331
        0.166666666666667        0.766666666666667        0.007901869503434        0.004125238890321        0.003776630613113
        0.100000000000000        0.800000000000000        0.022349862039716        0.011667937573441        0.010681924466275
        0.133333333333333        0.833333333333333        0.015265239658665        0.007969349567546        0.007295890091119
        0.166666666666667        0.866666666666667        0.007084622381051        0.003698588005895        0.003386034375156
        0.100000000000000        0.900000000000000        0.015803739006867        0.008250477780641        0.007553261226226
        0.133333333333333        0.933333333333333        0.007901869503434        0.004125238890321        0.003776630613113
        0.166666666666667        0.966666666666667        0.002117299552141        0.001105354429247        0.001011945122894
        0.100000000000000        1.000000000000000        0.000000000000000        0.000000000000000        0.000000000000000
        0.133333333333333        1.033333333333333       -0.004090308638807       -0.002135380780825        0.001954927857982
        0.166666666666667        1.066666666666667       -0.004090308638807       -0.002135380780825        0.001954927857982
        0.200000000000000        0.000000000000000        0.000000000000000        0.000000000000000        0.000000000000000
        0.233333333333333        0.033333333333333       -0.007901869503434       -0.004125238890321        0.003776630613113
        0.266666666666667        0.066666666666667       -0.013686439454726       -0.007145123351395        0.006541316103331
        0.200000000000000        0.100000000000000        0.000000000000000        0.000000000000000        0.000000000000000
        0.233333333333333        0.133333333333333       -0.004090308638807       -0.002135380780825        0.001954927857982
        0.266666666666667        0.166666666666667       -0.004090308638807       -0.002135380780825        0.001954927857982
        0.200000000000000        0.200000000000000        0.000000000000000       -0.000000000000000        0.000000000000000
        0.233333333333333        0.233333333333333        0.002117299552141        0.001105354429247        0.001011945122894
        0.266666666666667        0.266666666666667        0.007901869503434        0.004125238890321        0.003776630613113
        0.200000000000000        0.300000000000000       -0.000000000000000       -0.000000000000000        0.000000000000000
        0.233333333333333        0.333333333333333        0.007084622381051        0.003698588005895        0.003386034375156
        0.266666666666667        0.366666666666667        0.015265239658665        0.007969349567546        0.007295890091119
        0.200000000000000        0.400000000000000       -0.000000000000000       -0.000000000000000        0.000000000000000
        0.233333333333333        0.433333333333333        0.007901869503434        0.004125238890321        0.003776630613113
        0.266666666666667        0.466666666666667        0.013686439454726        0.007145123351395        0.006541316103331
        0.200000000000000        0.500000000000000       -0.000000000000000       -0.000000000000000        0.000000000000000
        0.233333333333333        0.533333333333333        0.004090308638807        0.002135380780825        0.001954927857982
        0.266666666666667        0.566666666666667        0.004090308638807        0.002135380780825        0.001954927857982
        0.200000000000000        0.600000000000000       -0.000000000000000       -0.000000000000000        0.000000000000000
        0.233333333333333        0.633333333333333       -0.002117299552141       -0.001105354429247        0.001011945122894
        0.266666666666667        0.666666666666667       -0.007901869503434       -0.004125238890321        0.003776630613113
        0.200000000000000        0.700000000000000        0.000000000000000        0.000000000000000        0.000000000000000
        0.233333333333333        0.733333333333333       -0.007084622381051       -0.003698588005895        0.003386034375156
        0.266666666666667        0.766666666666667       -0.015265239658665       -0.007969349567546        0.007295890091119
        0.200000000000000        0.800000000000000        0.000000000000000        0.000000000000000        0.000000000000000
        0.233333333333333        0.833333333333333       -0.007901869503434       -0.004125238890321        0.003776630613113
        0.266666666666667        0.866666666666667       -0.013686439454726       -0.007145123351395        0.006541316103331
        0.200000000000000        0.900000000000000        0.000000000000000        0.000000000000000        0.000000000000000
        0.233333333333333        0.933333333333333       -0.004090308638807       -0.002135380780825        0.001954927857982
        0.266666666666667        0.966666666666667       -0.004090308638807       -0.002135380780825        0.001954927857982
        0.200000000000000        1.000000000000000        0.000000000000000        0.000000000000000        0.000000000000000
        0.233333333333333        1.033333333333333        0.002117299552141        0.001105354429247        0.001011945122894
        0.266666666666667        1.066666666666667        0.007901869503433        0.004125238890321        0.003776630613113
        0.300000000000000        0.000000000000000       -0.022349862039716       -0.011667937573441        0.010681924466275
        0.333333333333333        0.033333333333333       -0.026440170678523       -0.013803318354266        0.012636852324257
        0.366666666666667        0.066666666666667       -0.026440170678523       -0.013803318354266        0.012636852324257
        0.300000000000000        0.100000000000000       -0.015803739006867       -0.008250477780641        0.007553261226226
        0.333333333333333        0.133333333333333       -0.013686439454726       -0.007145123351395        0.006541316103331
        0.366666666666667        0.166666666666667       -0.007901869503434       -0.004125238890321        0.003776630613113
        0.300000000000000        0.200000000000000       -0.000000000000000       -0.000000000000000        0.000000000000000
        0.333333333333333        0.233333333333333        0.007084622381051        0.003698588005895        0.003386034375156
        0.366666666666667        0.266666666666667        0.015265239658665        0.007969349567546        0.007295890091119
        0.300000000000000        0.300000000000000        0.015803739006867        0.008250477780641        0.007553261226226
        0.333333333333333        0.333333333333333        0.023705608510301        0.012375716670962        0.011329891839338
        0.366666666666667        0.366666666666667        0.029490178461593        0.015395601132036        0.014094577329557
        0.300000000000000        0.400000000000000        0.022349862039716        0.011667937573441        0.010681924466275
        0.333333333333333        0.433333333333333        0.026440170678523        0.013803318354266        0.012636852324257
        0.366666666666667        0.466666666666667        0.026440170678523        0.013803318354266        0.012636852324257
        0.300000000000000        0.500000000000000        0.015803739006867        0.008250477780641        0.007553261226226
        0.333333333333333        0.533333333333333        0.013686439454726        0.007145123351395        0.006541316103331
        0.366666666666667        0.566666666666667        0.007901869503434        0.004125238890321        0.003776630613113
        0.300000000000000        0.600000000000000        0.000000000000000        0.000000000000000        0.000000000000000
        0.333333333333333        0.633333333333333       -0.007084622381051       -0.003698588005895        0.003386034375156
        0.366666666666667        0.666666666666667       -0.015265239658665       -0.007969349567546        0.007295890091119
        0.300000000000000        0.700000000000000       -0.015803739006867       -0.008250477780641        0.007553261226226
        0.333333333333333        0.733333333333333       -0.023705608510301       -0.012375716670962        0.011329891839338
        0.366666666666667        0.766666666666667       -0.029490178461593       -0.015395601132036        0.014094577329557
        0.300000000000000        0.800000000000000       -0.022349862039716       -0.011667937573441        0.010681924466275
        0.333333333333333        0.833333333333333       -0.026440170678523       -0.013803318354266        0.012636852324257
        0.366666666666667        0.866666666666667       -0.026440170678523       -0.013803318354266        0.012636852324257
        0.300000000000000        0.900000000000000       -0.015803739006867       -0.008250477780641        0.007553261226226
        0.333333333333333        0.933333333333333       -0.013686439454726       -0.007145123351395        0.006541316103331
        0.366666666666667        0.966666666666667       -0.007901869503434       -0.004125238890321        0.003776630613113
        0.300000000000000        1.000000000000000       -0.000000000000000       -0.000000000000000        0.000000000000000
        0.333333333333333        1.033333333333333        0.007084622381051        0.003698588005895        0.003386034375156
        0.366666666666667        1.066666666666667        0.015265239658665        0.007969349567546        0.007295890091119
        0.400000000000000        0.000000000000000       -0.031607478013734       -0.016500955561283        0.015106522452451
        0.433333333333333        0.033333333333333       -0.029490178461593       -0.015395601132036        0.014094577329557
        0.466666666666667        0.066666666666667       -0.023705608510301       -0.012375716670962        0.011329891839338
        0.400000000000000        0.100000000000000       -0.022349862039716       -0.011667937573441        0.010681924466275
        0.433333333333333        0.133333333333333       -0.015265239658665       -0.007969349567546        0.007295890091119
        0.466666666666667        0.166666666666667       -0.007084622381051       -0.003698588005895        0.003386034375156
        0.400000000000000        0.200000000000000       -0.000000000000000       -0.000000000000000        0.000000000000000
        0.433333333333333        0.233333333333333        0.007901869503434        0.004125238890321        0.003776630613113
        0.466666666666667        0.266666666666667        0.013686439454726        0.007145123351395        0.006541316103331
        0.400000000000000        0.300000000000000        0.022349862039716        0.011667937573441        0.010681924466275
        0.433333333333333        0.333333333333333        0.026440170678523        0.013803318354266        0.012636852324257
        0.466666666666667        0.366666666666667        0.026440170678523        0.013803318354266        0.012636852324257
        0.400000000000000        0.400000000000000        0.031607478013734        0.016500955561283        0.015106522452451
        0.433333333333333        0.433333333333333        0.029490178461593        0.015395601132036        0.014094577329557
        0.466666666666667        0.466666666666667        0.023705608510301        0.012375716670962        0.011329891839338
        0.400000000000000        0.500000000000000        0.022349862039716        0.011667937573441        0.010681924466275
        0.433333333333333        0.533333333333333        0.015265239658665        0.007969349567546        0.007295890091119
        0.466666666666667        0.566666666666667        0.007084622381051        0.003698588005895        0.003386034375156
        0.400000000000000        0.600000000000000        0.000000000000000        0.000000000000000        0.000000000000000
        0.433333333333333        0.633333333333333       -0.007901869503433       -0.004125238890321        0.003776630613113
        0.466666666666667        0.666666666666667       -0.013686439454726       -0.007145123351395        0.006541316103331
        0.400000000000000        0.700000000000000       -0.022349862039716       -0.011667937573441        0.010681924466275
        0.433333333333333        0.733333333333333       -0.026440170678523       -0.013803318354266        0.012636852324257
        0.466666666666667        0.766666666666667       -0.026440170678523       -0.013803318354266        0.012636852324257
        0.400000000000000        0.800000000000000       -0.031607478013734       -0.016500955561283        0.015106522452451
        0.433333333333333        0.833333333333333       -0.029490178461593       -0.015395601132036        0.014094577329557
        0.466666666666667        0.866666666666667       -0.023705608510301       -0.012375716670962        0.011329891839338
        0.400000000000000        0.900000000000000       -0.022349862039716       -0.011667937573441        0.010681924466275
        0.433333333333333        0.933333333333333       -0.015265239658665       -0.007969349567546        0.007295890091119
        0.466666666666667        0.966666666666667       -0.007084622381051       -0.003698588005895        0.003386034375156
        0.400000000000000        1.000000000000000       -0.000000000000000       -0.000000000000000        0.000000000000000
        0.433333333333333        1.033333333333333        0.007901869503433        0.004125238890321        0.003776630613113
        0.466666666666667        1.066666666666667        0.013686439454726        0.007145123351395        0.006541316103331
        0.500000000000000        0.000000000000000       -0.022349862039716       -0.011667937573441        0.010681924466275
        0.533333333333333        0.033333333333333       -0.015265239658665       -0.007969349567546        0.007295890091119
        0.566666666666667        0.066666666666667       -0.007084622381051       -0.003698588005895        0.003386034375156
        0.500000000000000        0.100000000000000       -0.015803739006867       -0.008250477780641        0.007553261226226
        0.533333333333333        0.133333333333333       -0.007901869503434       -0.004125238890321        0.003776630613113
        0.566666666666667        0.166666666666667       -0.002117299552141       -0.001105354429247        0.001011945122894
        0.500000000000000        0.200000000000000       -0.000000000000000       -0.000000000000000        0.000000000000000
        0.533333333333333        0.233333333333333        0.004090308638807        0.002135380780825        0.001954927857982
        0.566666666666667        0.266666666666667        0.004090308638807        0.002135380780825        0.001954927857982
        0.500000000000000        0.300000000000000        0.015803739006867        0.008250477780641        0.007553261226226
        0.533333333333333        0.333333333333333        0.013686439454726        0.007145123351395        0.006541316103331
        0.566666666666667        0.366666666666667        0.007901869503434        0.004125238890321        0.003776630613113
        0.500000000000000        0.400000000000000        0.022349862039716        0.011667937573441        0.010681924466275
        0.533333333333333        0.433333333333333        0.015265239658665        0.007969349567546        0.007295890091119
        0.566666666666667        0.466666666666667        0.007084622381051        0.003698588005895        0.003386034375156
        0.500000000000000        0.500000000000000        0.015803739006867        0.008250477780641        0.007553261226226
        0.533333333333333        0.533333333333333        0.007901869503434        0.004125238890321        0.003776630613113
        0.566666666666667        0.566666666666667        0.002117299552141        0.001105354429247        0.001011945122894
        0.500000000000000        0.600000000000000        0.000000000000000        0.000000000000000        0.000000000000000
        0.533333333333333        0.633333333333333       -0.004090308638807       -0.002135380780825        0.001954927857982
        0.566666666666667        0.666666666666667       -0.004090308638807       -0.002135380780825        0.001954927857982
        0.500000000000000        0.700000000000000       -0.015803739006867       -0.008250477780641        0.007553261226226
        0.533333333333333        0.733333333333333       -0.013686439454726       -0.007145123351395        0.006541316103331
        0.566666666666667        0.766666666666667       -0.007901869503434       -0.004125238890321        0.003776630613113
        0.500000000000000        0.800000000000000       -0.022349862039716       -0.011667937573441        0.010681924466275
        0.533333333333333        0.833333333333333       -0.015265239658665       -0.007969349567546        0.007295890091119
        0.566666666666667        0.866666666666667       -0.007084622381051       -0.003698588005895        0.003386034375156
        0.500000000000000        0.900000000000000       -0.015803739006867       -0.008250477780641        0.007553261226226
        0.533333333333333        0.933333333333333       -0.007901869503434       -0.004125238890321        0.003776630613113
        0.566666666666667        0.966666666666667       -0.002117299552141       -0.001105354429247        0.001011945122894
        0.500000000000000        1.000000000000000       -0.000000000000000       -0.000000000000000        0.000000000000000
        0.533333333333333        1.033333333333333        0.004090308638807        0.002135380780825        0.001954927857982
        0.566666666666667        1.066666666666667        0.004090308638807        0.002135380780825        0.001954927857982
        0.600000000000000        0.000000000000000       -0.000000000000000       -0.000000000000000        0.000000000000000
        0.633333333333333        0.033333333333333        0.007901869503433        0.004125238890321        0.003776630613113
        0.666666666666667        0.066666666666667        0.013686439454726        0.007145123351395        0.006541316103331
        0.600000000000000        0.100000000000000       -0.000000000000000       -0.000000000000000        0.000000000000000
        0.633333333333333        0.133333333333333        0.004090308638807        0.002135380780825        0.001954927857982
        0.666666666666667        0.166666666666667        0.004090308638807        0.002135380780825        0.001954927857982
        0.600000000000000        0.200000000000000       -0.000000000000000        0.000000000000000        0.000000000000000
        0.633333333333333        0.233333333333333       -0.002117299552141       -0.001105354429247        0.001011945122894
        0.666666666666667        0.266666666666667       -0.007901869503434       -0.004125238890321        0.003776630613113
        0.600000000000000        0.300000000000000        0.000000000000000        0.000000000000000        0.000000000000000
        0.633333333333333        0.333333333333333       -0.007084622381051       -0.003698588005895        0.003386034375156
        0.666666666666667        0.366666666666667       -0.015265239658665       -0.007969349567546        0.007295890091119
        0.600000000000000        0.400000000000000        0.000000000000000        0.000000000000000        0.000000000000000
        0.633333333333333        0.433333333333333       -0.007901869503433       -0.004125238890321        0.003776630613113
        0.666666666666667        0.466666666666667       -0.013686439454726       -0.007145123351395        0.006541316103331
        0.600000000000000        0.500000000000000        0.000000000000000        0.000000000000000        0.000000000000000
        0.633333333333333        0.533333333333333       -0.004090308638807       -0.002135380780825        0.001954927857982
        0.666666666666667        0.566666666666667       -0.004090308638807       -0.002135380780825        0.001954927857982
        0.600000000000000        0.600000000000000        0.000000000000000       -0.000000000000000        0.000000000000000
        0.633333333333333        0.633333333333333        0.002117299552141        0.001105354429247        0.001011945122894
        0.666666666666667        0.666666666666667        0.007901869503433        0.004125238890321        0.003776630613113
        0.600000000000000        0.700000000000000       -0.000000000000000       -0.000000000000000        0.000000000000000
        0.633333333333333        0.733333333333333        0.007084622381051        0.003698588005895        0.003386034375156
        0.666666666666667        0.766666666666667        0.015265239658665        0.007969349567546        0.007295890091119
        0.600000000000000        0.800000000000000       -0.000000000000000       -0.000000000000000        0.000000000000000
        0.633333333333333        0.833333333333333        0.007901869503434        0.004125238890321        0.003776630613113
        0.666666666666667        0.866666666666667        0.013686439454726        0.007145123351395        0.006541316103331
        0.600000000000000        0.900000000000000       -0.000000000000000       -0.000000000000000        0.000000000000000
        0.633333333333333        0.933333333333333        0.004090308638807        0.002135380780825        0.001954927857982
        0.666666666666667        0.966666666666667        0.004090308638807        0.002135380780825        0.001954927857982
        0.600000000000000        1.000000000000000       -0.000000000000000       -0.000000000000000        0.000000000000000
        0.633333333333333        1.033333333333333       -0.002117299552141       -0.001105354429247        0.001011945122894
        0.666666666666667        1.066666666666667       -0.007901869503433       -0.004125238890321        0.003776630613113
        0.700000000000000        0.000000000000000        0.022349862039716        0.011667937573441        0.010681924466275
        0.733333333333333        0.033333333333333        0.026440170678523        0.013803318354266        0.012636852324257
        0.766666666666667        0.066666666666667        0.026440170678523        0.013803318354266        0.012636852324257
        0.700000000000000        0.100000000000000        0.015803739006867        0.008250477780641        0.007553261226226
        0.733333333333333        0.133333333333333        0.013686439454726        0.007145123351395        0.006541316103331
        0.766666666666667        0.166666666666667        0.007901869503434        0.004125238890321        0.003776630613113
        0.700000000000000        0.200000000000000        0.000000000000000        0.000000000000000        0.000000000000000
        0.733333333333333        0.233333333333333       -0.007084622381051       -0.003698588005895        0.003386034375156
        0.766666666666667        0.266666666666667       -0.015265239658665       -0.007969349567546        0.007295890091119
        0.700000000000000        0.300000000000000       -0.015803739006867       -0.008250477780641        0.007553261226226
        0.733333333333333        0.333333333333333       -0.023705608510301       -0.012375716670962        0.011329891839338
        0.766666666666667        0.366666666666667       -0.029490178461593       -0.015395601132036        0.014094577329557
        0.700000000000000        0.400000000000000       -0.022349862039716       -0.011667937573441        0.010681924466275
        0.733333333333333        0.433333333333333       -0.026440170678523       -0.013803318354266        0.012636852324257
        0.766666666666667        0.466666666666667       -0.026440170678523       -0.013803318354266        0.012636852324257
        0.700000000000000        0.500000000000000       -0.015803739006867       -0.008250477780641        0.007553261226226
        0.733333333333333        0.533333333333333       -0.013686439454726       -0.007145123351395        0.006541316103331
        0.766666666666667        0.566666666666667       -0.007901869503434       -0.004125238890321        0.003776630613113
        0.700000000000000        0.600000000000000       -0.000000000000000       -0.000000000000000        0.000000000000000
        0.733333333333333        0.633333333333333        0.007084622381051        0.003698588005895        0.003386034375156
        0.766666666666667        0.666666666666667        0.015265239658665        0.007969349567546        0.007295890091119
        0.700000000000000        0.700000000000000        0.015803739006867        0.008250477780641        0.007553261226226
        0.733333333333333        0.733333333333333        0.023705608510301        0.012375716670962        0.011329891839338
        0.766666666666667        0.766666666666667        0.029490178461593        0.015395601132036        0.014094577329557
        0.700000000000000        0.800000000000000        0.022349862039716        0.011667937573441        0.010681924466275
        0.733333333333333        0.833333333333333        0.026440170678523        0.013803318354266        0.012636852324257
        0.766666666666667        0.866666666666667        0.026440170678523        0.013803318354266        0.012636852324257
        0.700000000000000        0.900000000000000        0.015803739006867        0.008250477780641        0.007553261226226
        0.733333333333333        0.933333333333333        0.013686439454726        0.007145123351395        0.006541316103331
        0.766666666666667        0.966666666666667        0.007901869503434        0.004125238890321        0.003776630613113
        0.700000000000000        1.000000000000000        0.000000000000000        0.000000000000000        0.000000000000000
        0.733333333333333        1.033333333333333       -0.007084622381051       -0.003698588005895        0.003386034375156
        0.766666666666667        1.066666666666667       -0.015265239658665       -0.007969349567546        0.007295890091119
        0.800000000000000        0.000000000000000        0.031607478013734        0.016500955561283        0.015106522452451
        0.833333333333333        0.033333333333333        0.029490178461593        0.015395601132036        0.014094577329557
        0.866666666666667        0.066666666666667        0.023705608510301        0.012375716670962        0.011329891839338
        0.800000000000000        0.100000000000000        0.022349862039716        0.011667937573441        0.010681924466275
        0.833333333333333        0.133333333333333        0.015265239658665        0.007969349567546        0.007295890091119
        0.866666666666667        0.166666666666667        0.007084622381051        0.003698588005895        0.003386034375156
        0.800000000000000        0.200000000000000        0.000000000000000        0.000000000000000        0.000000000000000
        0.833333333333333        0.233333333333333       -0.007901869503434       -0.004125238890321        0.003776630613113
        0.866666666666667        0.266666666666667       -0.013686439454726       -0.007145123351395        0.006541316103331
        0.800000000000000        0.300000000000000       -0.022349862039716       -0.011667937573441        0.010681924466275
        0.833333333333333        0.333333333333333       -0.026440170678523       -0.013803318354266        0.012636852324257
        0.866666666666667        0.366666666666667       -0.026440170678523       -0.013803318354266        0.012636852324257
        0.800000000000000        0.400000000000000       -0.031607478013734       -0.016500955561283        0.015106522452451
        0.833333333333333        0.433333333333333       -0.029490178461593       -0.015395601132036        0.014094577329557
        0.866666666666667        0.466666666666667       -0.023705608510301       -0.012375716670962        0.011329891839338
        0.800000000000000        0.500000000000000       -0.022349862039716       -0.011667937573441        0.010681924466275
        0.833333333333333        0.533333333333333       -0.015265239658665       -0.007969349567546        0.007295890091119
        0.866666666666667        0.566666666666667       -0.007084622381051       -0.003698588005895        0.003386034375156
        0.800000000000000        0.600000000000000       -0.000000000000000       -0.000000000000000        0.000000000000000
        0.833333333333333        0.633333333333333        0.007901869503434        0.004125238890321        0.003776630613113
        0.866666666666667        0.666666666666667        0.013686439454726        0.007145123351395        0.006541316103331
        0.800000000000000        0.700000000000000        0.022349862039716        0.011667937573441        0.010681924466275
        0.833333333333333        0.733333333333333        0.026440170678523        0.013803318354266        0.012636852324257
        0.866666666666667        0.766666666666667        0.026440170678523        0.013803318354266        0.012636852324257
        0.800000000000000        0.800000000000000        0.031607478013734        0.016500955561283        0.015106522452451
        0.833333333333333        0.833333333333333        0.029490178461593        0.015395601132036        0.014094577329557
        0.866666666666667        0.866666666666667        0.023705608510301        0.012375716670962        0.011329891839338
        0.800000000000000        0.900000000000000        0.022349862039716        0.011667937573441        0.010681924466275
        0.833333333333333        0.933333333333333        0.015265239658665        0.007969349567546        0.007295890091119
        0.866666666666667        0.966666666666667        0.007084622381051        0.003698588005895        0.003386034375156
        0.800000000000000        1.000000000000000        0.000000000000000        0.000000000000000        0.000000000000000
        0.833333333333333        1.033333333333333       -0.007901869503433       -0.004125238890321        0.003776630613113
        0.866666666666667        1.066666666666667       -0.013686439454726       -0.007145123351395        0.006541316103331
        0.900000000000000        0.000000000000000        0.022349862039716        0.011667937573441        0.010681924466275
        0.933333333333333        0.033333333333333        0.015265239658665        0.007969349567546        0.007295890091119
        0.966666666666667        0.066666666666667        0.007084622381051        0.003698588005895        0.003386034375156
        0.900000000000000        0.100000000000000        0.015803739006867        0.008250477780641        0.007553261226226
        0.933333333333333        0.133333333333333        0.007901869503434        0.004125238890321        0.003776630613113
        0.966666666666667        0.166666666666667        0.002117299552141        0.001105354429247        0.001011945122894
        0.900000000000000        0.200000000000000        0.000000000000000        0.000000000000000        0.000000000000000
        0.933333333333333        0.233333333333333       -0.004090308638807       -0.002135380780825        0.001954927857982
        0.966666666666667        0.266666666666667       -0.004090308638807       -0.002135380780825        0.001954927857982
        0.900000000000000        0.300000000000000       -0.015803739006867       -0.008250477780641        0.007553261226226
        0.933333333333333        0.333333333333333       -0.013686439454726       -0.007145123351395        0.006541316103331
        0.966666666666667        0.366666666666667       -0.007901869503434       -0.004125238890321        0.003776630613113
        0.900000000000000        0.400000000000000       -0.022349862039716       -0.011667937573441        0.010681924466275
        0.933333333333333        0.433333333333333       -0.015265239658665       -0.007969349567546        0.007295890091119
        0.966666666666667        0.466666666666667       -0.007084622381051       -0.003698588005895        0.003386034375156
        0.900000000000000        0.500000000000000       -0.015803739006867       -0.008250477780641        0.007553261226226
        0.933333333333333        0.533333333333333       -0.007901869503434       -0.004125238890321        0.003776630613113
        0.966666666666667        0.566666666666667       -0.002117299552141       -0.001105354429247        0.001011945122894
        0.900000000000000        0.600000000000000       -0.000000000000000       -0.000000000000000        0.000000000000000
        0.933333333333333        0.633333333333333        0.004090308638807        0.002135380780825        0.001954927857982
        0.966666666666667        0.666666666666667        0.004090308638807        0.002135380780825        0.001954927857982
        0.900000000000000        0.700000000000000        0.015803739006867        0.008250477780641        0.007553261226226
        0.933333333333333        0.733333333333333        0.013686439454726        0.007145123351395        0.006541316103331
        0.966666666666667        0.766666666666667        0.007901869503434        0.004125238890321        0.003776630613113
        0.900000000000000        0.800000000000000        0.022349862039716        0.011667937573441        0.010681924466275
        0.933333333333333        0.833333333333333        0.015265239658665        0.007969349567546        0.007295890091119
        0.966666666666667        0.866666666666667        0.007084622381051        0.003698588005895        0.003386034375156
        0.900000000000000        0.900000000000000        0.015803739006867        0.008250477780641        0.007553261226226
        0.933333333333333        0.933333333333333        0.007901869503434        0.004125238890321        0.003776630613113
        0.966666666666667        0.966666666666667        0.002117299552141        0.001105354429247        0.001011945122894
        0.900000000000000        1.000000000000000        0.000000000000000        0.000000000000000        0.000000000000000
        0.933333333333333        1.033333333333333       -0.004090308638807       -0.002135380780825        0.001954927857982
        0.966666666666667        1.066666666666667       -0.004090308638807       -0.002135380780825        0.001954927857982
        1.000000000000000        0.000000000000000        0.000000000000000        0.000000000000000        0.000000000000000
        1.033333333333333        0.033333333333333       -0.007901869503433       -0.004125238890321        0.003776630613113
        1.066666666666667        0.066666666666667       -0.013686439454726       -0.007145123351395        0.006541316103331
        1.000000000000000        0.100000000000000        0.000000000000000        0.000000000000000        0.000000000000000
        1.033333333333333        0.133333333333333       -0.004090308638807       -0.002135380780825        0.001954927857982
        1.066666666666667        0.166666666666667       -0.004090308638807       -0.002135380780825        0.001954927857982
        1.000000000000000        0.200000000000000        0.000000000000000        0.000000000000000        0.000000000000000
        1.033333333333333        0.233333333333333        0.002117299552141        0.001105354429247        0.001011945122894
        1.066666666666667        0.266666666666667        0.007901869503433        0.004125238890321        0.003776630613113
        1.000000000000000        0.300000000000000       -0.000000000000000       -0.000000000000000        0.000000000000000
        1.033333333333333        0.333333333333333        0.007084622381051        0.003698588005895        0.003386034375156
        1.066666666666667        0.366666666666667        0.015265239658665        0.007969349567546        0.007295890091119
        1.000000000000000        0.400000000000000       -0.000000000000000       -0.000000000000000        0.000000000000000
        1.033333333333333        0.433333333333333        0.007901869503433        0.004125238890321        0.003776630613113
        1.066666666666667        0.466666666666667        0.013686439454726        0.007145123351395        0.006541316103331
        1.000000000000000        0.500000000000000       -0.000000000000000       -0.000000000000000        0.000000000000000
        1.033333333333333        0.533333333333333        0.004090308638807        0.002135380780825        0.001954927857982
        1.066666666666667        0.566666666666667        0.004090308638807        0.002135380780825        0.001954927857982
        1.000000000000000        0.600000000000000       -0.000000000000000       -0.000000000000000        0.000000000000000
        1.033333333333333        0.633333333333333       -0.002117299552141       -0.001105354429247        0.001011945122894
        1.066666666666667        0.666666666666667       -0.007901869503433       -0.004125238890321        0.003776630613113
        1.000000000000000        0.700000000000000        0.000000000000000        0.000000000000000        0.000000000000000
        1.033333333333333        0.733333333333333       -0.007084622381051       -0.003698588005895        0.003386034375156
        1.066666666666667        0.766666666666667       -0.015265239658665       -0.007969349567546        0.007295890091119
        1.000000000000000        0.800000000000000        0.000000000000000        0.000000000000000        0.000000000000000
        1.033333333333333        0.833333333333333       -0.007901869503433       -0.004125238890321        0.003776630613113
        1.066666666666667        0.866666666666667       -0.013686439454726       -0.007145123351395        0.006541316103331
        1.000000000000000        0.900000000000000        0.000000000000000        0.000000000000000        0.000000000000000
        1.033333333333333        0.933333333333333       -0.004090308638807       -0.002135380780825        0.001954927857982
        1.066666666666667        0.966666666666667       -0.004090308638807       -0.002135380780825        0.001954927857982
        1.000000000000000        1.000000000000000        0.000000000000000        0.000000000000000        0.000000000000000
        1.033333333333333        1.033333333333333        0.002117299552141        0.001105354429247        0.001011945122894
        1.066666666666667        1.066666666666667        0.007901869503433        0.004125238890321        0.003776630613113
