        0.000000000000000        0.000000000000000       23.047290101561519       23.047290101561545        0.000000000000026
        0.033333333333333        0.033333333333333       21.503414408951715       21.503414408951733        0.000000000000018
        0.066666666666667        0.066666666666667       17.285467576171140       17.285467576171142        0.000000000000002
        0.000000000000000        0.100000000000000       16.296895118787744       16.296895118787747        0.000000000000003
        0.033333333333333        0.133333333333333       11.130986367537338       11.130986367537334        0.000000000000004
        0.066666666666667        0.166666666666667        5.165908751250407        5.165908751250402        0.000000000000005
        0.000000000000000        0.200000000000000        0.000000000000001        0.000000000000000        0.000000000000001
        0.033333333333333        0.233333333333333       -5.761822525390378       -5.761822525390378        0.000000000000000
        0.066666666666667        0.266666666666667       -9.979769358170954       -9.979769358170952        0.000000000000003
        0.000000000000000        0.300000000000000      -16.296895118787742      -16.296895118787749        0.000000000000007
        0.033333333333333        0.333333333333333      -19.279433926931208      -19.279433926931216        0.000000000000007
        0.066666666666667        0.366666666666667      -19.279433926931209      -19.279433926931210        0.000000000000001
        0.000000000000000        0.400000000000000      -23.047290101561519      -23.047290101561532        0.000000000000012
        0.033333333333333        0.433333333333333      -21.503414408951716      -21.503414408951725        0.000000000000009
        0.066666666666667        0.466666666666667      -17.285467576171141      -17.285467576171144        0.000000000000003
        0.000000000000000        0.500000000000000      -16.296895118787746      -16.296895118787759        0.000000000000013
        0.033333333333333        0.533333333333333      -11.130986367537341      -11.130986367537350        0.000000000000009
        0.066666666666667        0.566666666666667       -5.165908751250410       -5.165908751250412        0.000000000000002
        0.000000000000000        0.600000000000000       -0.000000000000004       -0.000000000000004        0.000000000000001
        0.033333333333333        0.633333333333333        5.761822525390376        5.761822525390381        0.000000000000005
        0.066666666666667        0.666666666666667        9.979769358170952        9.979769358170955        0.000000000000003
        0.000000000000000        0.700000000000000       16.296895118787740       16.296895118787751        0.000000000000011
        0.033333333333333        0.733333333333333       19.279433926931207       19.279433926931216        0.000000000000009
        0.066666666666667        0.766666666666667       19.279433926931208       19.279433926931211        0.000000000000003
        0.000000000000000        0.800000000000000       23.047290101561519       23.047290101561535        0.000000000000016
        0.033333333333333        0.833333333333333       21.503414408951716       21.503414408951728        0.000000000000011
        0.066666666666667        0.866666666666667       17.285467576171142       17.285467576171143        0.000000000000001
        0.000000000000000        0.900000000000000       16.296895118787748       16.296895118787753        0.000000000000005
        0.033333333333333        0.933333333333333       11.130986367537343       11.130986367537342        0.000000000000001
        0.066666666666667        0.966666666666667        5.165908751250412        5.165908751250409        0.000000000000004
        0.000000000000000        1.000000000000000        0.000000000000007        0.000000000000007        0.000000000000000
        0.033333333333333        1.033333333333333       -5.761822525390373       -5.761822525390371        0.000000000000002
        0.066666666666667        1.066666666666667       -9.979769358170950       -9.979769358170945        0.000000000000005
        0.100000000000000        0.000000000000000       16.296895118787744       16.296895118787747        0.000000000000003
        0.133333333333333        0.033333333333333       11.130986367537338       11.130986367537334        0.000000000000004
        0.166666666666667        0.066666666666667        5.165908751250407        5.165908751250402        0.000000000000005
        0.100000000000000        0.100000000000000       11.523645050780760       11.523645050780751        0.000000000000009
        0.133333333333333        0.133333333333333        5.761822525390381        5.761822525390371        0.000000000000009
        0.166666666666667        0.166666666666667        1.543875692609805        1.543875692609801        0.000000000000003
        0.100000000000000        0.200000000000000        0.000000000000001        0.000000000000000        0.000000000000001
        0.133333333333333        0.233333333333333       -2.982538808143465       -2.982538808143461        0.000000000000004
        0.166666666666667        0.266666666666667       -2.982538808143466       -2.982538808143461        0.000000000000004
        0.100000000000000        0.300000000000000      -11.523645050780759      -11.523645050780753        0.000000000000006
        0.133333333333333        0.333333333333333       -9.979769358170955       -9.979769358170947        0.000000000000008
        0.166666666666667        0.366666666666667       -5.761822525390381       -5.761822525390374        0.000000000000006
        0.100000000000000        0.400000000000000      -16.296895118787744      -16.296895118787738        0.000000000000007
        0.133333333333333        0.433333333333333      -11.130986367537339      -11.130986367537330        0.000000000000009
        0.166666666666667        0.466666666666667       -5.165908751250408       -5.165908751250403        0.000000000000005
        0.100000000000000        0.500000000000000      -11.523645050780762      -11.523645050780760        0.000000000000002
        0.133333333333333        0.533333333333333       -5.761822525390382       -5.761822525390379        0.000000000000002
        0.166666666666667        0.566666666666667       -1.543875692609806       -1.543875692609804        0.000000000000001
        0.100000000000000        0.600000000000000       -0.000000000000003       -0.000000000000003        0.000000000000000
        0.133333333333333        0.633333333333333        2.982538808143464        2.982538808143463        0.000000000000001
        0.166666666666667        0.666666666666667        2.982538808143465        2.982538808143462        0.000000000000003
        0.100000000000000        0.700000000000000       11.523645050780757       11.523645050780754        0.000000000000003
        0.133333333333333        0.733333333333333        9.979769358170955        9.979769358170947        0.000000000000008
        0.166666666666667        0.766666666666667        5.761822525390381        5.761822525390375        0.000000000000006
        0.100000000000000        0.800000000000000       16.296895118787744       16.296895118787740        0.000000000000004
        0.133333333333333        0.833333333333333       11.130986367537339       11.130986367537331        0.000000000000008
        0.166666666666667        0.866666666666667        5.165908751250408        5.165908751250402        0.000000000000006
        0.100000000000000        0.900000000000000       11.523645050780763       11.523645050780756        0.000000000000007
        0.133333333333333        0.933333333333333        5.761822525390383        5.761822525390375        0.000000000000008
        0.166666666666667        0.966666666666667        1.543875692609806        1.543875692609803        0.000000000000003
        0.100000000000000        1.000000000000000        0.000000000000005        0.000000000000005        0.000000000000000
        0.133333333333333        1.033333333333333       -2.982538808143462       -2.982538808143458        0.000000000000005
        0.166666666666667        1.066666666666667       -2.982538808143464       -2.982538808143460        0.000000000000005
        0.200000000000000        0.000000000000000        0.000000000000001        0.000000000000000        0.000000000000001
        0.233333333333333        0.033333333333333       -5.761822525390378       -5.761822525390378        0.000000000000000
        0.266666666666667        0.066666666666667       -9.979769358170954       -9.979769358170952        0.000000000000003
        0.200000000000000        0.100000000000000        0.000000000000001        0.000000000000000        0.000000000000001
        0.233333333333333        0.133333333333333       -2.982538808143465       -2.982538808143461        0.000000000000004
        0.266666666666667        0.166666666666667       -2.982538808143466       -2.982538808143461        0.000000000000004
        0.200000000000000        0.200000000000000        0.000000000000000       -0.000000000000000        0.000000000000000
        0.233333333333333        0.233333333333333        1.543875692609803        1.543875692609802        0.000000000000001
        0.266666666666667        0.266666666666667        5.761822525390378        5.761822525390375        0.000000000000004
        0.200000000000000        0.300000000000000       -0.000000000000001       -0.000000000000000        0.000000000000001
        0.233333333333333        0.333333333333333        5.165908751250405        5.165908751250402        0.000000000000003
        0.266666666666667        0.366666666666667       11.130986367537336       11.130986367537332        0.000000000000004
        0.200000000000000        0.400000000000000       -0.000000000000001       -0.000000000000000        0.000000000000001
        0.233333333333333        0.433333333333333        5.761822525390378        5.761822525390376        0.000000000000003
        0.266666666666667        0.466666666666667        9.979769358170955        9.979769358170953        0.000000000000002
        0.200000000000000        0.500000000000000       -0.000000000000001       -0.000000000000000        0.000000000000001
        0.233333333333333        0.533333333333333        2.982538808143466        2.982538808143465        0.000000000000000
        0.266666666666667        0.566666666666667        2.982538808143467        2.982538808143467        0.000000000000000
        0.200000000000000        0.600000000000000       -0.000000000000000       -0.000000000000000        0.000000000000000
        0.233333333333333        0.633333333333333       -1.543875692609803       -1.543875692609803        0.000000000000000
        0.266666666666667        0.666666666666667       -5.761822525390377       -5.761822525390376        0.000000000000000
        0.200000000000000        0.700000000000000        0.000000000000001        0.000000000000000        0.000000000000001
        0.233333333333333        0.733333333333333       -5.165908751250404       -5.165908751250402        0.000000000000002
        0.266666666666667        0.766666666666667      -11.130986367537335      -11.130986367537333        0.000000000000003
        0.200000000000000        0.800000000000000        0.000000000000001        0.000000000000000        0.000000000000001
        0.233333333333333        0.833333333333333       -5.761822525390379       -5.761822525390377        0.000000000000002
        0.266666666666667        0.866666666666667       -9.979769358170955       -9.979769358170952        0.000000000000003
        0.200000000000000        0.900000000000000        0.000000000000001        0.000000000000000        0.000000000000001
        0.233333333333333        0.933333333333333       -2.982538808143466       -2.982538808143463        0.000000000000003
        0.266666666666667        0.966666666666667       -2.982538808143468       -2.982538808143465        0.000000000000003
        0.200000000000000        1.000000000000000        0.000000000000000        0.000000000000000        0.000000000000000
        0.233333333333333        1.033333333333333        1.543875692609802        1.543875692609800        0.000000000000002
        0.266666666666667        1.066666666666667        5.761822525390376        5.761822525390371        0.000000000000005
        0.300000000000000        0.000000000000000      -16.296895118787742      -16.296895118787749        0.000000000000007
        0.333333333333333        0.033333333333333      -19.279433926931208      -19.279433926931216        0.000000000000007
        0.366666666666667        0.066666666666667      -19.279433926931209      -19.279433926931210        0.000000000000001
        0.300000000000000        0.100000000000000      -11.523645050780759      -11.523645050780753        0.000000000000006
        0.333333333333333        0.133333333333333       -9.979769358170955       -9.979769358170947        0.000000000000008
        0.366666666666667        0.166666666666667       -5.761822525390381       -5.761822525390374        0.000000000000006
        0.300000000000000        0.200000000000000       -0.000000000000001       -0.000000000000000        0.000000000000001
        0.333333333333333        0.233333333333333        5.165908751250405        5.165908751250402        0.000000000000003
        0.366666666666667        0.266666666666667       11.130986367537336       11.130986367537332        0.000000000000004
        0.300000000000000        0.300000000000000       11.523645050780757       11.523645050780754        0.000000000000003
        0.333333333333333        0.333333333333333       17.285467576171137       17.285467576171136        0.000000000000001
        0.366666666666667        0.366666666666667       21.503414408951714       21.503414408951713        0.000000000000001
        0.300000000000000        0.400000000000000       16.296895118787742       16.296895118787740        0.000000000000003
        0.333333333333333        0.433333333333333       19.279433926931209       19.279433926931208        0.000000000000001
        0.366666666666667        0.466666666666667       19.279433926931210       19.279433926931212        0.000000000000002
        0.300000000000000        0.500000000000000       11.523645050780760       11.523645050780762        0.000000000000001
        0.333333333333333        0.533333333333333        9.979769358170958        9.979769358170961        0.000000000000003
        0.366666666666667        0.566666666666667        5.761822525390383        5.761822525390386        0.000000000000002
        0.300000000000000        0.600000000000000        0.000000000000003        0.000000000000003        0.000000000000000
        0.333333333333333        0.633333333333333       -5.165908751250402       -5.165908751250404        0.000000000000002
        0.366666666666667        0.666666666666667      -11.130986367537333      -11.130986367537336        0.000000000000002
        0.300000000000000        0.700000000000000      -11.523645050780756      -11.523645050780756        0.000000000000001
        0.333333333333333        0.733333333333333      -17.285467576171136      -17.285467576171136        0.000000000000000
        0.366666666666667        0.766666666666667      -21.503414408951713      -21.503414408951714        0.000000000000001
        0.300000000000000        0.800000000000000      -16.296895118787742      -16.296895118787742        0.000000000000000
        0.333333333333333        0.833333333333333      -19.279433926931210      -19.279433926931211        0.000000000000001
        0.366666666666667        0.866666666666667      -19.279433926931212      -19.279433926931211        0.000000000000001
        0.300000000000000        0.900000000000000      -11.523645050780762      -11.523645050780757        0.000000000000005
        0.333333333333333        0.933333333333333       -9.979769358170960       -9.979769358170954        0.000000000000006
        0.366666666666667        0.966666666666667       -5.761822525390386       -5.761822525390382        0.000000000000004
        0.300000000000000        1.000000000000000       -0.000000000000005       -0.000000000000005        0.000000000000000
        0.333333333333333        1.033333333333333        5.165908751250400        5.165908751250396        0.000000000000004
        0.366666666666667        1.066666666666667       11.130986367537331       11.130986367537325        0.000000000000006
        0.400000000000000        0.000000000000000      -23.047290101561519      -23.047290101561532        0.000000000000012
        0.433333333333333        0.033333333333333      -21.503414408951716      -21.503414408951725        0.000000000000009
        0.466666666666667        0.066666666666667      -17.285467576171141      -17.285467576171144        0.000000000000003
        0.400000000000000        0.100000000000000      -16.296895118787744      -16.296895118787738        0.000000000000007
        0.433333333333333        0.133333333333333      -11.130986367537339      -11.130986367537330        0.000000000000009
        0.466666666666667        0.166666666666667       -5.165908751250408       -5.165908751250403        0.000000000000005
        0.400000000000000        0.200000000000000       -0.000000000000001       -0.000000000000000        0.000000000000001
        0.433333333333333        0.233333333333333        5.761822525390378        5.761822525390376        0.000000000000003
        0.466666666666667        0.266666666666667        9.979769358170955        9.979769358170953        0.000000000000002
        0.400000000000000        0.300000000000000       16.296895118787742       16.296895118787740        0.000000000000003
        0.433333333333333        0.333333333333333       19.279433926931209       19.279433926931208        0.000000000000001
        0.466666666666667        0.366666666666667       19.279433926931210       19.279433926931212        0.000000000000002
        0.400000000000000        0.400000000000000       23.047290101561519       23.047290101561518        0.000000000000001
        0.433333333333333        0.433333333333333       21.503414408951716       21.503414408951717        0.000000000000000
        0.466666666666667        0.466666666666667       17.285467576171142       17.285467576171146        0.000000000000004
        0.400000000000000        0.500000000000000       16.296895118787746       16.296895118787750        0.000000000000004
        0.433333333333333        0.533333333333333       11.130986367537341       11.130986367537345        0.000000000000004
        0.466666666666667        0.566666666666667        5.165908751250410        5.165908751250413        0.000000000000003
        0.400000000000000        0.600000000000000        0.000000000000004        0.000000000000004        0.000000000000001
        0.433333333333333        0.633333333333333       -5.761822525390376       -5.761822525390378        0.000000000000003
        0.466666666666667        0.666666666666667       -9.979769358170953       -9.979769358170956        0.000000000000003
        0.400000000000000        0.700000000000000      -16.296895118787740      -16.296895118787742        0.000000000000001
        0.433333333333333        0.733333333333333      -19.279433926931208      -19.279433926931209        0.000000000000001
        0.466666666666667        0.766666666666667      -19.279433926931210      -19.279433926931213        0.000000000000003
        0.400000000000000        0.800000000000000      -23.047290101561519      -23.047290101561521        0.000000000000002
        0.433333333333333        0.833333333333333      -21.503414408951717      -21.503414408951720        0.000000000000002
        0.466666666666667        0.866666666666667      -17.285467576171143      -17.285467576171145        0.000000000000001
        0.400000000000000        0.900000000000000      -16.296895118787748      -16.296895118787744        0.000000000000005
        0.433333333333333        0.933333333333333      -11.130986367537343      -11.130986367537338        0.000000000000006
        0.466666666666667        0.966666666666667       -5.165908751250412       -5.165908751250409        0.000000000000003
        0.400000000000000        1.000000000000000       -0.000000000000007       -0.000000000000007        0.000000000000000
        0.433333333333333        1.033333333333333        5.761822525390373        5.761822525390369        0.000000000000004
        0.466666666666667        1.066666666666667        9.979769358170951        9.979769358170946        0.000000000000004
        0.500000000000000        0.000000000000000      -16.296895118787746      -16.296895118787759        0.000000000000013
        0.533333333333333        0.033333333333333      -11.130986367537341      -11.130986367537350        0.000000000000009
        0.566666666666667        0.066666666666667       -5.165908751250410       -5.165908751250412        0.000000000000002
        0.500000000000000        0.100000000000000      -11.523645050780762      -11.523645050780760        0.000000000000002
        0.533333333333333        0.133333333333333       -5.761822525390382       -5.761822525390379        0.000000000000002
        0.566666666666667        0.166666666666667       -1.543875692609806       -1.543875692609804        0.000000000000001
        0.500000000000000        0.200000000000000       -0.000000000000001       -0.000000000000000        0.000000000000001
        0.533333333333333        0.233333333333333        2.982538808143466        2.982538808143465        0.000000000000000
        0.566666666666667        0.266666666666667        2.982538808143467        2.982538808143467        0.000000000000000
        0.500000000000000        0.300000000000000       11.523645050780760       11.523645050780762        0.000000000000001
        0.533333333333333        0.333333333333333        9.979769358170958        9.979769358170961        0.000000000000003
        0.566666666666667        0.366666666666667        5.761822525390383        5.761822525390386        0.000000000000002
        0.500000000000000        0.400000000000000       16.296895118787746       16.296895118787750        0.000000000000004
        0.533333333333333        0.433333333333333       11.130986367537341       11.130986367537345        0.000000000000004
        0.566666666666667        0.466666666666667        5.165908751250410        5.165908751250413        0.000000000000003
        0.500000000000000        0.500000000000000       11.523645050780763       11.523645050780769        0.000000000000006
        0.533333333333333        0.533333333333333        5.761822525390383        5.761822525390387        0.000000000000004
        0.566666666666667        0.566666666666667        1.543875692609806        1.543875692609807        0.000000000000001
        0.500000000000000        0.600000000000000        0.000000000000003        0.000000000000003        0.000000000000000
        0.533333333333333        0.633333333333333       -2.982538808143464       -2.982538808143467        0.000000000000002
        0.566666666666667        0.666666666666667       -2.982538808143466       -2.982538808143468        0.000000000000002
        0.500000000000000        0.700000000000000      -11.523645050780759      -11.523645050780763        0.000000000000004
        0.533333333333333        0.733333333333333       -9.979769358170957       -9.979769358170961        0.000000000000004
        0.566666666666667        0.766666666666667       -5.761822525390383       -5.761822525390386        0.000000000000003
        0.500000000000000        0.800000000000000      -16.296895118787746      -16.296895118787752        0.000000000000006
        0.533333333333333        0.833333333333333      -11.130986367537341      -11.130986367537347        0.000000000000005
        0.566666666666667        0.866666666666667       -5.165908751250410       -5.165908751250412        0.000000000000002
        0.500000000000000        0.900000000000000      -11.523645050780765      -11.523645050780764        0.000000000000000
        0.533333333333333        0.933333333333333       -5.761822525390384       -5.761822525390383        0.000000000000001
        0.566666666666667        0.966666666666667       -1.543875692609807       -1.543875692609806        0.000000000000001
        0.500000000000000        1.000000000000000       -0.000000000000005       -0.000000000000005        0.000000000000000
        0.533333333333333        1.033333333333333        2.982538808143463        2.982538808143462        0.000000000000001
        0.566666666666667        1.066666666666667        2.982538808143466        2.982538808143465        0.000000000000000
        0.600000000000000        0.000000000000000       -0.000000000000004       -0.000000000000004        0.000000000000001
        0.633333333333333        0.033333333333333        5.761822525390376        5.761822525390381        0.000000000000005
        0.666666666666667        0.066666666666667        9.979769358170952        9.979769358170955        0.000000000000003
        0.600000000000000        0.100000000000000       -0.000000000000003       -0.000000000000003        0.000000000000000
        0.633333333333333        0.133333333333333        2.982538808143464        2.982538808143463        0.000000000000001
        0.666666666666667        0.166666666666667        2.982538808143465        2.982538808143462        0.000000000000003
        0.600000000000000        0.200000000000000       -0.000000000000000       -0.000000000000000        0.000000000000000
        0.633333333333333        0.233333333333333       -1.543875692609803       -1.543875692609803        0.000000000000000
        0.666666666666667        0.266666666666667       -5.761822525390377       -5.761822525390376        0.000000000000000
        0.600000000000000        0.300000000000000        0.000000000000003        0.000000000000003        0.000000000000000
        0.633333333333333        0.333333333333333       -5.165908751250402       -5.165908751250404        0.000000000000002
        0.666666666666667        0.366666666666667      -11.130986367537333      -11.130986367537336        0.000000000000002
        0.600000000000000        0.400000000000000        0.000000000000004        0.000000000000004        0.000000000000001
        0.633333333333333        0.433333333333333       -5.761822525390376       -5.761822525390378        0.000000000000003
        0.666666666666667        0.466666666666667       -9.979769358170953       -9.979769358170956        0.000000000000003
        0.600000000000000        0.500000000000000        0.000000000000003        0.000000000000003        0.000000000000000
        0.633333333333333        0.533333333333333       -2.982538808143464       -2.982538808143467        0.000000000000002
        0.666666666666667        0.566666666666667       -2.982538808143466       -2.982538808143468        0.000000000000002
        0.600000000000000        0.600000000000000        0.000000000000000        0.000000000000000        0.000000000000000
        0.633333333333333        0.633333333333333        1.543875692609802        1.543875692609803        0.000000000000001
        0.666666666666667        0.666666666666667        5.761822525390376        5.761822525390378        0.000000000000003
        0.600000000000000        0.700000000000000       -0.000000000000003       -0.000000000000003        0.000000000000000
        0.633333333333333        0.733333333333333        5.165908751250402        5.165908751250404        0.000000000000003
        0.666666666666667        0.766666666666667       11.130986367537333       11.130986367537336        0.000000000000003
        0.600000000000000        0.800000000000000       -0.000000000000004       -0.000000000000004        0.000000000000001
        0.633333333333333        0.833333333333333        5.761822525390376        5.761822525390379        0.000000000000003
        0.666666666666667        0.866666666666667        9.979769358170953        9.979769358170955        0.000000000000002
        0.600000000000000        0.900000000000000       -0.000000000000003       -0.000000000000003        0.000000000000000
        0.633333333333333        0.933333333333333        2.982538808143465        2.982538808143465        0.000000000000000
        0.666666666666667        0.966666666666667        2.982538808143468        2.982538808143466        0.000000000000002
        0.600000000000000        1.000000000000000       -0.000000000000000       -0.000000000000000        0.000000000000000
        0.633333333333333        1.033333333333333       -1.543875692609801       -1.543875692609801        0.000000000000000
        0.666666666666667        1.066666666666667       -5.761822525390375       -5.761822525390373        0.000000000000002
        0.700000000000000        0.000000000000000       16.296895118787740       16.296895118787751        0.000000000000011
        0.733333333333333        0.033333333333333       19.279433926931207       19.279433926931216        0.000000000000009
        0.766666666666667        0.066666666666667       19.279433926931208       19.279433926931211        0.000000000000003
        0.700000000000000        0.100000000000000       11.523645050780757       11.523645050780754        0.000000000000003
        0.733333333333333        0.133333333333333        9.979769358170955        9.979769358170947        0.000000000000007
        0.766666666666667        0.166666666666667        5.761822525390381        5.761822525390375        0.000000000000006
        0.700000000000000        0.200000000000000        0.000000000000001        0.000000000000000        0.000000000000001
        0.733333333333333        0.233333333333333       -5.165908751250404       -5.165908751250402        0.000000000000002
        0.766666666666667        0.266666666666667      -11.130986367537335      -11.130986367537333        0.000000000000003
        0.700000000000000        0.300000000000000      -11.523645050780756      -11.523645050780756        0.000000000000001
        0.733333333333333        0.333333333333333      -17.285467576171136      -17.285467576171136        0.000000000000000
        0.766666666666667        0.366666666666667      -21.503414408951713      -21.503414408951714        0.000000000000001
        0.700000000000000        0.400000000000000      -16.296895118787740      -16.296895118787742        0.000000000000001
        0.733333333333333        0.433333333333333      -19.279433926931208      -19.279433926931209        0.000000000000001
        0.766666666666667        0.466666666666667      -19.279433926931210      -19.279433926931213        0.000000000000003
        0.700000000000000        0.500000000000000      -11.523645050780759      -11.523645050780763        0.000000000000004
        0.733333333333333        0.533333333333333       -9.979769358170957       -9.979769358170961        0.000000000000004
        0.766666666666667        0.566666666666667       -5.761822525390383       -5.761822525390386        0.000000000000003
        0.700000000000000        0.600000000000000       -0.000000000000003       -0.000000000000003        0.000000000000000
        0.733333333333333        0.633333333333333        5.165908751250402        5.165908751250404        0.000000000000003
        0.766666666666667        0.666666666666667       11.130986367537333       11.130986367537336        0.000000000000003
        0.700000000000000        0.700000000000000       11.523645050780755       11.523645050780757        0.000000000000002
        0.733333333333333        0.733333333333333       17.285467576171135       17.285467576171137        0.000000000000002
        0.766666666666667        0.766666666666667       21.503414408951712       21.503414408951715        0.000000000000003
        0.700000000000000        0.800000000000000       16.296895118787740       16.296895118787744        0.000000000000004
        0.733333333333333        0.833333333333333       19.279433926931208       19.279433926931211        0.000000000000003
        0.766666666666667        0.866666666666667       19.279433926931211       19.279433926931212        0.000000000000001
        0.700000000000000        0.900000000000000       11.523645050780760       11.523645050780758        0.000000000000002
        0.733333333333333        0.933333333333333        9.979769358170959        9.979769358170954        0.000000000000005
        0.766666666666667        0.966666666666667        5.761822525390386        5.761822525390382        0.000000000000004
        0.700000000000000        1.000000000000000        0.000000000000005        0.000000000000005        0.000000000000000
        0.733333333333333        1.033333333333333       -5.165908751250400       -5.165908751250396        0.000000000000004
        0.766666666666667        1.066666666666667      -11.130986367537330      -11.130986367537325        0.000000000000005
        0.800000000000000        0.000000000000000       23.047290101561519       23.047290101561535        0.000000000000016
        0.833333333333333        0.033333333333333       21.503414408951716       21.503414408951728        0.000000000000011
        0.866666666666667        0.066666666666667       17.285467576171142       17.285467576171143        0.000000000000001
        0.800000000000000        0.100000000000000       16.296895118787744       16.296895118787740        0.000000000000004
        0.833333333333333        0.133333333333333       11.130986367537339       11.130986367537331        0.000000000000008
        0.866666666666667        0.166666666666667        5.165908751250408        5.165908751250402        0.000000000000006
        0.800000000000000        0.200000000000000        0.000000000000001        0.000000000000000        0.000000000000001
        0.833333333333333        0.233333333333333       -5.761822525390379       -5.761822525390377        0.000000000000002
        0.866666666666667        0.266666666666667       -9.979769358170955       -9.979769358170952        0.000000000000003
        0.800000000000000        0.300000000000000      -16.296895118787742      -16.296895118787742        0.000000000000000
        0.833333333333333        0.333333333333333      -19.279433926931210      -19.279433926931211        0.000000000000001
        0.866666666666667        0.366666666666667      -19.279433926931212      -19.279433926931211        0.000000000000001
        0.800000000000000        0.400000000000000      -23.047290101561519      -23.047290101561521        0.000000000000002
        0.833333333333333        0.433333333333333      -21.503414408951717      -21.503414408951720        0.000000000000002
        0.866666666666667        0.466666666666667      -17.285467576171143      -17.285467576171145        0.000000000000001
        0.800000000000000        0.500000000000000      -16.296895118787746      -16.296895118787752        0.000000000000006
        0.833333333333333        0.533333333333333      -11.130986367537341      -11.130986367537347        0.000000000000005
        0.866666666666667        0.566666666666667       -5.165908751250410       -5.165908751250412        0.000000000000002
        0.800000000000000        0.600000000000000       -0.000000000000004       -0.000000000000004        0.000000000000001
        0.833333333333333        0.633333333333333        5.761822525390376        5.761822525390379        0.000000000000003
        0.866666666666667        0.666666666666667        9.979769358170953        9.979769358170955        0.000000000000002
        0.800000000000000        0.700000000000000       16.296895118787740       16.296895118787744        0.000000000000004
        0.833333333333333        0.733333333333333       19.279433926931208       19.279433926931211        0.000000000000003
        0.866666666666667        0.766666666666667       19.279433926931211       19.279433926931212        0.000000000000001
        0.800000000000000        0.800000000000000       23.047290101561519       23.047290101561525        0.000000000000005
        0.833333333333333        0.833333333333333       21.503414408951718       21.503414408951722        0.000000000000004
        0.866666666666667        0.866666666666667       17.285467576171145       17.285467576171144        0.000000000000001
        0.800000000000000        0.900000000000000       16.296895118787748       16.296895118787746        0.000000000000002
        0.833333333333333        0.933333333333333       11.130986367537344       11.130986367537339        0.000000000000005
        0.866666666666667        0.966666666666667        5.165908751250413        5.165908751250409        0.000000000000004
        0.800000000000000        1.000000000000000        0.000000000000007        0.000000000000007        0.000000000000000
        0.833333333333333        1.033333333333333       -5.761822525390373       -5.761822525390370        0.000000000000004
        0.866666666666667        1.066666666666667       -9.979769358170951       -9.979769358170946        0.000000000000006
        0.900000000000000        0.000000000000000       16.296895118787748       16.296895118787753        0.000000000000005
        0.933333333333333        0.033333333333333       11.130986367537343       11.130986367537342        0.000000000000001
        0.966666666666667        0.066666666666667        5.165908751250412        5.165908751250409        0.000000000000004
        0.900000000000000        0.100000000000000       11.523645050780763       11.523645050780756        0.000000000000007
        0.933333333333333        0.133333333333333        5.761822525390383        5.761822525390375        0.000000000000008
        0.966666666666667        0.166666666666667        1.543875692609806        1.543875692609803        0.000000000000003
        0.900000000000000        0.200000000000000        0.000000000000001        0.000000000000000        0.000000000000001
        0.933333333333333        0.233333333333333       -2.982538808143466       -2.982538808143463        0.000000000000003
        0.966666666666667        0.266666666666667       -2.982538808143468       -2.982538808143465        0.000000000000003
        0.900000000000000        0.300000000000000      -11.523645050780762      -11.523645050780757        0.000000000000005
        0.933333333333333        0.333333333333333       -9.979769358170960       -9.979769358170954        0.000000000000006
        0.966666666666667        0.366666666666667       -5.761822525390386       -5.761822525390382        0.000000000000004
        0.900000000000000        0.400000000000000      -16.296895118787748      -16.296895118787744        0.000000000000005
        0.933333333333333        0.433333333333333      -11.130986367537343      -11.130986367537338        0.000000000000006
        0.966666666666667        0.466666666666667       -5.165908751250412       -5.165908751250409        0.000000000000003
        0.900000000000000        0.500000000000000      -11.523645050780765      -11.523645050780764        0.000000000000000
        0.933333333333333        0.533333333333333       -5.761822525390384       -5.761822525390383        0.000000000000001
        0.966666666666667        0.566666666666667       -1.543875692609807       -1.543875692609806        0.000000000000001
        0.900000000000000        0.600000000000000       -0.000000000000003       -0.000000000000003        0.000000000000000
        0.933333333333333        0.633333333333333        2.982538808143465        2.982538808143465        0.000000000000000
        0.966666666666667        0.666666666666667        2.982538808143468        2.982538808143466        0.000000000000002
        0.900000000000000        0.700000000000000       11.523645050780760       11.523645050780758        0.000000000000002
        0.933333333333333        0.733333333333333        9.979769358170959        9.979769358170954        0.000000000000005
        0.966666666666667        0.766666666666667        5.761822525390386        5.761822525390382        0.000000000000004
        0.900000000000000        0.800000000000000       16.296895118787748       16.296895118787746        0.000000000000002
        0.933333333333333        0.833333333333333       11.130986367537344       11.130986367537339        0.000000000000005
        0.966666666666667        0.866666666666667        5.165908751250413        5.165908751250409        0.000000000000004
        0.900000000000000        0.900000000000000       11.523645050780766       11.523645050780760        0.000000000000006
        0.933333333333333        0.933333333333333        5.761822525390385        5.761822525390379        0.000000000000006
        0.966666666666667        0.966666666666667        1.543875692609808        1.543875692609805        0.000000000000002
        0.900000000000000        1.000000000000000        0.000000000000005        0.000000000000005        0.000000000000000
        0.933333333333333        1.033333333333333       -2.982538808143464       -2.982538808143460        0.000000000000004
        0.966666666666667        1.066666666666667       -2.982538808143467       -2.982538808143463        0.000000000000004
        1.000000000000000        0.000000000000000        0.000000000000007        0.000000000000007        0.000000000000000
        1.033333333333333        0.033333333333333       -5.761822525390373       -5.761822525390371        0.000000000000002
        1.066666666666667        0.066666666666667       -9.979769358170950       -9.979769358170945        0.000000000000005
        1.000000000000000        0.100000000000000        0.000000000000005        0.000000000000005        0.000000000000000
        1.033333333333333        0.133333333333333       -2.982538808143462       -2.982538808143458        0.000000000000005
        1.066666666666667        0.166666666666667       -2.982538808143464       -2.982538808143460        0.000000000000005
        1.000000000000000        0.200000000000000        0.000000000000000        0.000000000000000        0.000000000000000
        1.033333333333333        0.233333333333333        1.543875692609802        1.543875692609800        0.000000000000002
        1.066666666666667        0.266666666666667        5.761822525390376        5.761822525390371        0.000000000000005
        1.000000000000000        0.300000000000000       -0.000000000000005       -0.000000000000005        0.000000000000000
        1.033333333333333        0.333333333333333        5.165908751250400        5.165908751250396        0.000000000000004
        1.066666666666667        0.366666666666667       11.130986367537331       11.130986367537325        0.000000000000006
        1.000000000000000        0.400000000000000       -0.000000000000007       -0.000000000000007        0.000000000000000
        1.033333333333333        0.433333333333333        5.761822525390373        5.761822525390369        0.000000000000004
        1.066666666666667        0.466666666666667        9.979769358170951        9.979769358170946        0.000000000000004
        1.000000000000000        0.500000000000000       -0.000000000000005       -0.000000000000005        0.000000000000000
        1.033333333333333        0.533333333333333        2.982538808143463        2.982538808143462        0.000000000000001
        1.066666666666667        0.566666666666667        2.982538808143466        2.982538808143465        0.000000000000000
        1.000000000000000        0.600000000000000       -0.000000000000000       -0.000000000000000        0.000000000000000
        1.033333333333333        0.633333333333333       -1.543875692609801       -1.543875692609801        0.000000000000000
        1.066666666666667        0.666666666666667       -5.761822525390375       -5.761822525390373        0.000000000000002
        1.000000000000000        0.700000000000000        0.000000000000005        0.000000000000005        0.000000000000000
        1.033333333333333        0.733333333333333       -5.165908751250400       -5.165908751250396        0.000000000000004
        1.066666666666667        0.766666666666667      -11.130986367537330      -11.130986367537325        0.000000000000005
        1.000000000000000        0.800000000000000        0.000000000000007        0.000000000000007        0.000000000000000
        1.033333333333333        0.833333333333333       -5.761822525390373       -5.761822525390370        0.000000000000004
        1.066666666666667        0.866666666666667       -9.979769358170951       -9.979769358170946        0.000000000000006
        1.000000000000000        0.900000000000000        0.000000000000005        0.000000000000005        0.000000000000000
        1.033333333333333        0.933333333333333       -2.982538808143464       -2.982538808143460        0.000000000000004
        1.066666666666667        0.966666666666667       -2.982538808143467       -2.982538808143463        0.000000000000004
        1.000000000000000        1.000000000000000        0.000000000000000        0.000000000000000        0.000000000000000
        1.033333333333333        1.033333333333333        1.543875692609801        1.543875692609798        0.000000000000002
        1.066666666666667        1.066666666666667        5.761822525390373        5.761822525390367        0.000000000000006
