        0.000000000000000        0.000000000000000        0.027939003391225        0.014585796854302        0.013353206536923
        0.033333333333333        0.033333333333333        0.026067445042223        0.013608733732283        0.012458711309940
        0.066666666666667        0.066666666666667        0.020954252543419        0.010939347640726        0.010014904902692
        0.000000000000000        0.100000000000000        0.019755858757529        0.010313715864686        0.009442142892843
        0.033333333333333        0.133333333333333        0.013493502468181        0.007044398939288        0.006449103528893
        0.066666666666667        0.166666666666667        0.006262356289348        0.003269316925398        0.002993039363950
        0.000000000000000        0.200000000000000        0.000000000000000        0.000000000000000        0.000000000000000
        0.033333333333333        0.233333333333333       -0.006984750847806       -0.003646449213575        0.003338301634231
        0.066666666666667        0.266666666666667       -0.012097943346610       -0.006315835305132        0.005782108041478
        0.000000000000000        0.300000000000000       -0.019755858757529       -0.010313715864686        0.009442142892843
        0.033333333333333        0.333333333333333       -0.023371431846946       -0.012201256871631        0.011170174975315
        0.066666666666667        0.366666666666667       -0.023371431846946       -0.012201256871631        0.011170174975315
        0.000000000000000        0.400000000000000       -0.027939003391225       -0.014585796854302        0.013353206536923
        0.033333333333333        0.433333333333333       -0.026067445042223       -0.013608733732283        0.012458711309940
        0.066666666666667        0.466666666666667       -0.020954252543419       -0.010939347640726        0.010014904902692
        0.000000000000000        0.500000000000000       -0.019755858757529       -0.010313715864686        0.009442142892843
        0.033333333333333        0.533333333333333       -0.013493502468181       -0.007044398939288        0.006449103528893
        0.066666666666667        0.566666666666667       -0.006262356289348       -0.003269316925398        0.002993039363950
        0.000000000000000        0.600000000000000       -0.000000000000000       -0.000000000000000        0.000000000000000
        0.033333333333333        0.633333333333333        0.006984750847806        0.003646449213575        0.003338301634231
        0.066666666666667        0.666666666666667        0.012097943346610        0.006315835305132        0.005782108041478
        0.000000000000000        0.700000000000000        0.019755858757529        0.010313715864686        0.009442142892843
        0.033333333333333        0.733333333333333        0.023371431846946        0.012201256871631        0.011170174975315
        0.066666666666667        0.766666666666667        0.023371431846946        0.012201256871631        0.011170174975315
        0.000000000000000        0.800000000000000        0.027939003391225        0.014585796854302        0.013353206536923
        0.033333333333333        0.833333333333333        0.026067445042223        0.013608733732283        0.012458711309940
        0.066666666666667        0.866666666666667        0.020954252543419        0.010939347640726        0.010014904902692
        0.000000000000000        0.900000000000000        0.019755858757529        0.010313715864686        0.009442142892843
        0.033333333333333        0.933333333333333        0.013493502468181        0.007044398939288        0.006449103528893
        0.066666666666667        0.966666666666667        0.006262356289348        0.003269316925398        0.002993039363950
        0.000000000000000        1.000000000000000        0.000000000000000        0.000000000000000        0.000000000000000
        0.033333333333333        1.033333333333333       -0.006984750847806       -0.003646449213575        0.003338301634231
        0.066666666666667        1.066666666666667       -0.012097943346610       -0.006315835305132        0.005782108041478
        0.100000000000000        0.000000000000000        0.019755858757529        0.010313715864686        0.009442142892843
        0.133333333333333        0.033333333333333        0.013493502468181        0.007044398939288        0.006449103528893
        0.166666666666667        0.066666666666667        0.006262356289348        0.003269316925398        0.002993039363950
        0.100000000000000        0.100000000000000        0.013969501695613        0.007292898427151        0.006676603268462
        0.133333333333333        0.133333333333333        0.006984750847806        0.003646449213575        0.003338301634231
        0.166666666666667        0.166666666666667        0.001871558349002        0.000977063122019        0.000894495226984
        0.100000000000000        0.200000000000000        0.000000000000000        0.000000000000000        0.000000000000000
        0.133333333333333        0.233333333333333       -0.003615573089416       -0.001887541006945        0.001728032082472
        0.166666666666667        0.266666666666667       -0.003615573089416       -0.001887541006945        0.001728032082472
        0.100000000000000        0.300000000000000       -0.013969501695613       -0.007292898427151        0.006676603268462
        0.133333333333333        0.333333333333333       -0.012097943346610       -0.006315835305132        0.005782108041478
        0.166666666666667        0.366666666666667       -0.006984750847806       -0.003646449213575        0.003338301634231
        0.100000000000000        0.400000000000000       -0.019755858757529       -0.010313715864686        0.009442142892843
        0.133333333333333        0.433333333333333       -0.013493502468181       -0.007044398939288        0.006449103528893
        0.166666666666667        0.466666666666667       -0.006262356289348       -0.003269316925398        0.002993039363950
        0.100000000000000        0.500000000000000       -0.013969501695613       -0.007292898427151        0.006676603268462
        0.133333333333333        0.533333333333333       -0.006984750847806       -0.003646449213575        0.003338301634231
        0.166666666666667        0.566666666666667       -0.001871558349002       -0.000977063122019        0.000894495226984
        0.100000000000000        0.600000000000000       -0.000000000000000       -0.000000000000000        0.000000000000000
        0.133333333333333        0.633333333333333        0.003615573089416        0.001887541006945        0.001728032082472
        0.166666666666667        0.666666666666667        0.003615573089416        0.001887541006945        0.001728032082472
        0.100000000000000        0.700000000000000        0.013969501695613        0.007292898427151        0.006676603268462
        0.133333333333333        0.733333333333333        0.012097943346610        0.006315835305132        0.005782108041478
        0.166666666666667        0.766666666666667        0.006984750847806        0.003646449213575        0.003338301634231
        0.100000000000000        0.800000000000000        0.019755858757529        0.010313715864686        0.009442142892843
        0.133333333333333        0.833333333333333        0.013493502468181        0.007044398939288        0.006449103528893
        0.166666666666667        0.866666666666667        0.006262356289348        0.003269316925398        0.002993039363950
        0.100000000000000        0.900000000000000        0.013969501695613        0.007292898427151        0.006676603268462
        0.133333333333333        0.933333333333333        0.006984750847806        0.003646449213575        0.003338301634231
        0.166666666666667        0.966666666666667        0.001871558349002        0.000977063122019        0.000894495226984
        0.100000000000000        1.000000000000000        0.000000000000000        0.000000000000000        0.000000000000000
        0.133333333333333        1.033333333333333       -0.003615573089416       -0.001887541006945        0.001728032082472
        0.166666666666667        1.066666666666667       -0.003615573089416       -0.001887541006945        0.001728032082472
        0.200000000000000        0.000000000000000        0.000000000000000        0.000000000000000        0.000000000000000
        0.233333333333333        0.033333333333333       -0.006984750847806       -0.003646449213575        0.003338301634231
        0.266666666666667        0.066666666666667       -0.012097943346610       -0.006315835305132        0.005782108041478
        0.200000000000000        0.100000000000000        0.000000000000000        0.000000000000000        0.000000000000000
        0.233333333333333        0.133333333333333       -0.003615573089416       -0.001887541006945        0.001728032082472
        0.266666666666667        0.166666666666667       -0.003615573089416       -0.001887541006945        0.001728032082472
        0.200000000000000        0.200000000000000        0.000000000000000       -0.000000000000000        0.000000000000000
        0.233333333333333        0.233333333333333        0.001871558349002        0.000977063122019        0.000894495226984
        0.266666666666667        0.266666666666667        0.006984750847806        0.003646449213575        0.003338301634231
        0.200000000000000        0.300000000000000       -0.000000000000000       -0.000000000000000        0.000000000000000
        0.233333333333333        0.333333333333333        0.006262356289348        0.003269316925398        0.002993039363950
        0.266666666666667        0.366666666666667        0.013493502468181        0.007044398939288        0.006449103528893
        0.200000000000000        0.400000000000000       -0.000000000000000       -0.000000000000000        0.000000000000000
        0.233333333333333        0.433333333333333        0.006984750847806        0.003646449213575        0.003338301634231
        0.266666666666667        0.466666666666667        0.012097943346610        0.006315835305132        0.005782108041478
        0.200000000000000        0.500000000000000       -0.000000000000000       -0.000000000000000        0.000000000000000
        0.233333333333333        0.533333333333333        0.003615573089416        0.001887541006945        0.001728032082472
        0.266666666666667        0.566666666666667        0.003615573089416        0.001887541006945        0.001728032082472
        0.200000000000000        0.600000000000000       -0.000000000000000       -0.000000000000000        0.000000000000000
        0.233333333333333        0.633333333333333       -0.001871558349002       -0.000977063122019        0.000894495226984
        0.266666666666667        0.666666666666667       -0.006984750847806       -0.003646449213575        0.003338301634231
        0.200000000000000        0.700000000000000        0.000000000000000        0.000000000000000        0.000000000000000
        0.233333333333333        0.733333333333333       -0.006262356289348       -0.003269316925398        0.002993039363950
        0.266666666666667        0.766666666666667       -0.013493502468181       -0.007044398939288        0.006449103528893
        0.200000000000000        0.800000000000000        0.000000000000000        0.000000000000000        0.000000000000000
        0.233333333333333        0.833333333333333       -0.006984750847806       -0.003646449213575        0.003338301634231
        0.266666666666667        0.866666666666667       -0.012097943346610       -0.006315835305132        0.005782108041478
        0.200000000000000        0.900000000000000        0.000000000000000        0.000000000000000        0.000000000000000
        0.233333333333333        0.933333333333333       -0.003615573089416       -0.001887541006945        0.001728032082472
        0.266666666666667        0.966666666666667       -0.003615573089416       -0.001887541006945        0.001728032082472
        0.200000000000000        1.000000000000000        0.000000000000000        0.000000000000000        0.000000000000000
        0.233333333333333        1.033333333333333        0.001871558349002        0.000977063122019        0.000894495226984
        0.266666666666667        1.066666666666667        0.006984750847806        0.003646449213575        0.003338301634231
        0.300000000000000        0.000000000000000       -0.019755858757529       -0.010313715864686        0.009442142892843
        0.333333333333333        0.033333333333333       -0.023371431846946       -0.012201256871631        0.011170174975315
        0.366666666666667        0.066666666666667       -0.023371431846946       -0.012201256871631        0.011170174975315
        0.300000000000000        0.100000000000000       -0.013969501695613       -0.007292898427151        0.006676603268462
        0.333333333333333        0.133333333333333       -0.012097943346610       -0.006315835305132        0.005782108041478
        0.366666666666667        0.166666666666667       -0.006984750847806       -0.003646449213575        0.003338301634231
        0.300000000000000        0.200000000000000       -0.000000000000000       -0.000000000000000        0.000000000000000
        0.333333333333333        0.233333333333333        0.006262356289348        0.003269316925398        0.002993039363950
        0.366666666666667        0.266666666666667        0.013493502468181        0.007044398939288        0.006449103528893
        0.300000000000000        0.300000000000000        0.013969501695613        0.007292898427151        0.006676603268462
        0.333333333333333        0.333333333333333        0.020954252543419        0.010939347640726        0.010014904902692
        0.366666666666667        0.366666666666667        0.026067445042223        0.013608733732283        0.012458711309940
        0.300000000000000        0.400000000000000        0.019755858757529        0.010313715864686        0.009442142892843
        0.333333333333333        0.433333333333333        0.023371431846946        0.012201256871631        0.011170174975315
        0.366666666666667        0.466666666666667        0.023371431846946        0.012201256871631        0.011170174975315
        0.300000000000000        0.500000000000000        0.013969501695613        0.007292898427151        0.006676603268462
        0.333333333333333        0.533333333333333        0.012097943346610        0.006315835305132        0.005782108041478
        0.366666666666667        0.566666666666667        0.006984750847806        0.003646449213575        0.003338301634231
        0.300000000000000        0.600000000000000        0.000000000000000        0.000000000000000        0.000000000000000
        0.333333333333333        0.633333333333333       -0.006262356289348       -0.003269316925398        0.002993039363950
        0.366666666666667        0.666666666666667       -0.013493502468181       -0.007044398939288        0.006449103528893
        0.300000000000000        0.700000000000000       -0.013969501695613       -0.007292898427151        0.006676603268462
        0.333333333333333        0.733333333333333       -0.020954252543419       -0.010939347640726        0.010014904902692
        0.366666666666667        0.766666666666667       -0.026067445042223       -0.013608733732283        0.012458711309940
        0.300000000000000        0.800000000000000       -0.019755858757529       -0.010313715864686        0.009442142892843
        0.333333333333333        0.833333333333333       -0.023371431846946       -0.012201256871631        0.011170174975315
        0.366666666666667        0.866666666666667       -0.023371431846946       -0.012201256871631        0.011170174975315
        0.300000000000000        0.900000000000000       -0.013969501695613       -0.007292898427151        0.006676603268462
        0.333333333333333        0.933333333333333       -0.012097943346610       -0.006315835305132        0.005782108041478
        0.366666666666667        0.966666666666667       -0.006984750847806       -0.003646449213575        0.003338301634231
        0.300000000000000        1.000000000000000       -0.000000000000000       -0.000000000000000        0.000000000000000
        0.333333333333333        1.033333333333333        0.006262356289348        0.003269316925398        0.002993039363950
        0.366666666666667        1.066666666666667        0.013493502468181        0.007044398939288        0.006449103528893
        0.400000000000000        0.000000000000000       -0.027939003391225       -0.014585796854302        0.013353206536923
        0.433333333333333        0.033333333333333       -0.026067445042223       -0.013608733732283        0.012458711309940
        0.466666666666667        0.066666666666667       -0.020954252543419       -0.010939347640726        0.010014904902692
        0.400000000000000        0.100000000000000       -0.019755858757529       -0.010313715864686        0.009442142892843
        0.433333333333333        0.133333333333333       -0.013493502468181       -0.007044398939288        0.006449103528893
        0.466666666666667        0.166666666666667       -0.006262356289348       -0.003269316925398        0.002993039363950
        0.400000000000000        0.200000000000000       -0.000000000000000       -0.000000000000000        0.000000000000000
        0.433333333333333        0.233333333333333        0.006984750847806        0.003646449213575        0.003338301634231
        0.466666666666667        0.266666666666667        0.012097943346610        0.006315835305132        0.005782108041478
        0.400000000000000        0.300000000000000        0.019755858757529        0.010313715864686        0.009442142892843
        0.433333333333333        0.333333333333333        0.023371431846946        0.012201256871631        0.011170174975315
        0.466666666666667        0.366666666666667        0.023371431846946        0.012201256871631        0.011170174975315
        0.400000000000000        0.400000000000000        0.027939003391225        0.014585796854302        0.013353206536923
        0.433333333333333        0.433333333333333        0.026067445042223        0.013608733732283        0.012458711309940
        0.466666666666667        0.466666666666667        0.020954252543419        0.010939347640726        0.010014904902692
        0.400000000000000        0.500000000000000        0.019755858757529        0.010313715864686        0.009442142892843
        0.433333333333333        0.533333333333333        0.013493502468181        0.007044398939288        0.006449103528893
        0.466666666666667        0.566666666666667        0.006262356289348        0.003269316925398        0.002993039363950
        0.400000000000000        0.600000000000000        0.000000000000000        0.000000000000000        0.000000000000000
        0.433333333333333        0.633333333333333       -0.006984750847806       -0.003646449213575        0.003338301634231
        0.466666666666667        0.666666666666667       -0.012097943346610       -0.006315835305132        0.005782108041478
        0.400000000000000        0.700000000000000       -0.019755858757529       -0.010313715864686        0.009442142892843
        0.433333333333333        0.733333333333333       -0.023371431846946       -0.012201256871631        0.011170174975315
        0.466666666666667        0.766666666666667       -0.023371431846946       -0.012201256871631        0.011170174975315
        0.400000000000000        0.800000000000000       -0.027939003391225       -0.014585796854302        0.013353206536923
        0.433333333333333        0.833333333333333       -0.026067445042223       -0.013608733732283        0.012458711309940
        0.466666666666667        0.866666666666667       -0.020954252543419       -0.010939347640726        0.010014904902692
        0.400000000000000        0.900000000000000       -0.019755858757529       -0.010313715864686        0.009442142892843
        0.433333333333333        0.933333333333333       -0.013493502468181       -0.007044398939288        0.006449103528893
        0.466666666666667        0.966666666666667       -0.006262356289348       -0.003269316925398        0.002993039363950
        0.400000000000000        1.000000000000000       -0.000000000000000       -0.000000000000000        0.000000000000000
        0.433333333333333        1.033333333333333        0.006984750847806        0.003646449213575        0.003338301634231
        0.466666666666667        1.066666666666667        0.012097943346610        0.006315835305132        0.005782108041478
        0.500000000000000        0.000000000000000       -0.019755858757529       -0.010313715864686        0.009442142892843
        0.533333333333333        0.033333333333333       -0.013493502468181       -0.007044398939288        0.006449103528893
        0.566666666666667        0.066666666666667       -0.006262356289348       -0.003269316925398        0.002993039363950
        0.500000000000000        0.100000000000000       -0.013969501695613       -0.007292898427151        0.006676603268462
        0.533333333333333        0.133333333333333       -0.006984750847806       -0.003646449213575        0.003338301634231
        0.566666666666667        0.166666666666667       -0.001871558349002       -0.000977063122019        0.000894495226984
        0.500000000000000        0.200000000000000       -0.000000000000000       -0.000000000000000        0.000000000000000
        0.533333333333333        0.233333333333333        0.003615573089416        0.001887541006945        0.001728032082472
        0.566666666666667        0.266666666666667        0.003615573089416        0.001887541006945        0.001728032082472
        0.500000000000000        0.300000000000000        0.013969501695613        0.007292898427151        0.006676603268462
        0.533333333333333        0.333333333333333        0.012097943346610        0.006315835305132        0.005782108041478
        0.566666666666667        0.366666666666667        0.006984750847806        0.003646449213575        0.003338301634231
        0.500000000000000        0.400000000000000        0.019755858757529        0.010313715864686        0.009442142892843
        0.533333333333333        0.433333333333333        0.013493502468181        0.007044398939288        0.006449103528893
        0.566666666666667        0.466666666666667        0.006262356289348        0.003269316925398        0.002993039363950
        0.500000000000000        0.500000000000000        0.013969501695613        0.007292898427151        0.006676603268462
        0.533333333333333        0.533333333333333        0.006984750847806        0.003646449213575        0.003338301634231
        0.566666666666667        0.566666666666667        0.001871558349002        0.000977063122019        0.000894495226984
        0.500000000000000        0.600000000000000        0.000000000000000        0.000000000000000        0.000000000000000
        0.533333333333333        0.633333333333333       -0.003615573089416       -0.001887541006945        0.001728032082472
        0.566666666666667        0.666666666666667       -0.003615573089416       -0.001887541006945        0.001728032082472
        0.500000000000000        0.700000000000000       -0.013969501695613       -0.007292898427151        0.006676603268462
        0.533333333333333        0.733333333333333       -0.012097943346610       -0.006315835305132        0.005782108041478
        0.566666666666667        0.766666666666667       -0.006984750847806       -0.003646449213575        0.003338301634231
        0.500000000000000        0.800000000000000       -0.019755858757529       -0.010313715864686        0.009442142892843
        0.533333333333333        0.833333333333333       -0.013493502468181       -0.007044398939288        0.006449103528893
        0.566666666666667        0.866666666666667       -0.006262356289348       -0.003269316925398        0.002993039363950
        0.500000000000000        0.900000000000000       -0.013969501695613       -0.007292898427151        0.006676603268462
        0.533333333333333        0.933333333333333       -0.006984750847806       -0.003646449213575        0.003338301634231
        0.566666666666667        0.966666666666667       -0.001871558349002       -0.000977063122019        0.000894495226984
        0.500000000000000        1.000000000000000       -0.000000000000000       -0.000000000000000        0.000000000000000
        0.533333333333333        1.033333333333333        0.003615573089416        0.001887541006945        0.001728032082472
        0.566666666666667        1.066666666666667        0.003615573089416        0.001887541006945        0.001728032082472
        0.600000000000000        0.000000000000000       -0.000000000000000       -0.000000000000000        0.000000000000000
        0.633333333333333        0.033333333333333        0.006984750847806        0.003646449213575        0.003338301634231
        0.666666666666667        0.066666666666667        0.012097943346610        0.006315835305132        0.005782108041478
        0.600000000000000        0.100000000000000       -0.000000000000000       -0.000000000000000        0.000000000000000
        0.633333333333333        0.133333333333333        0.003615573089416        0.001887541006945        0.001728032082472
        0.666666666666667        0.166666666666667        0.003615573089416        0.001887541006945        0.001728032082472
        0.600000000000000        0.200000000000000       -0.000000000000000       -0.000000000000000        0.000000000000000
        0.633333333333333        0.233333333333333       -0.001871558349002       -0.000977063122019        0.000894495226984
        0.666666666666667        0.266666666666667       -0.006984750847806       -0.003646449213575        0.003338301634231
        0.600000000000000        0.300000000000000        0.000000000000000        0.000000000000000        0.000000000000000
        0.633333333333333        0.333333333333333       -0.006262356289348       -0.003269316925398        0.002993039363950
        0.666666666666667        0.366666666666667       -0.013493502468181       -0.007044398939288        0.006449103528893
        0.600000000000000        0.400000000000000        0.000000000000000        0.000000000000000        0.000000000000000
        0.633333333333333        0.433333333333333       -0.006984750847806       -0.003646449213575        0.003338301634231
        0.666666666666667        0.466666666666667       -0.012097943346610       -0.006315835305132        0.005782108041478
        0.600000000000000        0.500000000000000        0.000000000000000        0.000000000000000        0.000000000000000
        0.633333333333333        0.533333333333333       -0.003615573089416       -0.001887541006945        0.001728032082472
        0.666666666666667        0.566666666666667       -0.003615573089416       -0.001887541006945        0.001728032082472
        0.600000000000000        0.600000000000000        0.000000000000000        0.000000000000000        0.000000000000000
        0.633333333333333        0.633333333333333        0.001871558349002        0.000977063122019        0.000894495226984
        0.666666666666667        0.666666666666667        0.006984750847806        0.003646449213575        0.003338301634231
        0.600000000000000        0.700000000000000       -0.000000000000000       -0.000000000000000        0.000000000000000
        0.633333333333333        0.733333333333333        0.006262356289348        0.003269316925398        0.002993039363950
        0.666666666666667        0.766666666666667        0.013493502468181        0.007044398939288        0.006449103528893
        0.600000000000000        0.800000000000000       -0.000000000000000       -0.000000000000000        0.000000000000000
        0.633333333333333        0.833333333333333        0.006984750847806        0.003646449213575        0.003338301634231
        0.666666666666667        0.866666666666667        0.012097943346610        0.006315835305132        0.005782108041478
        0.600000000000000        0.900000000000000       -0.000000000000000       -0.000000000000000        0.000000000000000
        0.633333333333333        0.933333333333333        0.003615573089416        0.001887541006945        0.001728032082472
        0.666666666666667        0.966666666666667        0.003615573089416        0.001887541006945        0.001728032082472
        0.600000000000000        1.000000000000000       -0.000000000000000       -0.000000000000000        0.000000000000000
        0.633333333333333        1.033333333333333       -0.001871558349002       -0.000977063122019        0.000894495226984
        0.666666666666667        1.066666666666667       -0.006984750847806       -0.003646449213575        0.003338301634231
        0.700000000000000        0.000000000000000        0.019755858757529        0.010313715864686        0.009442142892843
        0.733333333333333        0.033333333333333        0.023371431846946        0.012201256871631        0.011170174975315
        0.766666666666667        0.066666666666667        0.023371431846946        0.012201256871631        0.011170174975315
        0.700000000000000        0.100000000000000        0.013969501695613        0.007292898427151        0.006676603268462
        0.733333333333333        0.133333333333333        0.012097943346610        0.006315835305132        0.005782108041478
        0.766666666666667        0.166666666666667        0.006984750847806        0.003646449213575        0.003338301634231
        0.700000000000000        0.200000000000000        0.000000000000000        0.000000000000000        0.000000000000000
        0.733333333333333        0.233333333333333       -0.006262356289348       -0.003269316925398        0.002993039363950
        0.766666666666667        0.266666666666667       -0.013493502468181       -0.007044398939288        0.006449103528893
        0.700000000000000        0.300000000000000       -0.013969501695613       -0.007292898427151        0.006676603268462
        0.733333333333333        0.333333333333333       -0.020954252543419       -0.010939347640726        0.010014904902692
        0.766666666666667        0.366666666666667       -0.026067445042223       -0.013608733732283        0.012458711309940
        0.700000000000000        0.400000000000000       -0.019755858757529       -0.010313715864686        0.009442142892843
        0.733333333333333        0.433333333333333       -0.023371431846946       -0.012201256871631        0.011170174975315
        0.766666666666667        0.466666666666667       -0.023371431846946       -0.012201256871631        0.011170174975315
        0.700000000000000        0.500000000000000       -0.013969501695613       -0.007292898427151        0.006676603268462
        0.733333333333333        0.533333333333333       -0.012097943346610       -0.006315835305132        0.005782108041478
        0.766666666666667        0.566666666666667       -0.006984750847806       -0.003646449213575        0.003338301634231
        0.700000000000000        0.600000000000000       -0.000000000000000       -0.000000000000000        0.000000000000000
        0.733333333333333        0.633333333333333        0.006262356289348        0.003269316925398        0.002993039363950
        0.766666666666667        0.666666666666667        0.013493502468181        0.007044398939288        0.006449103528893
        0.700000000000000        0.700000000000000        0.013969501695613        0.007292898427151        0.006676603268462
        0.733333333333333        0.733333333333333        0.020954252543419        0.010939347640726        0.010014904902692
        0.766666666666667        0.766666666666667        0.026067445042223        0.013608733732283        0.012458711309940
        0.700000000000000        0.800000000000000        0.019755858757529        0.010313715864686        0.009442142892843
        0.733333333333333        0.833333333333333        0.023371431846946        0.012201256871631        0.011170174975315
        0.766666666666667        0.866666666666667        0.023371431846946        0.012201256871631        0.011170174975315
        0.700000000000000        0.900000000000000        0.013969501695613        0.007292898427151        0.006676603268462
        0.733333333333333        0.933333333333333        0.012097943346610        0.006315835305132        0.005782108041478
        0.766666666666667        0.966666666666667        0.006984750847806        0.003646449213575        0.003338301634231
        0.700000000000000        1.000000000000000        0.000000000000000        0.000000000000000        0.000000000000000
        0.733333333333333        1.033333333333333       -0.006262356289348       -0.003269316925398        0.002993039363950
        0.766666666666667        1.066666666666667       -0.013493502468181       -0.007044398939288        0.006449103528893
        0.800000000000000        0.000000000000000        0.027939003391225        0.014585796854302        0.013353206536923
        0.833333333333333        0.033333333333333        0.026067445042223        0.013608733732283        0.012458711309940
        0.866666666666667        0.066666666666667        0.020954252543419        0.010939347640726        0.010014904902692
        0.800000000000000        0.100000000000000        0.019755858757529        0.010313715864686        0.009442142892843
        0.833333333333333        0.133333333333333        0.013493502468181        0.007044398939288        0.006449103528893
        0.866666666666667        0.166666666666667        0.006262356289348        0.003269316925398        0.002993039363950
        0.800000000000000        0.200000000000000        0.000000000000000        0.000000000000000        0.000000000000000
        0.833333333333333        0.233333333333333       -0.006984750847806       -0.003646449213575        0.003338301634231
        0.866666666666667        0.266666666666667       -0.012097943346610       -0.006315835305132        0.005782108041478
        0.800000000000000        0.300000000000000       -0.019755858757529       -0.010313715864686        0.009442142892843
        0.833333333333333        0.333333333333333       -0.023371431846946       -0.012201256871631        0.011170174975315
        0.866666666666667        0.366666666666667       -0.023371431846946       -0.012201256871631        0.011170174975315
        0.800000000000000        0.400000000000000       -0.027939003391225       -0.014585796854302        0.013353206536923
        0.833333333333333        0.433333333333333       -0.026067445042223       -0.013608733732283        0.012458711309940
        0.866666666666667        0.466666666666667       -0.020954252543419       -0.010939347640726        0.010014904902692
        0.800000000000000        0.500000000000000       -0.019755858757529       -0.010313715864686        0.009442142892843
        0.833333333333333        0.533333333333333       -0.013493502468181       -0.007044398939288        0.006449103528893
        0.866666666666667        0.566666666666667       -0.006262356289348       -0.003269316925398        0.002993039363950
        0.800000000000000        0.600000000000000       -0.000000000000000       -0.000000000000000        0.000000000000000
        0.833333333333333        0.633333333333333        0.006984750847806        0.003646449213575        0.003338301634231
        0.866666666666667        0.666666666666667        0.012097943346610        0.006315835305132        0.005782108041478
        0.800000000000000        0.700000000000000        0.019755858757529        0.010313715864686        0.009442142892843
        0.833333333333333        0.733333333333333        0.023371431846946        0.012201256871631        0.011170174975315
        0.866666666666667        0.766666666666667        0.023371431846946        0.012201256871631        0.011170174975315
        0.800000000000000        0.800000000000000        0.027939003391225        0.014585796854302        0.013353206536923
        0.833333333333333        0.833333333333333        0.026067445042223        0.013608733732283        0.012458711309940
        0.866666666666667        0.866666666666667        0.020954252543419        0.010939347640726        0.010014904902692
        0.800000000000000        0.900000000000000        0.019755858757529        0.010313715864686        0.009442142892843
        0.833333333333333        0.933333333333333        0.013493502468181        0.007044398939288        0.006449103528893
        0.866666666666667        0.966666666666667        0.006262356289348        0.003269316925398        0.002993039363950
        0.800000000000000        1.000000000000000        0.000000000000000        0.000000000000000        0.000000000000000
        0.833333333333333        1.033333333333333       -0.006984750847806       -0.003646449213575        0.003338301634231
        0.866666666666667        1.066666666666667       -0.012097943346610       -0.006315835305132        0.005782108041478
        0.900000000000000        0.000000000000000        0.019755858757529        0.010313715864686        0.009442142892843
        0.933333333333333        0.033333333333333        0.013493502468181        0.007044398939288        0.006449103528893
        0.966666666666667        0.066666666666667        0.006262356289348        0.003269316925398        0.002993039363950
        0.900000000000000        0.100000000000000        0.013969501695613        0.007292898427151        0.006676603268462
        0.933333333333333        0.133333333333333        0.006984750847806        0.003646449213575        0.003338301634231
        0.966666666666667        0.166666666666667        0.001871558349002        0.000977063122019        0.000894495226984
        0.900000000000000        0.200000000000000        0.000000000000000        0.000000000000000        0.000000000000000
        0.933333333333333        0.233333333333333       -0.003615573089416       -0.001887541006945        0.001728032082472
        0.966666666666667        0.266666666666667       -0.003615573089416       -0.001887541006945        0.001728032082472
        0.900000000000000        0.300000000000000       -0.013969501695613       -0.007292898427151        0.006676603268462
        0.933333333333333        0.333333333333333       -0.012097943346610       -0.006315835305132        0.005782108041478
        0.966666666666667        0.366666666666667       -0.006984750847806       -0.003646449213575        0.003338301634231
        0.900000000000000        0.400000000000000       -0.019755858757529       -0.010313715864686        0.009442142892843
        0.933333333333333        0.433333333333333       -0.013493502468181       -0.007044398939288        0.006449103528893
        0.966666666666667        0.466666666666667       -0.006262356289348       -0.003269316925398        0.002993039363950
        0.900000000000000        0.500000000000000       -0.013969501695613       -0.007292898427151        0.006676603268462
        0.933333333333333        0.533333333333333       -0.006984750847806       -0.003646449213575        0.003338301634231
        0.966666666666667        0.566666666666667       -0.001871558349002       -0.000977063122019        0.000894495226984
        0.900000000000000        0.600000000000000       -0.000000000000000       -0.000000000000000        0.000000000000000
        0.933333333333333        0.633333333333333        0.003615573089416        0.001887541006945        0.001728032082472
        0.966666666666667        0.666666666666667        0.003615573089416        0.001887541006945        0.001728032082472
        0.900000000000000        0.700000000000000        0.013969501695613        0.007292898427151        0.006676603268462
        0.933333333333333        0.733333333333333        0.012097943346610        0.006315835305132        0.005782108041478
        0.966666666666667        0.766666666666667        0.006984750847806        0.003646449213575        0.003338301634231
        0.900000000000000        0.800000000000000        0.019755858757529        0.010313715864686        0.009442142892843
        0.933333333333333        0.833333333333333        0.013493502468181        0.007044398939288        0.006449103528893
        0.966666666666667        0.866666666666667        0.006262356289348        0.003269316925398        0.002993039363950
        0.900000000000000        0.900000000000000        0.013969501695613        0.007292898427151        0.006676603268462
        0.933333333333333        0.933333333333333        0.006984750847806        0.003646449213575        0.003338301634231
        0.966666666666667        0.966666666666667        0.001871558349002        0.000977063122019        0.000894495226984
        0.900000000000000        1.000000000000000        0.000000000000000        0.000000000000000        0.000000000000000
        0.933333333333333        1.033333333333333       -0.003615573089416       -0.001887541006945        0.001728032082472
        0.966666666666667        1.066666666666667       -0.003615573089416       -0.001887541006945        0.001728032082472
        1.000000000000000        0.000000000000000        0.000000000000000        0.000000000000000        0.000000000000000
        1.033333333333333        0.033333333333333       -0.006984750847806       -0.003646449213575        0.003338301634231
        1.066666666666667        0.066666666666667       -0.012097943346610       -0.006315835305132        0.005782108041478
        1.000000000000000        0.100000000000000        0.000000000000000        0.000000000000000        0.000000000000000
        1.033333333333333        0.133333333333333       -0.003615573089416       -0.001887541006945        0.001728032082472
        1.066666666666667        0.166666666666667       -0.003615573089416       -0.001887541006945        0.001728032082472
        1.000000000000000        0.200000000000000        0.000000000000000        0.000000000000000        0.000000000000000
        1.033333333333333        0.233333333333333        0.001871558349002        0.000977063122019        0.000894495226984
        1.066666666666667        0.266666666666667        0.006984750847806        0.003646449213575        0.003338301634231
        1.000000000000000        0.300000000000000       -0.000000000000000       -0.000000000000000        0.000000000000000
        1.033333333333333        0.333333333333333        0.006262356289348        0.003269316925398        0.002993039363950
        1.066666666666667        0.366666666666667        0.013493502468181        0.007044398939288        0.006449103528893
        1.000000000000000        0.400000000000000       -0.000000000000000       -0.000000000000000        0.000000000000000
        1.033333333333333        0.433333333333333        0.006984750847806        0.003646449213575        0.003338301634231
        1.066666666666667        0.466666666666667        0.012097943346610        0.006315835305132        0.005782108041478
        1.000000000000000        0.500000000000000       -0.000000000000000       -0.000000000000000        0.000000000000000
        1.033333333333333        0.533333333333333        0.003615573089416        0.001887541006945        0.001728032082472
        1.066666666666667        0.566666666666667        0.003615573089416        0.001887541006945        0.001728032082472
        1.000000000000000        0.600000000000000       -0.000000000000000       -0.000000000000000        0.000000000000000
        1.033333333333333        0.633333333333333       -0.001871558349002       -0.000977063122019        0.000894495226984
        1.066666666666667        0.666666666666667       -0.006984750847806       -0.003646449213575        0.003338301634231
        1.000000000000000        0.700000000000000        0.000000000000000        0.000000000000000        0.000000000000000
        1.033333333333333        0.733333333333333       -0.006262356289348       -0.003269316925398        0.002993039363950
        1.066666666666667        0.766666666666667       -0.013493502468181       -0.007044398939288        0.006449103528893
        1.000000000000000        0.800000000000000        0.000000000000000        0.000000000000000        0.000000000000000
        1.033333333333333        0.833333333333333       -0.006984750847806       -0.003646449213575        0.003338301634231
        1.066666666666667        0.866666666666667       -0.012097943346610       -0.006315835305132        0.005782108041478
        1.000000000000000        0.900000000000000        0.000000000000000        0.000000000000000        0.000000000000000
        1.033333333333333        0.933333333333333       -0.003615573089416       -0.001887541006945        0.001728032082472
        1.066666666666667        0.966666666666667       -0.003615573089416       -0.001887541006945        0.001728032082472
        1.000000000000000        1.000000000000000        0.000000000000000        0.000000000000000        0.000000000000000
        1.033333333333333        1.033333333333333        0.001871558349002        0.000977063122019        0.000894495226984
        1.066666666666667        1.066666666666667        0.006984750847806        0.003646449213575        0.003338301634231
