        0.000000000000000        0.000000000000000       21.469008171493468       21.469008171493492        0.000000000000024
        0.033333333333333        0.033333333333333       20.030857321031256       20.030857321031273        0.000000000000017
        0.066666666666667        0.066666666666667       16.101756128620102       16.101756128620104        0.000000000000002
        0.000000000000000        0.100000000000000       15.180881263412433       15.180881263412436        0.000000000000003
        0.033333333333333        0.133333333333333       10.368734728828294       10.368734728828291        0.000000000000004
        0.066666666666667        0.166666666666667        4.812146534584140        4.812146534584135        0.000000000000005
        0.000000000000000        0.200000000000000        0.000000000000001        0.000000000000000        0.000000000000001
        0.033333333333333        0.233333333333333       -5.367252042873366       -5.367252042873366        0.000000000000000
        0.066666666666667        0.266666666666667       -9.296353235284521       -9.296353235284518        0.000000000000002
        0.000000000000000        0.300000000000000      -15.180881263412431      -15.180881263412438        0.000000000000006
        0.033333333333333        0.333333333333333      -17.959175360534509      -17.959175360534516        0.000000000000007
        0.066666666666667        0.366666666666667      -17.959175360534510      -17.959175360534511        0.000000000000001
        0.000000000000000        0.400000000000000      -21.469008171493468      -21.469008171493480        0.000000000000012
        0.033333333333333        0.433333333333333      -20.030857321031257      -20.030857321031265        0.000000000000009
        0.066666666666667        0.466666666666667      -16.101756128620103      -16.101756128620106        0.000000000000003
        0.000000000000000        0.500000000000000      -15.180881263412435      -15.180881263412447        0.000000000000012
        0.033333333333333        0.533333333333333      -10.368734728828297      -10.368734728828305        0.000000000000008
        0.066666666666667        0.566666666666667       -4.812146534584142       -4.812146534584144        0.000000000000002
        0.000000000000000        0.600000000000000       -0.000000000000004       -0.000000000000003        0.000000000000001
        0.033333333333333        0.633333333333333        5.367252042873363        5.367252042873368        0.000000000000005
        0.066666666666667        0.666666666666667        9.296353235284519        9.296353235284521        0.000000000000003
        0.000000000000000        0.700000000000000       15.180881263412429       15.180881263412439        0.000000000000010
        0.033333333333333        0.733333333333333       17.959175360534508       17.959175360534516        0.000000000000008
        0.066666666666667        0.766666666666667       17.959175360534509       17.959175360534512        0.000000000000003
        0.000000000000000        0.800000000000000       21.469008171493468       21.469008171493483        0.000000000000015
        0.033333333333333        0.833333333333333       20.030857321031257       20.030857321031268        0.000000000000011
        0.066666666666667        0.866666666666667       16.101756128620104       16.101756128620105        0.000000000000001
        0.000000000000000        0.900000000000000       15.180881263412437       15.180881263412441        0.000000000000005
        0.033333333333333        0.933333333333333       10.368734728828299       10.368734728828298        0.000000000000001
        0.066666666666667        0.966666666666667        4.812146534584144        4.812146534584141        0.000000000000003
        0.000000000000000        1.000000000000000        0.000000000000007        0.000000000000007        0.000000000000000
        0.033333333333333        1.033333333333333       -5.367252042873361       -5.367252042873359        0.000000000000002
        0.066666666666667        1.066666666666667       -9.296353235284517       -9.296353235284512        0.000000000000004
        0.100000000000000        0.000000000000000       15.180881263412433       15.180881263412436        0.000000000000003
        0.133333333333333        0.033333333333333       10.368734728828294       10.368734728828291        0.000000000000004
        0.166666666666667        0.066666666666667        4.812146534584140        4.812146534584135        0.000000000000005
        0.100000000000000        0.100000000000000       10.734504085746735       10.734504085746726        0.000000000000008
        0.133333333333333        0.133333333333333        5.367252042873368        5.367252042873359        0.000000000000009
        0.166666666666667        0.166666666666667        1.438150850462213        1.438150850462210        0.000000000000003
        0.100000000000000        0.200000000000000        0.000000000000001        0.000000000000000        0.000000000000001
        0.133333333333333        0.233333333333333       -2.778294097122077       -2.778294097122073        0.000000000000003
        0.166666666666667        0.266666666666667       -2.778294097122078       -2.778294097122074        0.000000000000004
        0.100000000000000        0.300000000000000      -10.734504085746734      -10.734504085746728        0.000000000000006
        0.133333333333333        0.333333333333333       -9.296353235284522       -9.296353235284514        0.000000000000008
        0.166666666666667        0.366666666666667       -5.367252042873368       -5.367252042873362        0.000000000000006
        0.100000000000000        0.400000000000000      -15.180881263412433      -15.180881263412427        0.000000000000006
        0.133333333333333        0.433333333333333      -10.368734728828295      -10.368734728828287        0.000000000000008
        0.166666666666667        0.466666666666667       -4.812146534584140       -4.812146534584135        0.000000000000005
        0.100000000000000        0.500000000000000      -10.734504085746736      -10.734504085746735        0.000000000000002
        0.133333333333333        0.533333333333333       -5.367252042873369       -5.367252042873367        0.000000000000002
        0.166666666666667        0.566666666666667       -1.438150850462214       -1.438150850462212        0.000000000000001
        0.100000000000000        0.600000000000000       -0.000000000000003       -0.000000000000002        0.000000000000000
        0.133333333333333        0.633333333333333        2.778294097122076        2.778294097122075        0.000000000000001
        0.166666666666667        0.666666666666667        2.778294097122077        2.778294097122075        0.000000000000002
        0.100000000000000        0.700000000000000       10.734504085746732       10.734504085746729        0.000000000000003
        0.133333333333333        0.733333333333333        9.296353235284521        9.296353235284514        0.000000000000007
        0.166666666666667        0.766666666666667        5.367252042873368        5.367252042873362        0.000000000000006
        0.100000000000000        0.800000000000000       15.180881263412433       15.180881263412429        0.000000000000004
        0.133333333333333        0.833333333333333       10.368734728828295       10.368734728828288        0.000000000000007
        0.166666666666667        0.866666666666667        4.812146534584141        4.812146534584135        0.000000000000005
        0.100000000000000        0.900000000000000       10.734504085746737       10.734504085746731        0.000000000000007
        0.133333333333333        0.933333333333333        5.367252042873370        5.367252042873363        0.000000000000007
        0.166666666666667        0.966666666666667        1.438150850462214        1.438150850462211        0.000000000000003
        0.100000000000000        1.000000000000000        0.000000000000005        0.000000000000005        0.000000000000000
        0.133333333333333        1.033333333333333       -2.778294097122074       -2.778294097122070        0.000000000000004
        0.166666666666667        1.066666666666667       -2.778294097122076       -2.778294097122072        0.000000000000005
        0.200000000000000        0.000000000000000        0.000000000000001        0.000000000000000        0.000000000000001
        0.233333333333333        0.033333333333333       -5.367252042873366       -5.367252042873366        0.000000000000000
        0.266666666666667        0.066666666666667       -9.296353235284521       -9.296353235284518        0.000000000000002
        0.200000000000000        0.100000000000000        0.000000000000001        0.000000000000000        0.000000000000001
        0.233333333333333        0.133333333333333       -2.778294097122077       -2.778294097122073        0.000000000000003
        0.266666666666667        0.166666666666667       -2.778294097122078       -2.778294097122074        0.000000000000004
        0.200000000000000        0.200000000000000        0.000000000000000        0.000000000000000        0.000000000000000
        0.233333333333333        0.233333333333333        1.438150850462212        1.438150850462210        0.000000000000001
        0.266666666666667        0.266666666666667        5.367252042873366        5.367252042873362        0.000000000000003
        0.200000000000000        0.300000000000000       -0.000000000000001       -0.000000000000000        0.000000000000001
        0.233333333333333        0.333333333333333        4.812146534584137        4.812146534584135        0.000000000000002
        0.266666666666667        0.366666666666667       10.368734728828292       10.368734728828288        0.000000000000004
        0.200000000000000        0.400000000000000       -0.000000000000001       -0.000000000000000        0.000000000000001
        0.233333333333333        0.433333333333333        5.367252042873366        5.367252042873363        0.000000000000002
        0.266666666666667        0.466666666666667        9.296353235284521        9.296353235284519        0.000000000000002
        0.200000000000000        0.500000000000000       -0.000000000000001       -0.000000000000000        0.000000000000001
        0.233333333333333        0.533333333333333        2.778294097122077        2.778294097122077        0.000000000000000
        0.266666666666667        0.566666666666667        2.778294097122079        2.778294097122079        0.000000000000000
        0.200000000000000        0.600000000000000       -0.000000000000000       -0.000000000000000        0.000000000000000
        0.233333333333333        0.633333333333333       -1.438150850462211       -1.438150850462211        0.000000000000000
        0.266666666666667        0.666666666666667       -5.367252042873364       -5.367252042873364        0.000000000000000
        0.200000000000000        0.700000000000000        0.000000000000001        0.000000000000000        0.000000000000001
        0.233333333333333        0.733333333333333       -4.812146534584137       -4.812146534584135        0.000000000000002
        0.266666666666667        0.766666666666667      -10.368734728828292      -10.368734728828289        0.000000000000003
        0.200000000000000        0.800000000000000        0.000000000000001        0.000000000000000        0.000000000000001
        0.233333333333333        0.833333333333333       -5.367252042873366       -5.367252042873364        0.000000000000002
        0.266666666666667        0.866666666666667       -9.296353235284522       -9.296353235284519        0.000000000000003
        0.200000000000000        0.900000000000000        0.000000000000001        0.000000000000000        0.000000000000001
        0.233333333333333        0.933333333333333       -2.778294097122078       -2.778294097122075        0.000000000000003
        0.266666666666667        0.966666666666667       -2.778294097122080       -2.778294097122077        0.000000000000003
        0.200000000000000        1.000000000000000        0.000000000000000        0.000000000000000        0.000000000000000
        0.233333333333333        1.033333333333333        1.438150850462210        1.438150850462208        0.000000000000002
        0.266666666666667        1.066666666666667        5.367252042873363        5.367252042873359        0.000000000000005
        0.300000000000000        0.000000000000000      -15.180881263412431      -15.180881263412438        0.000000000000006
        0.333333333333333        0.033333333333333      -17.959175360534509      -17.959175360534516        0.000000000000007
        0.366666666666667        0.066666666666667      -17.959175360534510      -17.959175360534511        0.000000000000001
        0.300000000000000        0.100000000000000      -10.734504085746734      -10.734504085746728        0.000000000000006
        0.333333333333333        0.133333333333333       -9.296353235284522       -9.296353235284514        0.000000000000008
        0.366666666666667        0.166666666666667       -5.367252042873368       -5.367252042873362        0.000000000000006
        0.300000000000000        0.200000000000000       -0.000000000000001       -0.000000000000000        0.000000000000001
        0.333333333333333        0.233333333333333        4.812146534584137        4.812146534584135        0.000000000000002
        0.366666666666667        0.266666666666667       10.368734728828292       10.368734728828288        0.000000000000004
        0.300000000000000        0.300000000000000       10.734504085746732       10.734504085746729        0.000000000000003
        0.333333333333333        0.333333333333333       16.101756128620099       16.101756128620098        0.000000000000001
        0.366666666666667        0.366666666666667       20.030857321031255       20.030857321031254        0.000000000000001
        0.300000000000000        0.400000000000000       15.180881263412431       15.180881263412429        0.000000000000003
        0.333333333333333        0.433333333333333       17.959175360534510       17.959175360534509        0.000000000000001
        0.366666666666667        0.466666666666667       17.959175360534511       17.959175360534513        0.000000000000002
        0.300000000000000        0.500000000000000       10.734504085746735       10.734504085746736        0.000000000000001
        0.333333333333333        0.533333333333333        9.296353235284524        9.296353235284527        0.000000000000003
        0.366666666666667        0.566666666666667        5.367252042873370        5.367252042873372        0.000000000000002
        0.300000000000000        0.600000000000000        0.000000000000003        0.000000000000002        0.000000000000000
        0.333333333333333        0.633333333333333       -4.812146534584135       -4.812146534584137        0.000000000000002
        0.366666666666667        0.666666666666667      -10.368734728828290      -10.368734728828292        0.000000000000002
        0.300000000000000        0.700000000000000      -10.734504085746731      -10.734504085746730        0.000000000000001
        0.333333333333333        0.733333333333333      -16.101756128620098      -16.101756128620098        0.000000000000000
        0.366666666666667        0.766666666666667      -20.030857321031254      -20.030857321031255        0.000000000000001
        0.300000000000000        0.800000000000000      -15.180881263412431      -15.180881263412431        0.000000000000000
        0.333333333333333        0.833333333333333      -17.959175360534510      -17.959175360534511        0.000000000000001
        0.366666666666667        0.866666666666667      -17.959175360534512      -17.959175360534511        0.000000000000001
        0.300000000000000        0.900000000000000      -10.734504085746736      -10.734504085746732        0.000000000000004
        0.333333333333333        0.933333333333333       -9.296353235284526       -9.296353235284521        0.000000000000005
        0.366666666666667        0.966666666666667       -5.367252042873373       -5.367252042873369        0.000000000000004
        0.300000000000000        1.000000000000000       -0.000000000000005       -0.000000000000005        0.000000000000000
        0.333333333333333        1.033333333333333        4.812146534584133        4.812146534584129        0.000000000000004
        0.366666666666667        1.066666666666667       10.368734728828288       10.368734728828282        0.000000000000006
        0.400000000000000        0.000000000000000      -21.469008171493468      -21.469008171493480        0.000000000000012
        0.433333333333333        0.033333333333333      -20.030857321031257      -20.030857321031265        0.000000000000009
        0.466666666666667        0.066666666666667      -16.101756128620103      -16.101756128620106        0.000000000000003
        0.400000000000000        0.100000000000000      -15.180881263412433      -15.180881263412427        0.000000000000006
        0.433333333333333        0.133333333333333      -10.368734728828295      -10.368734728828287        0.000000000000008
        0.466666666666667        0.166666666666667       -4.812146534584140       -4.812146534584135        0.000000000000005
        0.400000000000000        0.200000000000000       -0.000000000000001       -0.000000000000000        0.000000000000001
        0.433333333333333        0.233333333333333        5.367252042873366        5.367252042873363        0.000000000000002
        0.466666666666667        0.266666666666667        9.296353235284521        9.296353235284519        0.000000000000002
        0.400000000000000        0.300000000000000       15.180881263412431       15.180881263412429        0.000000000000003
        0.433333333333333        0.333333333333333       17.959175360534510       17.959175360534509        0.000000000000001
        0.466666666666667        0.366666666666667       17.959175360534511       17.959175360534513        0.000000000000002
        0.400000000000000        0.400000000000000       21.469008171493468       21.469008171493467        0.000000000000001
        0.433333333333333        0.433333333333333       20.030857321031257       20.030857321031258        0.000000000000000
        0.466666666666667        0.466666666666667       16.101756128620104       16.101756128620107        0.000000000000003
        0.400000000000000        0.500000000000000       15.180881263412435       15.180881263412438        0.000000000000003
        0.433333333333333        0.533333333333333       10.368734728828297       10.368734728828301        0.000000000000004
        0.466666666666667        0.566666666666667        4.812146534584142        4.812146534584145        0.000000000000002
        0.400000000000000        0.600000000000000        0.000000000000004        0.000000000000003        0.000000000000001
        0.433333333333333        0.633333333333333       -5.367252042873363       -5.367252042873366        0.000000000000002
        0.466666666666667        0.666666666666667       -9.296353235284519       -9.296353235284523        0.000000000000003
        0.400000000000000        0.700000000000000      -15.180881263412429      -15.180881263412431        0.000000000000001
        0.433333333333333        0.733333333333333      -17.959175360534508      -17.959175360534509        0.000000000000001
        0.466666666666667        0.766666666666667      -17.959175360534510      -17.959175360534514        0.000000000000003
        0.400000000000000        0.800000000000000      -21.469008171493468      -21.469008171493470        0.000000000000002
        0.433333333333333        0.833333333333333      -20.030857321031258      -20.030857321031260        0.000000000000002
        0.466666666666667        0.866666666666667      -16.101756128620105      -16.101756128620106        0.000000000000001
        0.400000000000000        0.900000000000000      -15.180881263412437      -15.180881263412433        0.000000000000004
        0.433333333333333        0.933333333333333      -10.368734728828299      -10.368734728828294        0.000000000000005
        0.466666666666667        0.966666666666667       -4.812146534584145       -4.812146534584142        0.000000000000003
        0.400000000000000        1.000000000000000       -0.000000000000007       -0.000000000000007        0.000000000000000
        0.433333333333333        1.033333333333333        5.367252042873361        5.367252042873357        0.000000000000004
        0.466666666666667        1.066666666666667        9.296353235284517        9.296353235284513        0.000000000000004
        0.500000000000000        0.000000000000000      -15.180881263412435      -15.180881263412447        0.000000000000012
        0.533333333333333        0.033333333333333      -10.368734728828297      -10.368734728828305        0.000000000000008
        0.566666666666667        0.066666666666667       -4.812146534584142       -4.812146534584144        0.000000000000002
        0.500000000000000        0.100000000000000      -10.734504085746736      -10.734504085746735        0.000000000000002
        0.533333333333333        0.133333333333333       -5.367252042873369       -5.367252042873367        0.000000000000002
        0.566666666666667        0.166666666666667       -1.438150850462214       -1.438150850462212        0.000000000000001
        0.500000000000000        0.200000000000000       -0.000000000000001       -0.000000000000000        0.000000000000001
        0.533333333333333        0.233333333333333        2.778294097122077        2.778294097122077        0.000000000000000
        0.566666666666667        0.266666666666667        2.778294097122079        2.778294097122079        0.000000000000000
        0.500000000000000        0.300000000000000       10.734504085746735       10.734504085746736        0.000000000000001
        0.533333333333333        0.333333333333333        9.296353235284524        9.296353235284527        0.000000000000003
        0.566666666666667        0.366666666666667        5.367252042873370        5.367252042873372        0.000000000000002
        0.500000000000000        0.400000000000000       15.180881263412435       15.180881263412438        0.000000000000003
        0.533333333333333        0.433333333333333       10.368734728828297       10.368734728828301        0.000000000000004
        0.566666666666667        0.466666666666667        4.812146534584142        4.812146534584145        0.000000000000002
        0.500000000000000        0.500000000000000       10.734504085746737       10.734504085746743        0.000000000000005
        0.533333333333333        0.533333333333333        5.367252042873370        5.367252042873374        0.000000000000004
        0.566666666666667        0.566666666666667        1.438150850462214        1.438150850462215        0.000000000000001
        0.500000000000000        0.600000000000000        0.000000000000003        0.000000000000002        0.000000000000000
        0.533333333333333        0.633333333333333       -2.778294097122076       -2.778294097122078        0.000000000000002
        0.566666666666667        0.666666666666667       -2.778294097122078       -2.778294097122080        0.000000000000002
        0.500000000000000        0.700000000000000      -10.734504085746734      -10.734504085746737        0.000000000000004
        0.533333333333333        0.733333333333333       -9.296353235284523       -9.296353235284527        0.000000000000004
        0.566666666666667        0.766666666666667       -5.367252042873370       -5.367252042873373        0.000000000000003
        0.500000000000000        0.800000000000000      -15.180881263412435      -15.180881263412441        0.000000000000006
        0.533333333333333        0.833333333333333      -10.368734728828297      -10.368734728828302        0.000000000000005
        0.566666666666667        0.866666666666667       -4.812146534584143       -4.812146534584145        0.000000000000002
        0.500000000000000        0.900000000000000      -10.734504085746739      -10.734504085746739        0.000000000000000
        0.533333333333333        0.933333333333333       -5.367252042873371       -5.367252042873370        0.000000000000001
        0.566666666666667        0.966666666666667       -1.438150850462215       -1.438150850462214        0.000000000000001
        0.500000000000000        1.000000000000000       -0.000000000000005       -0.000000000000005        0.000000000000000
        0.533333333333333        1.033333333333333        2.778294097122075        2.778294097122074        0.000000000000001
        0.566666666666667        1.066666666666667        2.778294097122078        2.778294097122077        0.000000000000000
        0.600000000000000        0.000000000000000       -0.000000000000004       -0.000000000000003        0.000000000000001
        0.633333333333333        0.033333333333333        5.367252042873363        5.367252042873368        0.000000000000005
        0.666666666666667        0.066666666666667        9.296353235284519        9.296353235284521        0.000000000000003
        0.600000000000000        0.100000000000000       -0.000000000000003       -0.000000000000002        0.000000000000000
        0.633333333333333        0.133333333333333        2.778294097122076        2.778294097122075        0.000000000000001
        0.666666666666667        0.166666666666667        2.778294097122077        2.778294097122075        0.000000000000002
        0.600000000000000        0.200000000000000       -0.000000000000000       -0.000000000000000        0.000000000000000
        0.633333333333333        0.233333333333333       -1.438150850462211       -1.438150850462211        0.000000000000000
        0.666666666666667        0.266666666666667       -5.367252042873364       -5.367252042873364        0.000000000000000
        0.600000000000000        0.300000000000000        0.000000000000003        0.000000000000002        0.000000000000000
        0.633333333333333        0.333333333333333       -4.812146534584135       -4.812146534584137        0.000000000000002
        0.666666666666667        0.366666666666667      -10.368734728828290      -10.368734728828292        0.000000000000002
        0.600000000000000        0.400000000000000        0.000000000000004        0.000000000000003        0.000000000000001
        0.633333333333333        0.433333333333333       -5.367252042873363       -5.367252042873366        0.000000000000002
        0.666666666666667        0.466666666666667       -9.296353235284519       -9.296353235284523        0.000000000000003
        0.600000000000000        0.500000000000000        0.000000000000003        0.000000000000002        0.000000000000000
        0.633333333333333        0.533333333333333       -2.778294097122076       -2.778294097122078        0.000000000000002
        0.666666666666667        0.566666666666667       -2.778294097122078       -2.778294097122080        0.000000000000002
        0.600000000000000        0.600000000000000        0.000000000000000        0.000000000000000        0.000000000000000
        0.633333333333333        0.633333333333333        1.438150850462210        1.438150850462211        0.000000000000001
        0.666666666666667        0.666666666666667        5.367252042873363        5.367252042873366        0.000000000000003
        0.600000000000000        0.700000000000000       -0.000000000000003       -0.000000000000002        0.000000000000000
        0.633333333333333        0.733333333333333        4.812146534584135        4.812146534584137        0.000000000000002
        0.666666666666667        0.766666666666667       10.368734728828289       10.368734728828293        0.000000000000003
        0.600000000000000        0.800000000000000       -0.000000000000004       -0.000000000000003        0.000000000000001
        0.633333333333333        0.833333333333333        5.367252042873364        5.367252042873367        0.000000000000003
        0.666666666666667        0.866666666666667        9.296353235284520        9.296353235284522        0.000000000000002
        0.600000000000000        0.900000000000000       -0.000000000000003       -0.000000000000002        0.000000000000000
        0.633333333333333        0.933333333333333        2.778294097122077        2.778294097122077        0.000000000000000
        0.666666666666667        0.966666666666667        2.778294097122079        2.778294097122078        0.000000000000001
        0.600000000000000        1.000000000000000       -0.000000000000000       -0.000000000000000        0.000000000000000
        0.633333333333333        1.033333333333333       -1.438150850462210       -1.438150850462209        0.000000000000000
        0.666666666666667        1.066666666666667       -5.367252042873362       -5.367252042873361        0.000000000000002
        0.700000000000000        0.000000000000000       15.180881263412429       15.180881263412439        0.000000000000010
        0.733333333333333        0.033333333333333       17.959175360534508       17.959175360534516        0.000000000000008
        0.766666666666667        0.066666666666667       17.959175360534509       17.959175360534512        0.000000000000003
        0.700000000000000        0.100000000000000       10.734504085746732       10.734504085746729        0.000000000000003
        0.733333333333333        0.133333333333333        9.296353235284521        9.296353235284514        0.000000000000007
        0.766666666666667        0.166666666666667        5.367252042873368        5.367252042873362        0.000000000000006
        0.700000000000000        0.200000000000000        0.000000000000001        0.000000000000000        0.000000000000001
        0.733333333333333        0.233333333333333       -4.812146534584137       -4.812146534584135        0.000000000000002
        0.766666666666667        0.266666666666667      -10.368734728828292      -10.368734728828289        0.000000000000003
        0.700000000000000        0.300000000000000      -10.734504085746731      -10.734504085746730        0.000000000000001
        0.733333333333333        0.333333333333333      -16.101756128620098      -16.101756128620098        0.000000000000000
        0.766666666666667        0.366666666666667      -20.030857321031254      -20.030857321031255        0.000000000000001
        0.700000000000000        0.400000000000000      -15.180881263412429      -15.180881263412431        0.000000000000001
        0.733333333333333        0.433333333333333      -17.959175360534508      -17.959175360534509        0.000000000000001
        0.766666666666667        0.466666666666667      -17.959175360534510      -17.959175360534514        0.000000000000003
        0.700000000000000        0.500000000000000      -10.734504085746734      -10.734504085746737        0.000000000000004
        0.733333333333333        0.533333333333333       -9.296353235284523       -9.296353235284527        0.000000000000004
        0.766666666666667        0.566666666666667       -5.367252042873370       -5.367252042873373        0.000000000000003
        0.700000000000000        0.600000000000000       -0.000000000000003       -0.000000000000002        0.000000000000000
        0.733333333333333        0.633333333333333        4.812146534584135        4.812146534584137        0.000000000000002
        0.766666666666667        0.666666666666667       10.368734728828289       10.368734728828293        0.000000000000003
        0.700000000000000        0.700000000000000       10.734504085746730       10.734504085746732        0.000000000000002
        0.733333333333333        0.733333333333333       16.101756128620097       16.101756128620099        0.000000000000002
        0.766666666666667        0.766666666666667       20.030857321031254       20.030857321031257        0.000000000000003
        0.700000000000000        0.800000000000000       15.180881263412429       15.180881263412433        0.000000000000003
        0.733333333333333        0.833333333333333       17.959175360534509       17.959175360534512        0.000000000000003
        0.766666666666667        0.866666666666667       17.959175360534512       17.959175360534513        0.000000000000001
        0.700000000000000        0.900000000000000       10.734504085746735       10.734504085746733        0.000000000000002
        0.733333333333333        0.933333333333333        9.296353235284525        9.296353235284521        0.000000000000004
        0.766666666666667        0.966666666666667        5.367252042873373        5.367252042873369        0.000000000000004
        0.700000000000000        1.000000000000000        0.000000000000005        0.000000000000005        0.000000000000000
        0.733333333333333        1.033333333333333       -4.812146534584133       -4.812146534584129        0.000000000000003
        0.766666666666667        1.066666666666667      -10.368734728828287      -10.368734728828282        0.000000000000005
        0.800000000000000        0.000000000000000       21.469008171493468       21.469008171493483        0.000000000000015
        0.833333333333333        0.033333333333333       20.030857321031257       20.030857321031268        0.000000000000011
        0.866666666666667        0.066666666666667       16.101756128620104       16.101756128620105        0.000000000000001
        0.800000000000000        0.100000000000000       15.180881263412433       15.180881263412429        0.000000000000004
        0.833333333333333        0.133333333333333       10.368734728828295       10.368734728828288        0.000000000000007
        0.866666666666667        0.166666666666667        4.812146534584141        4.812146534584135        0.000000000000005
        0.800000000000000        0.200000000000000        0.000000000000001        0.000000000000000        0.000000000000001
        0.833333333333333        0.233333333333333       -5.367252042873366       -5.367252042873364        0.000000000000002
        0.866666666666667        0.266666666666667       -9.296353235284522       -9.296353235284519        0.000000000000003
        0.800000000000000        0.300000000000000      -15.180881263412431      -15.180881263412431        0.000000000000000
        0.833333333333333        0.333333333333333      -17.959175360534510      -17.959175360534511        0.000000000000001
        0.866666666666667        0.366666666666667      -17.959175360534512      -17.959175360534511        0.000000000000001
        0.800000000000000        0.400000000000000      -21.469008171493468      -21.469008171493470        0.000000000000002
        0.833333333333333        0.433333333333333      -20.030857321031258      -20.030857321031260        0.000000000000002
        0.866666666666667        0.466666666666667      -16.101756128620105      -16.101756128620106        0.000000000000001
        0.800000000000000        0.500000000000000      -15.180881263412435      -15.180881263412441        0.000000000000006
        0.833333333333333        0.533333333333333      -10.368734728828297      -10.368734728828302        0.000000000000005
        0.866666666666667        0.566666666666667       -4.812146534584143       -4.812146534584145        0.000000000000002
        0.800000000000000        0.600000000000000       -0.000000000000004       -0.000000000000003        0.000000000000001
        0.833333333333333        0.633333333333333        5.367252042873364        5.367252042873367        0.000000000000003
        0.866666666666667        0.666666666666667        9.296353235284520        9.296353235284522        0.000000000000002
        0.800000000000000        0.700000000000000       15.180881263412429       15.180881263412433        0.000000000000003
        0.833333333333333        0.733333333333333       17.959175360534509       17.959175360534512        0.000000000000003
        0.866666666666667        0.766666666666667       17.959175360534512       17.959175360534513        0.000000000000001
        0.800000000000000        0.800000000000000       21.469008171493468       21.469008171493473        0.000000000000005
        0.833333333333333        0.833333333333333       20.030857321031259       20.030857321031263        0.000000000000004
        0.866666666666667        0.866666666666667       16.101756128620106       16.101756128620105        0.000000000000001
        0.800000000000000        0.900000000000000       15.180881263412437       15.180881263412435        0.000000000000002
        0.833333333333333        0.933333333333333       10.368734728828300       10.368734728828295        0.000000000000004
        0.866666666666667        0.966666666666667        4.812146534584145        4.812146534584141        0.000000000000004
        0.800000000000000        1.000000000000000        0.000000000000007        0.000000000000007        0.000000000000000
        0.833333333333333        1.033333333333333       -5.367252042873361       -5.367252042873358        0.000000000000003
        0.866666666666667        1.066666666666667       -9.296353235284518       -9.296353235284513        0.000000000000005
        0.900000000000000        0.000000000000000       15.180881263412437       15.180881263412441        0.000000000000005
        0.933333333333333        0.033333333333333       10.368734728828299       10.368734728828298        0.000000000000001
        0.966666666666667        0.066666666666667        4.812146534584144        4.812146534584141        0.000000000000003
        0.900000000000000        0.100000000000000       10.734504085746737       10.734504085746731        0.000000000000007
        0.933333333333333        0.133333333333333        5.367252042873370        5.367252042873363        0.000000000000007
        0.966666666666667        0.166666666666667        1.438150850462214        1.438150850462211        0.000000000000003
        0.900000000000000        0.200000000000000        0.000000000000001        0.000000000000000        0.000000000000001
        0.933333333333333        0.233333333333333       -2.778294097122078       -2.778294097122075        0.000000000000003
        0.966666666666667        0.266666666666667       -2.778294097122080       -2.778294097122077        0.000000000000003
        0.900000000000000        0.300000000000000      -10.734504085746736      -10.734504085746732        0.000000000000004
        0.933333333333333        0.333333333333333       -9.296353235284526       -9.296353235284521        0.000000000000005
        0.966666666666667        0.366666666666667       -5.367252042873373       -5.367252042873369        0.000000000000004
        0.900000000000000        0.400000000000000      -15.180881263412437      -15.180881263412433        0.000000000000004
        0.933333333333333        0.433333333333333      -10.368734728828299      -10.368734728828294        0.000000000000005
        0.966666666666667        0.466666666666667       -4.812146534584145       -4.812146534584142        0.000000000000003
        0.900000000000000        0.500000000000000      -10.734504085746739      -10.734504085746739        0.000000000000000
        0.933333333333333        0.533333333333333       -5.367252042873371       -5.367252042873370        0.000000000000001
        0.966666666666667        0.566666666666667       -1.438150850462215       -1.438150850462214        0.000000000000001
        0.900000000000000        0.600000000000000       -0.000000000000003       -0.000000000000002        0.000000000000000
        0.933333333333333        0.633333333333333        2.778294097122077        2.778294097122077        0.000000000000000
        0.966666666666667        0.666666666666667        2.778294097122079        2.778294097122078        0.000000000000001
        0.900000000000000        0.700000000000000       10.734504085746735       10.734504085746733        0.000000000000002
        0.933333333333333        0.733333333333333        9.296353235284525        9.296353235284521        0.000000000000004
        0.966666666666667        0.766666666666667        5.367252042873373        5.367252042873369        0.000000000000004
        0.900000000000000        0.800000000000000       15.180881263412437       15.180881263412435        0.000000000000002
        0.933333333333333        0.833333333333333       10.368734728828300       10.368734728828295        0.000000000000004
        0.966666666666667        0.866666666666667        4.812146534584145        4.812146534584141        0.000000000000004
        0.900000000000000        0.900000000000000       10.734504085746740       10.734504085746735        0.000000000000005
        0.933333333333333        0.933333333333333        5.367252042873372        5.367252042873367        0.000000000000006
        0.966666666666667        0.966666666666667        1.438150850462215        1.438150850462213        0.000000000000002
        0.900000000000000        1.000000000000000        0.000000000000005        0.000000000000005        0.000000000000000
        0.933333333333333        1.033333333333333       -2.778294097122075       -2.778294097122072        0.000000000000004
        0.966666666666667        1.066666666666667       -2.778294097122079       -2.778294097122075        0.000000000000004
        1.000000000000000        0.000000000000000        0.000000000000007        0.000000000000007        0.000000000000000
        1.033333333333333        0.033333333333333       -5.367252042873361       -5.367252042873359        0.000000000000002
        1.066666666666667        0.066666666666667       -9.296353235284517       -9.296353235284512        0.000000000000004
        1.000000000000000        0.100000000000000        0.000000000000005        0.000000000000005        0.000000000000000
        1.033333333333333        0.133333333333333       -2.778294097122074       -2.778294097122070        0.000000000000004
        1.066666666666667        0.166666666666667       -2.778294097122076       -2.778294097122072        0.000000000000005
        1.000000000000000        0.200000000000000        0.000000000000000        0.000000000000000        0.000000000000000
        1.033333333333333        0.233333333333333        1.438150850462210        1.438150850462208        0.000000000000002
        1.066666666666667        0.266666666666667        5.367252042873363        5.367252042873359        0.000000000000005
        1.000000000000000        0.300000000000000       -0.000000000000005       -0.000000000000005        0.000000000000000
        1.033333333333333        0.333333333333333        4.812146534584133        4.812146534584129        0.000000000000004
        1.066666666666667        0.366666666666667       10.368734728828288       10.368734728828282        0.000000000000006
        1.000000000000000        0.400000000000000       -0.000000000000007       -0.000000000000007        0.000000000000000
        1.033333333333333        0.433333333333333        5.367252042873361        5.367252042873357        0.000000000000004
        1.066666666666667        0.466666666666667        9.296353235284517        9.296353235284513        0.000000000000004
        1.000000000000000        0.500000000000000       -0.000000000000005       -0.000000000000005        0.000000000000000
        1.033333333333333        0.533333333333333        2.778294097122075        2.778294097122074        0.000000000000001
        1.066666666666667        0.566666666666667        2.778294097122078        2.778294097122077        0.000000000000000
        1.000000000000000        0.600000000000000       -0.000000000000000       -0.000000000000000        0.000000000000000
        1.033333333333333        0.633333333333333       -1.438150850462210       -1.438150850462209        0.000000000000000
        1.066666666666667        0.666666666666667       -5.367252042873362       -5.367252042873361        0.000000000000002
        1.000000000000000        0.700000000000000        0.000000000000005        0.000000000000005        0.000000000000000
        1.033333333333333        0.733333333333333       -4.812146534584133       -4.812146534584129        0.000000000000003
        1.066666666666667        0.766666666666667      -10.368734728828287      -10.368734728828282        0.000000000000005
        1.000000000000000        0.800000000000000        0.000000000000007        0.000000000000007        0.000000000000000
        1.033333333333333        0.833333333333333       -5.367252042873361       -5.367252042873358        0.000000000000003
        1.066666666666667        0.866666666666667       -9.296353235284518       -9.296353235284513        0.000000000000005
        1.000000000000000        0.900000000000000        0.000000000000005        0.000000000000005        0.000000000000000
        1.033333333333333        0.933333333333333       -2.778294097122075       -2.778294097122072        0.000000000000004
        1.066666666666667        0.966666666666667       -2.778294097122079       -2.778294097122075        0.000000000000004
        1.000000000000000        1.000000000000000        0.000000000000000        0.000000000000000        0.000000000000000
        1.033333333333333        1.033333333333333        1.438150850462209        1.438150850462207        0.000000000000002
        1.066666666666667        1.066666666666667        5.367252042873361        5.367252042873355        0.000000000000006
