        0.000000000000000        0.000000000000000       60.891121728968801       60.891121728968869        0.000000000000068
        0.033333333333333        0.033333333333333       56.812190005593207       56.812190005593255        0.000000000000048
        0.066666666666667        0.066666666666667       45.668341296726602       45.668341296726608        0.000000000000006
        0.000000000000000        0.100000000000000       43.056525088609373       43.056525088609380        0.000000000000007
        0.033333333333333        0.133333333333333       29.408153534861217       29.408153534861206        0.000000000000011
        0.066666666666667        0.166666666666667       13.648371553748159       13.648371553748145        0.000000000000014
        0.000000000000000        0.200000000000000        0.000000000000004        0.000000000000000        0.000000000000004
        0.033333333333333        0.233333333333333      -15.222780432242196      -15.222780432242196        0.000000000000000
        0.066666666666667        0.266666666666667      -26.366629141108803      -26.366629141108796        0.000000000000007
        0.000000000000000        0.300000000000000      -43.056525088609368      -43.056525088609385        0.000000000000018
        0.033333333333333        0.333333333333333      -50.936416079165898      -50.936416079165917        0.000000000000019
        0.066666666666667        0.366666666666667      -50.936416079165900      -50.936416079165902        0.000000000000002
        0.000000000000000        0.400000000000000      -60.891121728968801      -60.891121728968834        0.000000000000033
        0.033333333333333        0.433333333333333      -56.812190005593209      -56.812190005593233        0.000000000000025
        0.066666666666667        0.466666666666667      -45.668341296726605      -45.668341296726613        0.000000000000008
        0.000000000000000        0.500000000000000      -43.056525088609378      -43.056525088609413        0.000000000000035
        0.033333333333333        0.533333333333333      -29.408153534861223      -29.408153534861247        0.000000000000023
        0.066666666666667        0.566666666666667      -13.648371553748166      -13.648371553748172        0.000000000000006
        0.000000000000000        0.600000000000000       -0.000000000000011       -0.000000000000009        0.000000000000002
        0.033333333333333        0.633333333333333       15.222780432242189       15.222780432242203        0.000000000000013
        0.066666666666667        0.666666666666667       26.366629141108797       26.366629141108805        0.000000000000008
        0.000000000000000        0.700000000000000       43.056525088609362       43.056525088609391        0.000000000000028
        0.033333333333333        0.733333333333333       50.936416079165894       50.936416079165918        0.000000000000024
        0.066666666666667        0.766666666666667       50.936416079165898       50.936416079165905        0.000000000000007
        0.000000000000000        0.800000000000000       60.891121728968801       60.891121728968842        0.000000000000041
        0.033333333333333        0.833333333333333       56.812190005593211       56.812190005593240        0.000000000000030
        0.066666666666667        0.866666666666667       45.668341296726608       45.668341296726610        0.000000000000002
        0.000000000000000        0.900000000000000       43.056525088609383       43.056525088609396        0.000000000000013
        0.033333333333333        0.933333333333333       29.408153534861229       29.408153534861226        0.000000000000003
        0.066666666666667        0.966666666666667       13.648371553748172       13.648371553748162        0.000000000000009
        0.000000000000000        1.000000000000000        0.000000000000019        0.000000000000019        0.000000000000000
        0.033333333333333        1.033333333333333      -15.222780432242182      -15.222780432242177        0.000000000000005
        0.066666666666667        1.066666666666667      -26.366629141108791      -26.366629141108779        0.000000000000012
        0.100000000000000        0.000000000000000       43.056525088609373       43.056525088609380        0.000000000000007
        0.133333333333333        0.033333333333333       29.408153534861217       29.408153534861206        0.000000000000011
        0.166666666666667        0.066666666666667       13.648371553748159       13.648371553748145        0.000000000000014
        0.100000000000000        0.100000000000000       30.445560864484402       30.445560864484379        0.000000000000024
        0.133333333333333        0.133333333333333       15.222780432242202       15.222780432242178        0.000000000000024
        0.166666666666667        0.166666666666667        4.078931723375596        4.078931723375587        0.000000000000009
        0.100000000000000        0.200000000000000        0.000000000000003        0.000000000000000        0.000000000000003
        0.133333333333333        0.233333333333333       -7.879890990556528       -7.879890990556518        0.000000000000010
        0.166666666666667        0.266666666666667       -7.879890990556529       -7.879890990556518        0.000000000000011
        0.100000000000000        0.300000000000000      -30.445560864484399      -30.445560864484382        0.000000000000016
        0.133333333333333        0.333333333333333      -26.366629141108806      -26.366629141108784        0.000000000000022
        0.166666666666667        0.366666666666667      -15.222780432242203      -15.222780432242186        0.000000000000017
        0.100000000000000        0.400000000000000      -43.056525088609373      -43.056525088609355        0.000000000000018
        0.133333333333333        0.433333333333333      -29.408153534861218      -29.408153534861195        0.000000000000023
        0.166666666666667        0.466666666666667      -13.648371553748160      -13.648371553748147        0.000000000000014
        0.100000000000000        0.500000000000000      -30.445560864484406      -30.445560864484402        0.000000000000004
        0.133333333333333        0.533333333333333      -15.222780432242206      -15.222780432242199        0.000000000000006
        0.166666666666667        0.566666666666667       -4.078931723375598       -4.078931723375595        0.000000000000003
        0.100000000000000        0.600000000000000       -0.000000000000008       -0.000000000000007        0.000000000000001
        0.133333333333333        0.633333333333333        7.879890990556524        7.879890990556521        0.000000000000003
        0.166666666666667        0.666666666666667        7.879890990556528        7.879890990556521        0.000000000000007
        0.100000000000000        0.700000000000000       30.445560864484395       30.445560864484386        0.000000000000009
        0.133333333333333        0.733333333333333       26.366629141108804       26.366629141108785        0.000000000000020
        0.166666666666667        0.766666666666667       15.222780432242202       15.222780432242187        0.000000000000016
        0.100000000000000        0.800000000000000       43.056525088609373       43.056525088609361        0.000000000000012
        0.133333333333333        0.833333333333333       29.408153534861219       29.408153534861198        0.000000000000021
        0.166666666666667        0.866666666666667       13.648371553748161       13.648371553748146        0.000000000000015
        0.100000000000000        0.900000000000000       30.445560864484410       30.445560864484390        0.000000000000020
        0.133333333333333        0.933333333333333       15.222780432242209       15.222780432242189        0.000000000000020
        0.166666666666667        0.966666666666667        4.078931723375600        4.078931723375592        0.000000000000008
        0.100000000000000        1.000000000000000        0.000000000000013        0.000000000000013        0.000000000000000
        0.133333333333333        1.033333333333333       -7.879890990556520       -7.879890990556508        0.000000000000012
        0.166666666666667        1.066666666666667       -7.879890990556526       -7.879890990556513        0.000000000000013
        0.200000000000000        0.000000000000000        0.000000000000004        0.000000000000000        0.000000000000004
        0.233333333333333        0.033333333333333      -15.222780432242196      -15.222780432242196        0.000000000000000
        0.266666666666667        0.066666666666667      -26.366629141108803      -26.366629141108796        0.000000000000007
        0.200000000000000        0.100000000000000        0.000000000000003        0.000000000000000        0.000000000000003
        0.233333333333333        0.133333333333333       -7.879890990556528       -7.879890990556518        0.000000000000010
        0.266666666666667        0.166666666666667       -7.879890990556529       -7.879890990556518        0.000000000000011
        0.200000000000000        0.200000000000000        0.000000000000000       -0.000000000000000        0.000000000000000
        0.233333333333333        0.233333333333333        4.078931723375592        4.078931723375589        0.000000000000004
        0.266666666666667        0.266666666666667       15.222780432242196       15.222780432242186        0.000000000000010
        0.200000000000000        0.300000000000000       -0.000000000000003       -0.000000000000000        0.000000000000003
        0.233333333333333        0.333333333333333       13.648371553748152       13.648371553748145        0.000000000000007
        0.266666666666667        0.366666666666667       29.408153534861210       29.408153534861200        0.000000000000010
        0.200000000000000        0.400000000000000       -0.000000000000004       -0.000000000000000        0.000000000000004
        0.233333333333333        0.433333333333333       15.222780432242197       15.222780432242190        0.000000000000007
        0.266666666666667        0.466666666666667       26.366629141108804       26.366629141108799        0.000000000000006
        0.200000000000000        0.500000000000000       -0.000000000000003       -0.000000000000000        0.000000000000003
        0.233333333333333        0.533333333333333        7.879890990556529        7.879890990556529        0.000000000000001
        0.266666666666667        0.566666666666667        7.879890990556533        7.879890990556534        0.000000000000001
        0.200000000000000        0.600000000000000       -0.000000000000000       -0.000000000000000        0.000000000000000
        0.233333333333333        0.633333333333333       -4.078931723375591       -4.078931723375591        0.000000000000000
        0.266666666666667        0.666666666666667      -15.222780432242193      -15.222780432242191        0.000000000000001
        0.200000000000000        0.700000000000000        0.000000000000003        0.000000000000000        0.000000000000003
        0.233333333333333        0.733333333333333      -13.648371553748151      -13.648371553748146        0.000000000000006
        0.266666666666667        0.766666666666667      -29.408153534861209      -29.408153534861202        0.000000000000007
        0.200000000000000        0.800000000000000        0.000000000000004        0.000000000000000        0.000000000000004
        0.233333333333333        0.833333333333333      -15.222780432242197      -15.222780432242192        0.000000000000005
        0.266666666666667        0.866666666666667      -26.366629141108806      -26.366629141108797        0.000000000000009
        0.200000000000000        0.900000000000000        0.000000000000003        0.000000000000000        0.000000000000003
        0.233333333333333        0.933333333333333       -7.879890990556531       -7.879890990556523        0.000000000000008
        0.266666666666667        0.966666666666667       -7.879890990556537       -7.879890990556528        0.000000000000008
        0.200000000000000        1.000000000000000        0.000000000000000        0.000000000000000        0.000000000000000
        0.233333333333333        1.033333333333333        4.078931723375589        4.078931723375584        0.000000000000005
        0.266666666666667        1.066666666666667       15.222780432242190       15.222780432242177        0.000000000000013
        0.300000000000000        0.000000000000000      -43.056525088609368      -43.056525088609385        0.000000000000018
        0.333333333333333        0.033333333333333      -50.936416079165898      -50.936416079165917        0.000000000000019
        0.366666666666667        0.066666666666667      -50.936416079165900      -50.936416079165902        0.000000000000002
        0.300000000000000        0.100000000000000      -30.445560864484399      -30.445560864484382        0.000000000000016
        0.333333333333333        0.133333333333333      -26.366629141108806      -26.366629141108784        0.000000000000022
        0.366666666666667        0.166666666666667      -15.222780432242203      -15.222780432242186        0.000000000000017
        0.300000000000000        0.200000000000000       -0.000000000000003       -0.000000000000000        0.000000000000003
        0.333333333333333        0.233333333333333       13.648371553748152       13.648371553748145        0.000000000000007
        0.366666666666667        0.266666666666667       29.408153534861210       29.408153534861200        0.000000000000010
        0.300000000000000        0.300000000000000       30.445560864484395       30.445560864484386        0.000000000000009
        0.333333333333333        0.333333333333333       45.668341296726596       45.668341296726592        0.000000000000004
        0.366666666666667        0.366666666666667       56.812190005593203       56.812190005593201        0.000000000000002
        0.300000000000000        0.400000000000000       43.056525088609368       43.056525088609360        0.000000000000007
        0.333333333333333        0.433333333333333       50.936416079165899       50.936416079165898        0.000000000000002
        0.366666666666667        0.466666666666667       50.936416079165903       50.936416079165908        0.000000000000004
        0.300000000000000        0.500000000000000       30.445560864484402       30.445560864484406        0.000000000000003
        0.333333333333333        0.533333333333333       26.366629141108812       26.366629141108821        0.000000000000009
        0.366666666666667        0.566666666666667       15.222780432242210       15.222780432242215        0.000000000000006
        0.300000000000000        0.600000000000000        0.000000000000008        0.000000000000007        0.000000000000001
        0.333333333333333        0.633333333333333      -13.648371553748146      -13.648371553748151        0.000000000000005
        0.366666666666667        0.666666666666667      -29.408153534861204      -29.408153534861210        0.000000000000006
        0.300000000000000        0.700000000000000      -30.445560864484391      -30.445560864484390        0.000000000000001
        0.333333333333333        0.733333333333333      -45.668341296726592      -45.668341296726593        0.000000000000000
        0.366666666666667        0.766666666666667      -56.812190005593201      -56.812190005593204        0.000000000000003
        0.300000000000000        0.800000000000000      -43.056525088609368      -43.056525088609366        0.000000000000001
        0.333333333333333        0.833333333333333      -50.936416079165901      -50.936416079165904        0.000000000000003
        0.366666666666667        0.866666666666667      -50.936416079165907      -50.936416079165905        0.000000000000002
        0.300000000000000        0.900000000000000      -30.445560864484406      -30.445560864484394        0.000000000000012
        0.333333333333333        0.933333333333333      -26.366629141108817      -26.366629141108802        0.000000000000015
        0.366666666666667        0.966666666666667      -15.222780432242217      -15.222780432242205        0.000000000000012
        0.300000000000000        1.000000000000000       -0.000000000000013       -0.000000000000013        0.000000000000000
        0.333333333333333        1.033333333333333       13.648371553748140       13.648371553748129        0.000000000000011
        0.366666666666667        1.066666666666667       29.408153534861197       29.408153534861181        0.000000000000016
        0.400000000000000        0.000000000000000      -60.891121728968801      -60.891121728968834        0.000000000000033
        0.433333333333333        0.033333333333333      -56.812190005593209      -56.812190005593233        0.000000000000025
        0.466666666666667        0.066666666666667      -45.668341296726605      -45.668341296726613        0.000000000000008
        0.400000000000000        0.100000000000000      -43.056525088609373      -43.056525088609355        0.000000000000018
        0.433333333333333        0.133333333333333      -29.408153534861218      -29.408153534861195        0.000000000000023
        0.466666666666667        0.166666666666667      -13.648371553748160      -13.648371553748147        0.000000000000014
        0.400000000000000        0.200000000000000       -0.000000000000004       -0.000000000000000        0.000000000000004
        0.433333333333333        0.233333333333333       15.222780432242197       15.222780432242190        0.000000000000007
        0.466666666666667        0.266666666666667       26.366629141108804       26.366629141108799        0.000000000000006
        0.400000000000000        0.300000000000000       43.056525088609368       43.056525088609360        0.000000000000007
        0.433333333333333        0.333333333333333       50.936416079165899       50.936416079165898        0.000000000000002
        0.466666666666667        0.366666666666667       50.936416079165903       50.936416079165908        0.000000000000004
        0.400000000000000        0.400000000000000       60.891121728968801       60.891121728968798        0.000000000000003
        0.433333333333333        0.433333333333333       56.812190005593211       56.812190005593212        0.000000000000001
        0.466666666666667        0.466666666666667       45.668341296726608       45.668341296726618        0.000000000000010
        0.400000000000000        0.500000000000000       43.056525088609378       43.056525088609388        0.000000000000010
        0.433333333333333        0.533333333333333       29.408153534861224       29.408153534861235        0.000000000000011
        0.466666666666667        0.566666666666667       13.648371553748167       13.648371553748173        0.000000000000007
        0.400000000000000        0.600000000000000        0.000000000000011        0.000000000000009        0.000000000000002
        0.433333333333333        0.633333333333333      -15.222780432242190      -15.222780432242197        0.000000000000007
        0.466666666666667        0.666666666666667      -26.366629141108799      -26.366629141108808        0.000000000000009
        0.400000000000000        0.700000000000000      -43.056525088609362      -43.056525088609365        0.000000000000003
        0.433333333333333        0.733333333333333      -50.936416079165896      -50.936416079165899        0.000000000000003
        0.466666666666667        0.766666666666667      -50.936416079165902      -50.936416079165911        0.000000000000009
        0.400000000000000        0.800000000000000      -60.891121728968801      -60.891121728968807        0.000000000000006
        0.433333333333333        0.833333333333333      -56.812190005593212      -56.812190005593219        0.000000000000006
        0.466666666666667        0.866666666666667      -45.668341296726612      -45.668341296726615        0.000000000000004
        0.400000000000000        0.900000000000000      -43.056525088609383      -43.056525088609371        0.000000000000012
        0.433333333333333        0.933333333333333      -29.408153534861230      -29.408153534861215        0.000000000000015
        0.466666666666667        0.966666666666667      -13.648371553748173      -13.648371553748164        0.000000000000009
        0.400000000000000        1.000000000000000       -0.000000000000019       -0.000000000000019        0.000000000000000
        0.433333333333333        1.033333333333333       15.222780432242183       15.222780432242172        0.000000000000011
        0.466666666666667        1.066666666666667       26.366629141108793       26.366629141108782        0.000000000000011
        0.500000000000000        0.000000000000000      -43.056525088609378      -43.056525088609413        0.000000000000035
        0.533333333333333        0.033333333333333      -29.408153534861223      -29.408153534861247        0.000000000000023
        0.566666666666667        0.066666666666667      -13.648371553748166      -13.648371553748172        0.000000000000006
        0.500000000000000        0.100000000000000      -30.445560864484406      -30.445560864484402        0.000000000000004
        0.533333333333333        0.133333333333333      -15.222780432242206      -15.222780432242199        0.000000000000006
        0.566666666666667        0.166666666666667       -4.078931723375598       -4.078931723375595        0.000000000000003
        0.500000000000000        0.200000000000000       -0.000000000000003       -0.000000000000000        0.000000000000003
        0.533333333333333        0.233333333333333        7.879890990556529        7.879890990556529        0.000000000000001
        0.566666666666667        0.266666666666667        7.879890990556533        7.879890990556534        0.000000000000001
        0.500000000000000        0.300000000000000       30.445560864484402       30.445560864484406        0.000000000000003
        0.533333333333333        0.333333333333333       26.366629141108812       26.366629141108821        0.000000000000009
        0.566666666666667        0.366666666666667       15.222780432242210       15.222780432242215        0.000000000000006
        0.500000000000000        0.400000000000000       43.056525088609378       43.056525088609388        0.000000000000010
        0.533333333333333        0.433333333333333       29.408153534861224       29.408153534861235        0.000000000000011
        0.566666666666667        0.466666666666667       13.648371553748167       13.648371553748173        0.000000000000007
        0.500000000000000        0.500000000000000       30.445560864484410       30.445560864484425        0.000000000000015
        0.533333333333333        0.533333333333333       15.222780432242209       15.222780432242220        0.000000000000011
        0.566666666666667        0.566666666666667        4.078931723375600        4.078931723375603        0.000000000000003
        0.500000000000000        0.600000000000000        0.000000000000008        0.000000000000007        0.000000000000001
        0.533333333333333        0.633333333333333       -7.879890990556526       -7.879890990556532        0.000000000000006
        0.566666666666667        0.666666666666667       -7.879890990556531       -7.879890990556536        0.000000000000005
        0.500000000000000        0.700000000000000      -30.445560864484399      -30.445560864484409        0.000000000000011
        0.533333333333333        0.733333333333333      -26.366629141108810      -26.366629141108821        0.000000000000011
        0.566666666666667        0.766666666666667      -15.222780432242209      -15.222780432242216        0.000000000000007
        0.500000000000000        0.800000000000000      -43.056525088609378      -43.056525088609394        0.000000000000016
        0.533333333333333        0.833333333333333      -29.408153534861225      -29.408153534861239        0.000000000000014
        0.566666666666667        0.866666666666667      -13.648371553748168      -13.648371553748173        0.000000000000005
        0.500000000000000        0.900000000000000      -30.445560864484414      -30.445560864484413        0.000000000000000
        0.533333333333333        0.933333333333333      -15.222780432242212      -15.222780432242210        0.000000000000002
        0.566666666666667        0.966666666666667       -4.078931723375602       -4.078931723375600        0.000000000000001
        0.500000000000000        1.000000000000000       -0.000000000000013       -0.000000000000013        0.000000000000000
        0.533333333333333        1.033333333333333        7.879890990556522        7.879890990556519        0.000000000000003
        0.566666666666667        1.066666666666667        7.879890990556530        7.879890990556529        0.000000000000001
        0.600000000000000        0.000000000000000       -0.000000000000011       -0.000000000000009        0.000000000000002
        0.633333333333333        0.033333333333333       15.222780432242189       15.222780432242203        0.000000000000013
        0.666666666666667        0.066666666666667       26.366629141108797       26.366629141108805        0.000000000000008
        0.600000000000000        0.100000000000000       -0.000000000000008       -0.000000000000007        0.000000000000001
        0.633333333333333        0.133333333333333        7.879890990556524        7.879890990556521        0.000000000000003
        0.666666666666667        0.166666666666667        7.879890990556528        7.879890990556521        0.000000000000007
        0.600000000000000        0.200000000000000       -0.000000000000000       -0.000000000000000        0.000000000000000
        0.633333333333333        0.233333333333333       -4.078931723375591       -4.078931723375591        0.000000000000000
        0.666666666666667        0.266666666666667      -15.222780432242193      -15.222780432242191        0.000000000000001
        0.600000000000000        0.300000000000000        0.000000000000008        0.000000000000007        0.000000000000001
        0.633333333333333        0.333333333333333      -13.648371553748146      -13.648371553748151        0.000000000000005
        0.666666666666667        0.366666666666667      -29.408153534861204      -29.408153534861210        0.000000000000006
        0.600000000000000        0.400000000000000        0.000000000000011        0.000000000000009        0.000000000000002
        0.633333333333333        0.433333333333333      -15.222780432242190      -15.222780432242197        0.000000000000007
        0.666666666666667        0.466666666666667      -26.366629141108799      -26.366629141108808        0.000000000000009
        0.600000000000000        0.500000000000000        0.000000000000008        0.000000000000007        0.000000000000001
        0.633333333333333        0.533333333333333       -7.879890990556526       -7.879890990556532        0.000000000000006
        0.666666666666667        0.566666666666667       -7.879890990556531       -7.879890990556536        0.000000000000005
        0.600000000000000        0.600000000000000        0.000000000000000        0.000000000000000        0.000000000000000
        0.633333333333333        0.633333333333333        4.078931723375589        4.078931723375592        0.000000000000004
        0.666666666666667        0.666666666666667       15.222780432242190       15.222780432242197        0.000000000000007
        0.600000000000000        0.700000000000000       -0.000000000000008       -0.000000000000007        0.000000000000001
        0.633333333333333        0.733333333333333       13.648371553748145       13.648371553748152        0.000000000000007
        0.666666666666667        0.766666666666667       29.408153534861203       29.408153534861212        0.000000000000009
        0.600000000000000        0.800000000000000       -0.000000000000011       -0.000000000000009        0.000000000000002
        0.633333333333333        0.833333333333333       15.222780432242190       15.222780432242199        0.000000000000008
        0.666666666666667        0.866666666666667       26.366629141108801       26.366629141108806        0.000000000000006
        0.600000000000000        0.900000000000000       -0.000000000000008       -0.000000000000007        0.000000000000001
        0.633333333333333        0.933333333333333        7.879890990556527        7.879890990556527        0.000000000000001
        0.666666666666667        0.966666666666667        7.879890990556535        7.879890990556531        0.000000000000004
        0.600000000000000        1.000000000000000       -0.000000000000000       -0.000000000000000        0.000000000000000
        0.633333333333333        1.033333333333333       -4.078931723375587       -4.078931723375586        0.000000000000001
        0.666666666666667        1.066666666666667      -15.222780432242186      -15.222780432242182        0.000000000000005
        0.700000000000000        0.000000000000000       43.056525088609362       43.056525088609391        0.000000000000028
        0.733333333333333        0.033333333333333       50.936416079165894       50.936416079165918        0.000000000000024
        0.766666666666667        0.066666666666667       50.936416079165898       50.936416079165905        0.000000000000007
        0.700000000000000        0.100000000000000       30.445560864484395       30.445560864484386        0.000000000000009
        0.733333333333333        0.133333333333333       26.366629141108804       26.366629141108785        0.000000000000020
        0.766666666666667        0.166666666666667       15.222780432242202       15.222780432242187        0.000000000000016
        0.700000000000000        0.200000000000000        0.000000000000003        0.000000000000000        0.000000000000003
        0.733333333333333        0.233333333333333      -13.648371553748151      -13.648371553748146        0.000000000000006
        0.766666666666667        0.266666666666667      -29.408153534861209      -29.408153534861202        0.000000000000007
        0.700000000000000        0.300000000000000      -30.445560864484391      -30.445560864484390        0.000000000000001
        0.733333333333333        0.333333333333333      -45.668341296726592      -45.668341296726593        0.000000000000000
        0.766666666666667        0.366666666666667      -56.812190005593201      -56.812190005593204        0.000000000000003
        0.700000000000000        0.400000000000000      -43.056525088609362      -43.056525088609365        0.000000000000003
        0.733333333333333        0.433333333333333      -50.936416079165896      -50.936416079165899        0.000000000000003
        0.766666666666667        0.466666666666667      -50.936416079165902      -50.936416079165911        0.000000000000009
        0.700000000000000        0.500000000000000      -30.445560864484399      -30.445560864484409        0.000000000000011
        0.733333333333333        0.533333333333333      -26.366629141108810      -26.366629141108821        0.000000000000011
        0.766666666666667        0.566666666666667      -15.222780432242209      -15.222780432242216        0.000000000000007
        0.700000000000000        0.600000000000000       -0.000000000000008       -0.000000000000007        0.000000000000001
        0.733333333333333        0.633333333333333       13.648371553748145       13.648371553748152        0.000000000000007
        0.766666666666667        0.666666666666667       29.408153534861203       29.408153534861212        0.000000000000009
        0.700000000000000        0.700000000000000       30.445560864484388       30.445560864484393        0.000000000000006
        0.733333333333333        0.733333333333333       45.668341296726589       45.668341296726594        0.000000000000004
        0.766666666666667        0.766666666666667       56.812190005593199       56.812190005593208        0.000000000000009
        0.700000000000000        0.800000000000000       43.056525088609362       43.056525088609372        0.000000000000009
        0.733333333333333        0.833333333333333       50.936416079165897       50.936416079165905        0.000000000000008
        0.766666666666667        0.866666666666667       50.936416079165905       50.936416079165908        0.000000000000003
        0.700000000000000        0.900000000000000       30.445560864484402       30.445560864484398        0.000000000000005
        0.733333333333333        0.933333333333333       26.366629141108816       26.366629141108803        0.000000000000013
        0.766666666666667        0.966666666666667       15.222780432242216       15.222780432242206        0.000000000000010
        0.700000000000000        1.000000000000000        0.000000000000013        0.000000000000013        0.000000000000000
        0.733333333333333        1.033333333333333      -13.648371553748139      -13.648371553748129        0.000000000000010
        0.766666666666667        1.066666666666667      -29.408153534861196      -29.408153534861183        0.000000000000013
        0.800000000000000        0.000000000000000       60.891121728968801       60.891121728968842        0.000000000000041
        0.833333333333333        0.033333333333333       56.812190005593211       56.812190005593240        0.000000000000030
        0.866666666666667        0.066666666666667       45.668341296726608       45.668341296726610        0.000000000000002
        0.800000000000000        0.100000000000000       43.056525088609373       43.056525088609361        0.000000000000012
        0.833333333333333        0.133333333333333       29.408153534861219       29.408153534861198        0.000000000000021
        0.866666666666667        0.166666666666667       13.648371553748161       13.648371553748146        0.000000000000015
        0.800000000000000        0.200000000000000        0.000000000000004        0.000000000000000        0.000000000000004
        0.833333333333333        0.233333333333333      -15.222780432242197      -15.222780432242192        0.000000000000005
        0.866666666666667        0.266666666666667      -26.366629141108806      -26.366629141108797        0.000000000000009
        0.800000000000000        0.300000000000000      -43.056525088609368      -43.056525088609366        0.000000000000001
        0.833333333333333        0.333333333333333      -50.936416079165901      -50.936416079165904        0.000000000000003
        0.866666666666667        0.366666666666667      -50.936416079165907      -50.936416079165905        0.000000000000002
        0.800000000000000        0.400000000000000      -60.891121728968801      -60.891121728968807        0.000000000000006
        0.833333333333333        0.433333333333333      -56.812190005593212      -56.812190005593219        0.000000000000006
        0.866666666666667        0.466666666666667      -45.668341296726612      -45.668341296726615        0.000000000000004
        0.800000000000000        0.500000000000000      -43.056525088609378      -43.056525088609394        0.000000000000016
        0.833333333333333        0.533333333333333      -29.408153534861225      -29.408153534861239        0.000000000000014
        0.866666666666667        0.566666666666667      -13.648371553748168      -13.648371553748173        0.000000000000005
        0.800000000000000        0.600000000000000       -0.000000000000011       -0.000000000000009        0.000000000000002
        0.833333333333333        0.633333333333333       15.222780432242190       15.222780432242199        0.000000000000008
        0.866666666666667        0.666666666666667       26.366629141108801       26.366629141108806        0.000000000000006
        0.800000000000000        0.700000000000000       43.056525088609362       43.056525088609372        0.000000000000009
        0.833333333333333        0.733333333333333       50.936416079165897       50.936416079165905        0.000000000000008
        0.866666666666667        0.766666666666667       50.936416079165905       50.936416079165908        0.000000000000003
        0.800000000000000        0.800000000000000       60.891121728968801       60.891121728968816        0.000000000000014
        0.833333333333333        0.833333333333333       56.812190005593214       56.812190005593226        0.000000000000012
        0.866666666666667        0.866666666666667       45.668341296726615       45.668341296726613        0.000000000000002
        0.800000000000000        0.900000000000000       43.056525088609383       43.056525088609377        0.000000000000006
        0.833333333333333        0.933333333333333       29.408153534861231       29.408153534861219        0.000000000000013
        0.866666666666667        0.966666666666667       13.648371553748174       13.648371553748163        0.000000000000011
        0.800000000000000        1.000000000000000        0.000000000000019        0.000000000000019        0.000000000000000
        0.833333333333333        1.033333333333333      -15.222780432242183      -15.222780432242173        0.000000000000010
        0.866666666666667        1.066666666666667      -26.366629141108795      -26.366629141108780        0.000000000000015
        0.900000000000000        0.000000000000000       43.056525088609383       43.056525088609396        0.000000000000013
        0.933333333333333        0.033333333333333       29.408153534861229       29.408153534861226        0.000000000000003
        0.966666666666667        0.066666666666667       13.648371553748172       13.648371553748162        0.000000000000009
        0.900000000000000        0.100000000000000       30.445560864484410       30.445560864484390        0.000000000000020
        0.933333333333333        0.133333333333333       15.222780432242209       15.222780432242189        0.000000000000020
        0.966666666666667        0.166666666666667        4.078931723375600        4.078931723375592        0.000000000000008
        0.900000000000000        0.200000000000000        0.000000000000003        0.000000000000000        0.000000000000003
        0.933333333333333        0.233333333333333       -7.879890990556531       -7.879890990556523        0.000000000000008
        0.966666666666667        0.266666666666667       -7.879890990556537       -7.879890990556528        0.000000000000008
        0.900000000000000        0.300000000000000      -30.445560864484406      -30.445560864484394        0.000000000000012
        0.933333333333333        0.333333333333333      -26.366629141108817      -26.366629141108802        0.000000000000015
        0.966666666666667        0.366666666666667      -15.222780432242217      -15.222780432242205        0.000000000000012
        0.900000000000000        0.400000000000000      -43.056525088609383      -43.056525088609371        0.000000000000012
        0.933333333333333        0.433333333333333      -29.408153534861230      -29.408153534861215        0.000000000000015
        0.966666666666667        0.466666666666667      -13.648371553748173      -13.648371553748164        0.000000000000009
        0.900000000000000        0.500000000000000      -30.445560864484414      -30.445560864484413        0.000000000000000
        0.933333333333333        0.533333333333333      -15.222780432242212      -15.222780432242210        0.000000000000002
        0.966666666666667        0.566666666666667       -4.078931723375602       -4.078931723375600        0.000000000000001
        0.900000000000000        0.600000000000000       -0.000000000000008       -0.000000000000007        0.000000000000001
        0.933333333333333        0.633333333333333        7.879890990556527        7.879890990556527        0.000000000000001
        0.966666666666667        0.666666666666667        7.879890990556535        7.879890990556531        0.000000000000004
        0.900000000000000        0.700000000000000       30.445560864484402       30.445560864484398        0.000000000000005
        0.933333333333333        0.733333333333333       26.366629141108816       26.366629141108803        0.000000000000013
        0.966666666666667        0.766666666666667       15.222780432242216       15.222780432242206        0.000000000000010
        0.900000000000000        0.800000000000000       43.056525088609383       43.056525088609377        0.000000000000006
        0.933333333333333        0.833333333333333       29.408153534861231       29.408153534861219        0.000000000000013
        0.966666666666667        0.866666666666667       13.648371553748174       13.648371553748163        0.000000000000011
        0.900000000000000        0.900000000000000       30.445560864484417       30.445560864484402        0.000000000000016
        0.933333333333333        0.933333333333333       15.222780432242215       15.222780432242199        0.000000000000016
        0.966666666666667        0.966666666666667        4.078931723375604        4.078931723375597        0.000000000000006
        0.900000000000000        1.000000000000000        0.000000000000013        0.000000000000013        0.000000000000000
        0.933333333333333        1.033333333333333       -7.879890990556524       -7.879890990556514        0.000000000000010
        0.966666666666667        1.066666666666667       -7.879890990556533       -7.879890990556523        0.000000000000010
        1.000000000000000        0.000000000000000        0.000000000000019        0.000000000000019        0.000000000000000
        1.033333333333333        0.033333333333333      -15.222780432242182      -15.222780432242177        0.000000000000005
        1.066666666666667        0.066666666666667      -26.366629141108791      -26.366629141108779        0.000000000000012
        1.000000000000000        0.100000000000000        0.000000000000013        0.000000000000013        0.000000000000000
        1.033333333333333        0.133333333333333       -7.879890990556520       -7.879890990556508        0.000000000000012
        1.066666666666667        0.166666666666667       -7.879890990556526       -7.879890990556513        0.000000000000013
        1.000000000000000        0.200000000000000        0.000000000000000        0.000000000000000        0.000000000000000
        1.033333333333333        0.233333333333333        4.078931723375589        4.078931723375584        0.000000000000005
        1.066666666666667        0.266666666666667       15.222780432242190       15.222780432242177        0.000000000000013
        1.000000000000000        0.300000000000000       -0.000000000000013       -0.000000000000013        0.000000000000000
        1.033333333333333        0.333333333333333       13.648371553748140       13.648371553748129        0.000000000000011
        1.066666666666667        0.366666666666667       29.408153534861197       29.408153534861181        0.000000000000016
        1.000000000000000        0.400000000000000       -0.000000000000019       -0.000000000000019        0.000000000000000
        1.033333333333333        0.433333333333333       15.222780432242183       15.222780432242172        0.000000000000011
        1.066666666666667        0.466666666666667       26.366629141108793       26.366629141108782        0.000000000000011
        1.000000000000000        0.500000000000000       -0.000000000000013       -0.000000000000013        0.000000000000000
        1.033333333333333        0.533333333333333        7.879890990556522        7.879890990556519        0.000000000000003
        1.066666666666667        0.566666666666667        7.879890990556530        7.879890990556529        0.000000000000001
        1.000000000000000        0.600000000000000       -0.000000000000000       -0.000000000000000        0.000000000000000
        1.033333333333333        0.633333333333333       -4.078931723375587       -4.078931723375586        0.000000000000001
        1.066666666666667        0.666666666666667      -15.222780432242186      -15.222780432242182        0.000000000000005
        1.000000000000000        0.700000000000000        0.000000000000013        0.000000000000013        0.000000000000000
        1.033333333333333        0.733333333333333      -13.648371553748139      -13.648371553748129        0.000000000000010
        1.066666666666667        0.766666666666667      -29.408153534861196      -29.408153534861183        0.000000000000013
        1.000000000000000        0.800000000000000        0.000000000000019        0.000000000000019        0.000000000000000
        1.033333333333333        0.833333333333333      -15.222780432242183      -15.222780432242173        0.000000000000010
        1.066666666666667        0.866666666666667      -26.366629141108795      -26.366629141108780        0.000000000000015
        1.000000000000000        0.900000000000000        0.000000000000013        0.000000000000013        0.000000000000000
        1.033333333333333        0.933333333333333       -7.879890990556524       -7.879890990556514        0.000000000000010
        1.066666666666667        0.966666666666667       -7.879890990556533       -7.879890990556523        0.000000000000010
        1.000000000000000        1.000000000000000        0.000000000000000        0.000000000000000        0.000000000000000
        1.033333333333333        1.033333333333333        4.078931723375585        4.078931723375579        0.000000000000006
        1.066666666666667        1.066666666666667       15.222780432242183       15.222780432242167        0.000000000000016
