        0.000000000000000        0.000000000000000        0.020524074152802        0.010714769314549        0.009809304838252
        0.033333333333333        0.033333333333333        0.019149221879142        0.009997015868320        0.009152206010822
        0.066666666666667        0.066666666666667        0.015393055614601        0.008036076985912        0.007356978628689
        0.000000000000000        0.100000000000000        0.014512712011022        0.007576486041167        0.006936225969854
        0.033333333333333        0.133333333333333        0.009912366642432        0.005174836201826        0.004737530440605
        0.066666666666667        0.166666666666667        0.004600345368590        0.002401649839341        0.002198695529249
        0.000000000000000        0.200000000000000        0.000000000000000        0.000000000000000        0.000000000000000
        0.033333333333333        0.233333333333333       -0.005131018538200       -0.002678692328637        0.002452326209563
        0.066666666666667        0.266666666666667       -0.008887184802741       -0.004639631211045        0.004247553591696
        0.000000000000000        0.300000000000000       -0.014512712011022       -0.007576486041167        0.006936225969854
        0.033333333333333        0.333333333333333       -0.017168722647942       -0.008963079222410        0.008205643425532
        0.066666666666667        0.366666666666667       -0.017168722647942       -0.008963079222410        0.008205643425532
        0.000000000000000        0.400000000000000       -0.020524074152802       -0.010714769314549        0.009809304838252
        0.033333333333333        0.433333333333333       -0.019149221879142       -0.009997015868320        0.009152206010822
        0.066666666666667        0.466666666666667       -0.015393055614601       -0.008036076985912        0.007356978628689
        0.000000000000000        0.500000000000000       -0.014512712011022       -0.007576486041167        0.006936225969854
        0.033333333333333        0.533333333333333       -0.009912366642432       -0.005174836201826        0.004737530440605
        0.066666666666667        0.566666666666667       -0.004600345368590       -0.002401649839341        0.002198695529249
        0.000000000000000        0.600000000000000       -0.000000000000000       -0.000000000000000        0.000000000000000
        0.033333333333333        0.633333333333333        0.005131018538200        0.002678692328637        0.002452326209563
        0.066666666666667        0.666666666666667        0.008887184802741        0.004639631211045        0.004247553591696
        0.000000000000000        0.700000000000000        0.014512712011022        0.007576486041167        0.006936225969854
        0.033333333333333        0.733333333333333        0.017168722647942        0.008963079222410        0.008205643425532
        0.066666666666667        0.766666666666667        0.017168722647942        0.008963079222410        0.008205643425532
        0.000000000000000        0.800000000000000        0.020524074152802        0.010714769314549        0.009809304838252
        0.033333333333333        0.833333333333333        0.019149221879142        0.009997015868320        0.009152206010822
        0.066666666666667        0.866666666666667        0.015393055614601        0.008036076985912        0.007356978628689
        0.000000000000000        0.900000000000000        0.014512712011022        0.007576486041167        0.006936225969854
        0.033333333333333        0.933333333333333        0.009912366642432        0.005174836201826        0.004737530440605
        0.066666666666667        0.966666666666667        0.004600345368590        0.002401649839341        0.002198695529249
        0.000000000000000        1.000000000000000        0.000000000000000        0.000000000000000        0.000000000000000
        0.033333333333333        1.033333333333333       -0.005131018538200       -0.002678692328637        0.002452326209563
        0.066666666666667        1.066666666666667       -0.008887184802741       -0.004639631211045        0.004247553591696
        0.100000000000000        0.000000000000000        0.014512712011022        0.007576486041167        0.006936225969854
        0.133333333333333        0.033333333333333        0.009912366642432        0.005174836201826        0.004737530440605
        0.166666666666667        0.066666666666667        0.004600345368590        0.002401649839341        0.002198695529249
        0.100000000000000        0.100000000000000        0.010262037076401        0.005357384657275        0.004904652419126
        0.133333333333333        0.133333333333333        0.005131018538200        0.002678692328637        0.002452326209563
        0.166666666666667        0.166666666666667        0.001374852273660        0.000717753446230        0.000657098827430
        0.100000000000000        0.200000000000000        0.000000000000000        0.000000000000000        0.000000000000000
        0.133333333333333        0.233333333333333       -0.002656010636921       -0.001386593181243        0.001269417455678
        0.166666666666667        0.266666666666667       -0.002656010636921       -0.001386593181243        0.001269417455678
        0.100000000000000        0.300000000000000       -0.010262037076401       -0.005357384657275        0.004904652419126
        0.133333333333333        0.333333333333333       -0.008887184802741       -0.004639631211045        0.004247553591696
        0.166666666666667        0.366666666666667       -0.005131018538200       -0.002678692328637        0.002452326209563
        0.100000000000000        0.400000000000000       -0.014512712011022       -0.007576486041167        0.006936225969854
        0.133333333333333        0.433333333333333       -0.009912366642432       -0.005174836201826        0.004737530440605
        0.166666666666667        0.466666666666667       -0.004600345368590       -0.002401649839341        0.002198695529249
        0.100000000000000        0.500000000000000       -0.010262037076401       -0.005357384657275        0.004904652419126
        0.133333333333333        0.533333333333333       -0.005131018538200       -0.002678692328637        0.002452326209563
        0.166666666666667        0.566666666666667       -0.001374852273660       -0.000717753446230        0.000657098827430
        0.100000000000000        0.600000000000000       -0.000000000000000       -0.000000000000000        0.000000000000000
        0.133333333333333        0.633333333333333        0.002656010636921        0.001386593181243        0.001269417455678
        0.166666666666667        0.666666666666667        0.002656010636921        0.001386593181243        0.001269417455678
        0.100000000000000        0.700000000000000        0.010262037076401        0.005357384657275        0.004904652419126
        0.133333333333333        0.733333333333333        0.008887184802741        0.004639631211045        0.004247553591696
        0.166666666666667        0.766666666666667        0.005131018538200        0.002678692328637        0.002452326209563
        0.100000000000000        0.800000000000000        0.014512712011022        0.007576486041167        0.006936225969854
        0.133333333333333        0.833333333333333        0.009912366642432        0.005174836201826        0.004737530440605
        0.166666666666667        0.866666666666667        0.004600345368590        0.002401649839341        0.002198695529249
        0.100000000000000        0.900000000000000        0.010262037076401        0.005357384657275        0.004904652419126
        0.133333333333333        0.933333333333333        0.005131018538200        0.002678692328637        0.002452326209563
        0.166666666666667        0.966666666666667        0.001374852273660        0.000717753446230        0.000657098827430
        0.100000000000000        1.000000000000000        0.000000000000000        0.000000000000000        0.000000000000000
        0.133333333333333        1.033333333333333       -0.002656010636921       -0.001386593181243        0.001269417455678
        0.166666666666667        1.066666666666667       -0.002656010636921       -0.001386593181243        0.001269417455678
        0.200000000000000        0.000000000000000        0.000000000000000        0.000000000000000        0.000000000000000
        0.233333333333333        0.033333333333333       -0.005131018538200       -0.002678692328637        0.002452326209563
        0.266666666666667        0.066666666666667       -0.008887184802741       -0.004639631211045        0.004247553591696
        0.200000000000000        0.100000000000000        0.000000000000000        0.000000000000000        0.000000000000000
        0.233333333333333        0.133333333333333       -0.002656010636921       -0.001386593181243        0.001269417455678
        0.266666666666667        0.166666666666667       -0.002656010636921       -0.001386593181243        0.001269417455678
        0.200000000000000        0.200000000000000        0.000000000000000       -0.000000000000000        0.000000000000000
        0.233333333333333        0.233333333333333        0.001374852273660        0.000717753446230        0.000657098827430
        0.266666666666667        0.266666666666667        0.005131018538200        0.002678692328637        0.002452326209563
        0.200000000000000        0.300000000000000       -0.000000000000000       -0.000000000000000        0.000000000000000
        0.233333333333333        0.333333333333333        0.004600345368590        0.002401649839341        0.002198695529249
        0.266666666666667        0.366666666666667        0.009912366642432        0.005174836201826        0.004737530440605
        0.200000000000000        0.400000000000000       -0.000000000000000       -0.000000000000000        0.000000000000000
        0.233333333333333        0.433333333333333        0.005131018538200        0.002678692328637        0.002452326209563
        0.266666666666667        0.466666666666667        0.008887184802741        0.004639631211045        0.004247553591696
        0.200000000000000        0.500000000000000       -0.000000000000000       -0.000000000000000        0.000000000000000
        0.233333333333333        0.533333333333333        0.002656010636921        0.001386593181243        0.001269417455678
        0.266666666666667        0.566666666666667        0.002656010636921        0.001386593181243        0.001269417455678
        0.200000000000000        0.600000000000000       -0.000000000000000       -0.000000000000000        0.000000000000000
        0.233333333333333        0.633333333333333       -0.001374852273660       -0.000717753446230        0.000657098827430
        0.266666666666667        0.666666666666667       -0.005131018538200       -0.002678692328637        0.002452326209563
        0.200000000000000        0.700000000000000        0.000000000000000        0.000000000000000        0.000000000000000
        0.233333333333333        0.733333333333333       -0.004600345368590       -0.002401649839341        0.002198695529249
        0.266666666666667        0.766666666666667       -0.009912366642432       -0.005174836201826        0.004737530440605
        0.200000000000000        0.800000000000000        0.000000000000000        0.000000000000000        0.000000000000000
        0.233333333333333        0.833333333333333       -0.005131018538200       -0.002678692328637        0.002452326209563
        0.266666666666667        0.866666666666667       -0.008887184802741       -0.004639631211045        0.004247553591696
        0.200000000000000        0.900000000000000        0.000000000000000        0.000000000000000        0.000000000000000
        0.233333333333333        0.933333333333333       -0.002656010636921       -0.001386593181243        0.001269417455678
        0.266666666666667        0.966666666666667       -0.002656010636921       -0.001386593181243        0.001269417455678
        0.200000000000000        1.000000000000000        0.000000000000000        0.000000000000000        0.000000000000000
        0.233333333333333        1.033333333333333        0.001374852273660        0.000717753446230        0.000657098827430
        0.266666666666667        1.066666666666667        0.005131018538200        0.002678692328637        0.002452326209563
        0.300000000000000        0.000000000000000       -0.014512712011022       -0.007576486041167        0.006936225969854
        0.333333333333333        0.033333333333333       -0.017168722647942       -0.008963079222410        0.008205643425532
        0.366666666666667        0.066666666666667       -0.017168722647942       -0.008963079222410        0.008205643425532
        0.300000000000000        0.100000000000000       -0.010262037076401       -0.005357384657275        0.004904652419126
        0.333333333333333        0.133333333333333       -0.008887184802741       -0.004639631211045        0.004247553591696
        0.366666666666667        0.166666666666667       -0.005131018538200       -0.002678692328637        0.002452326209563
        0.300000000000000        0.200000000000000       -0.000000000000000       -0.000000000000000        0.000000000000000
        0.333333333333333        0.233333333333333        0.004600345368590        0.002401649839341        0.002198695529249
        0.366666666666667        0.266666666666667        0.009912366642432        0.005174836201826        0.004737530440605
        0.300000000000000        0.300000000000000        0.010262037076401        0.005357384657275        0.004904652419126
        0.333333333333333        0.333333333333333        0.015393055614601        0.008036076985912        0.007356978628689
        0.366666666666667        0.366666666666667        0.019149221879142        0.009997015868320        0.009152206010822
        0.300000000000000        0.400000000000000        0.014512712011022        0.007576486041167        0.006936225969854
        0.333333333333333        0.433333333333333        0.017168722647942        0.008963079222410        0.008205643425532
        0.366666666666667        0.466666666666667        0.017168722647942        0.008963079222410        0.008205643425532
        0.300000000000000        0.500000000000000        0.010262037076401        0.005357384657275        0.004904652419126
        0.333333333333333        0.533333333333333        0.008887184802741        0.004639631211045        0.004247553591696
        0.366666666666667        0.566666666666667        0.005131018538200        0.002678692328637        0.002452326209563
        0.300000000000000        0.600000000000000        0.000000000000000        0.000000000000000        0.000000000000000
        0.333333333333333        0.633333333333333       -0.004600345368590       -0.002401649839341        0.002198695529249
        0.366666666666667        0.666666666666667       -0.009912366642432       -0.005174836201826        0.004737530440605
        0.300000000000000        0.700000000000000       -0.010262037076401       -0.005357384657275        0.004904652419126
        0.333333333333333        0.733333333333333       -0.015393055614601       -0.008036076985912        0.007356978628689
        0.366666666666667        0.766666666666667       -0.019149221879142       -0.009997015868320        0.009152206010822
        0.300000000000000        0.800000000000000       -0.014512712011022       -0.007576486041167        0.006936225969854
        0.333333333333333        0.833333333333333       -0.017168722647942       -0.008963079222410        0.008205643425532
        0.366666666666667        0.866666666666667       -0.017168722647942       -0.008963079222410        0.008205643425532
        0.300000000000000        0.900000000000000       -0.010262037076401       -0.005357384657275        0.004904652419126
        0.333333333333333        0.933333333333333       -0.008887184802741       -0.004639631211045        0.004247553591696
        0.366666666666667        0.966666666666667       -0.005131018538200       -0.002678692328637        0.002452326209563
        0.300000000000000        1.000000000000000       -0.000000000000000       -0.000000000000000        0.000000000000000
        0.333333333333333        1.033333333333333        0.004600345368590        0.002401649839341        0.002198695529249
        0.366666666666667        1.066666666666667        0.009912366642432        0.005174836201826        0.004737530440605
        0.400000000000000        0.000000000000000       -0.020524074152802       -0.010714769314549        0.009809304838252
        0.433333333333333        0.033333333333333       -0.019149221879142       -0.009997015868320        0.009152206010822
        0.466666666666667        0.066666666666667       -0.015393055614601       -0.008036076985912        0.007356978628689
        0.400000000000000        0.100000000000000       -0.014512712011022       -0.007576486041167        0.006936225969854
        0.433333333333333        0.133333333333333       -0.009912366642432       -0.005174836201826        0.004737530440605
        0.466666666666667        0.166666666666667       -0.004600345368590       -0.002401649839341        0.002198695529249
        0.400000000000000        0.200000000000000       -0.000000000000000       -0.000000000000000        0.000000000000000
        0.433333333333333        0.233333333333333        0.005131018538200        0.002678692328637        0.002452326209563
        0.466666666666667        0.266666666666667        0.008887184802741        0.004639631211045        0.004247553591696
        0.400000000000000        0.300000000000000        0.014512712011022        0.007576486041167        0.006936225969854
        0.433333333333333        0.333333333333333        0.017168722647942        0.008963079222410        0.008205643425532
        0.466666666666667        0.366666666666667        0.017168722647942        0.008963079222410        0.008205643425532
        0.400000000000000        0.400000000000000        0.020524074152802        0.010714769314549        0.009809304838252
        0.433333333333333        0.433333333333333        0.019149221879142        0.009997015868320        0.009152206010822
        0.466666666666667        0.466666666666667        0.015393055614601        0.008036076985912        0.007356978628689
        0.400000000000000        0.500000000000000        0.014512712011022        0.007576486041167        0.006936225969854
        0.433333333333333        0.533333333333333        0.009912366642432        0.005174836201826        0.004737530440605
        0.466666666666667        0.566666666666667        0.004600345368590        0.002401649839341        0.002198695529249
        0.400000000000000        0.600000000000000        0.000000000000000        0.000000000000000        0.000000000000000
        0.433333333333333        0.633333333333333       -0.005131018538200       -0.002678692328637        0.002452326209563
        0.466666666666667        0.666666666666667       -0.008887184802741       -0.004639631211045        0.004247553591696
        0.400000000000000        0.700000000000000       -0.014512712011022       -0.007576486041167        0.006936225969854
        0.433333333333333        0.733333333333333       -0.017168722647942       -0.008963079222410        0.008205643425532
        0.466666666666667        0.766666666666667       -0.017168722647942       -0.008963079222410        0.008205643425532
        0.400000000000000        0.800000000000000       -0.020524074152802       -0.010714769314549        0.009809304838252
        0.433333333333333        0.833333333333333       -0.019149221879142       -0.009997015868320        0.009152206010822
        0.466666666666667        0.866666666666667       -0.015393055614601       -0.008036076985912        0.007356978628689
        0.400000000000000        0.900000000000000       -0.014512712011022       -0.007576486041167        0.006936225969854
        0.433333333333333        0.933333333333333       -0.009912366642432       -0.005174836201826        0.004737530440605
        0.466666666666667        0.966666666666667       -0.004600345368590       -0.002401649839341        0.002198695529249
        0.400000000000000        1.000000000000000       -0.000000000000000       -0.000000000000000        0.000000000000000
        0.433333333333333        1.033333333333333        0.005131018538200        0.002678692328637        0.002452326209563
        0.466666666666667        1.066666666666667        0.008887184802741        0.004639631211045        0.004247553591696
        0.500000000000000        0.000000000000000       -0.014512712011022       -0.007576486041167        0.006936225969854
        0.533333333333333        0.033333333333333       -0.009912366642432       -0.005174836201826        0.004737530440605
        0.566666666666667        0.066666666666667       -0.004600345368590       -0.002401649839341        0.002198695529249
        0.500000000000000        0.100000000000000       -0.010262037076401       -0.005357384657275        0.004904652419126
        0.533333333333333        0.133333333333333       -0.005131018538200       -0.002678692328637        0.002452326209563
        0.566666666666667        0.166666666666667       -0.001374852273660       -0.000717753446230        0.000657098827430
        0.500000000000000        0.200000000000000       -0.000000000000000       -0.000000000000000        0.000000000000000
        0.533333333333333        0.233333333333333        0.002656010636921        0.001386593181243        0.001269417455678
        0.566666666666667        0.266666666666667        0.002656010636921        0.001386593181243        0.001269417455678
        0.500000000000000        0.300000000000000        0.010262037076401        0.005357384657275        0.004904652419126
        0.533333333333333        0.333333333333333        0.008887184802741        0.004639631211045        0.004247553591696
        0.566666666666667        0.366666666666667        0.005131018538200        0.002678692328637        0.002452326209563
        0.500000000000000        0.400000000000000        0.014512712011022        0.007576486041167        0.006936225969854
        0.533333333333333        0.433333333333333        0.009912366642432        0.005174836201826        0.004737530440605
        0.566666666666667        0.466666666666667        0.004600345368590        0.002401649839341        0.002198695529249
        0.500000000000000        0.500000000000000        0.010262037076401        0.005357384657275        0.004904652419126
        0.533333333333333        0.533333333333333        0.005131018538200        0.002678692328637        0.002452326209563
        0.566666666666667        0.566666666666667        0.001374852273660        0.000717753446230        0.000657098827430
        0.500000000000000        0.600000000000000        0.000000000000000        0.000000000000000        0.000000000000000
        0.533333333333333        0.633333333333333       -0.002656010636921       -0.001386593181243        0.001269417455678
        0.566666666666667        0.666666666666667       -0.002656010636921       -0.001386593181243        0.001269417455678
        0.500000000000000        0.700000000000000       -0.010262037076401       -0.005357384657275        0.004904652419126
        0.533333333333333        0.733333333333333       -0.008887184802741       -0.004639631211045        0.004247553591696
        0.566666666666667        0.766666666666667       -0.005131018538200       -0.002678692328637        0.002452326209563
        0.500000000000000        0.800000000000000       -0.014512712011022       -0.007576486041167        0.006936225969854
        0.533333333333333        0.833333333333333       -0.009912366642432       -0.005174836201826        0.004737530440605
        0.566666666666667        0.866666666666667       -0.004600345368590       -0.002401649839341        0.002198695529249
        0.500000000000000        0.900000000000000       -0.010262037076401       -0.005357384657275        0.004904652419126
        0.533333333333333        0.933333333333333       -0.005131018538200       -0.002678692328637        0.002452326209563
        0.566666666666667        0.966666666666667       -0.001374852273660       -0.000717753446230        0.000657098827430
        0.500000000000000        1.000000000000000       -0.000000000000000       -0.000000000000000        0.000000000000000
        0.533333333333333        1.033333333333333        0.002656010636921        0.001386593181243        0.001269417455678
        0.566666666666667        1.066666666666667        0.002656010636921        0.001386593181243        0.001269417455678
        0.600000000000000        0.000000000000000       -0.000000000000000       -0.000000000000000        0.000000000000000
        0.633333333333333        0.033333333333333        0.005131018538200        0.002678692328637        0.002452326209563
        0.666666666666667        0.066666666666667        0.008887184802741        0.004639631211045        0.004247553591696
        0.600000000000000        0.100000000000000       -0.000000000000000       -0.000000000000000        0.000000000000000
        0.633333333333333        0.133333333333333        0.002656010636921        0.001386593181243        0.001269417455678
        0.666666666666667        0.166666666666667        0.002656010636921        0.001386593181243        0.001269417455678
        0.600000000000000        0.200000000000000       -0.000000000000000       -0.000000000000000        0.000000000000000
        0.633333333333333        0.233333333333333       -0.001374852273660       -0.000717753446230        0.000657098827430
        0.666666666666667        0.266666666666667       -0.005131018538200       -0.002678692328637        0.002452326209563
        0.600000000000000        0.300000000000000        0.000000000000000        0.000000000000000        0.000000000000000
        0.633333333333333        0.333333333333333       -0.004600345368590       -0.002401649839341        0.002198695529249
        0.666666666666667        0.366666666666667       -0.009912366642432       -0.005174836201826        0.004737530440605
        0.600000000000000        0.400000000000000        0.000000000000000        0.000000000000000        0.000000000000000
        0.633333333333333        0.433333333333333       -0.005131018538200       -0.002678692328637        0.002452326209563
        0.666666666666667        0.466666666666667       -0.008887184802741       -0.004639631211045        0.004247553591696
        0.600000000000000        0.500000000000000        0.000000000000000        0.000000000000000        0.000000000000000
        0.633333333333333        0.533333333333333       -0.002656010636921       -0.001386593181243        0.001269417455678
        0.666666666666667        0.566666666666667       -0.002656010636921       -0.001386593181243        0.001269417455678
        0.600000000000000        0.600000000000000        0.000000000000000       -0.000000000000000        0.000000000000000
        0.633333333333333        0.633333333333333        0.001374852273660        0.000717753446230        0.000657098827430
        0.666666666666667        0.666666666666667        0.005131018538200        0.002678692328637        0.002452326209563
        0.600000000000000        0.700000000000000       -0.000000000000000       -0.000000000000000        0.000000000000000
        0.633333333333333        0.733333333333333        0.004600345368590        0.002401649839341        0.002198695529249
        0.666666666666667        0.766666666666667        0.009912366642432        0.005174836201826        0.004737530440605
        0.600000000000000        0.800000000000000       -0.000000000000000       -0.000000000000000        0.000000000000000
        0.633333333333333        0.833333333333333        0.005131018538200        0.002678692328637        0.002452326209563
        0.666666666666667        0.866666666666667        0.008887184802741        0.004639631211045        0.004247553591696
        0.600000000000000        0.900000000000000       -0.000000000000000       -0.000000000000000        0.000000000000000
        0.633333333333333        0.933333333333333        0.002656010636921        0.001386593181243        0.001269417455678
        0.666666666666667        0.966666666666667        0.002656010636921        0.001386593181243        0.001269417455678
        0.600000000000000        1.000000000000000       -0.000000000000000       -0.000000000000000        0.000000000000000
        0.633333333333333        1.033333333333333       -0.001374852273660       -0.000717753446230        0.000657098827430
        0.666666666666667        1.066666666666667       -0.005131018538200       -0.002678692328637        0.002452326209563
        0.700000000000000        0.000000000000000        0.014512712011022        0.007576486041167        0.006936225969854
        0.733333333333333        0.033333333333333        0.017168722647942        0.008963079222410        0.008205643425532
        0.766666666666667        0.066666666666667        0.017168722647942        0.008963079222410        0.008205643425532
        0.700000000000000        0.100000000000000        0.010262037076401        0.005357384657275        0.004904652419126
        0.733333333333333        0.133333333333333        0.008887184802741        0.004639631211045        0.004247553591696
        0.766666666666667        0.166666666666667        0.005131018538200        0.002678692328637        0.002452326209563
        0.700000000000000        0.200000000000000        0.000000000000000        0.000000000000000        0.000000000000000
        0.733333333333333        0.233333333333333       -0.004600345368590       -0.002401649839341        0.002198695529249
        0.766666666666667        0.266666666666667       -0.009912366642432       -0.005174836201826        0.004737530440605
        0.700000000000000        0.300000000000000       -0.010262037076401       -0.005357384657275        0.004904652419126
        0.733333333333333        0.333333333333333       -0.015393055614601       -0.008036076985912        0.007356978628689
        0.766666666666667        0.366666666666667       -0.019149221879142       -0.009997015868320        0.009152206010822
        0.700000000000000        0.400000000000000       -0.014512712011022       -0.007576486041167        0.006936225969854
        0.733333333333333        0.433333333333333       -0.017168722647942       -0.008963079222410        0.008205643425532
        0.766666666666667        0.466666666666667       -0.017168722647942       -0.008963079222410        0.008205643425532
        0.700000000000000        0.500000000000000       -0.010262037076401       -0.005357384657275        0.004904652419126
        0.733333333333333        0.533333333333333       -0.008887184802741       -0.004639631211045        0.004247553591696
        0.766666666666667        0.566666666666667       -0.005131018538200       -0.002678692328637        0.002452326209563
        0.700000000000000        0.600000000000000       -0.000000000000000       -0.000000000000000        0.000000000000000
        0.733333333333333        0.633333333333333        0.004600345368590        0.002401649839341        0.002198695529249
        0.766666666666667        0.666666666666667        0.009912366642432        0.005174836201826        0.004737530440605
        0.700000000000000        0.700000000000000        0.010262037076401        0.005357384657275        0.004904652419126
        0.733333333333333        0.733333333333333        0.015393055614601        0.008036076985912        0.007356978628689
        0.766666666666667        0.766666666666667        0.019149221879142        0.009997015868320        0.009152206010822
        0.700000000000000        0.800000000000000        0.014512712011022        0.007576486041167        0.006936225969854
        0.733333333333333        0.833333333333333        0.017168722647942        0.008963079222410        0.008205643425532
        0.766666666666667        0.866666666666667        0.017168722647942        0.008963079222410        0.008205643425532
        0.700000000000000        0.900000000000000        0.010262037076401        0.005357384657275        0.004904652419126
        0.733333333333333        0.933333333333333        0.008887184802741        0.004639631211045        0.004247553591696
        0.766666666666667        0.966666666666667        0.005131018538200        0.002678692328637        0.002452326209563
        0.700000000000000        1.000000000000000        0.000000000000000        0.000000000000000        0.000000000000000
        0.733333333333333        1.033333333333333       -0.004600345368590       -0.002401649839341        0.002198695529249
        0.766666666666667        1.066666666666667       -0.009912366642432       -0.005174836201826        0.004737530440605
        0.800000000000000        0.000000000000000        0.020524074152802        0.010714769314549        0.009809304838252
        0.833333333333333        0.033333333333333        0.019149221879142        0.009997015868320        0.009152206010822
        0.866666666666667        0.066666666666667        0.015393055614601        0.008036076985912        0.007356978628689
        0.800000000000000        0.100000000000000        0.014512712011022        0.007576486041167        0.006936225969854
        0.833333333333333        0.133333333333333        0.009912366642432        0.005174836201826        0.004737530440605
        0.866666666666667        0.166666666666667        0.004600345368590        0.002401649839341        0.002198695529249
        0.800000000000000        0.200000000000000        0.000000000000000        0.000000000000000        0.000000000000000
        0.833333333333333        0.233333333333333       -0.005131018538200       -0.002678692328637        0.002452326209563
        0.866666666666667        0.266666666666667       -0.008887184802741       -0.004639631211045        0.004247553591696
        0.800000000000000        0.300000000000000       -0.014512712011022       -0.007576486041167        0.006936225969854
        0.833333333333333        0.333333333333333       -0.017168722647942       -0.008963079222410        0.008205643425532
        0.866666666666667        0.366666666666667       -0.017168722647942       -0.008963079222410        0.008205643425532
        0.800000000000000        0.400000000000000       -0.020524074152802       -0.010714769314549        0.009809304838252
        0.833333333333333        0.433333333333333       -0.019149221879142       -0.009997015868320        0.009152206010822
        0.866666666666667        0.466666666666667       -0.015393055614601       -0.008036076985912        0.007356978628689
        0.800000000000000        0.500000000000000       -0.014512712011022       -0.007576486041167        0.006936225969854
        0.833333333333333        0.533333333333333       -0.009912366642432       -0.005174836201826        0.004737530440605
        0.866666666666667        0.566666666666667       -0.004600345368590       -0.002401649839341        0.002198695529249
        0.800000000000000        0.600000000000000       -0.000000000000000       -0.000000000000000        0.000000000000000
        0.833333333333333        0.633333333333333        0.005131018538200        0.002678692328637        0.002452326209563
        0.866666666666667        0.666666666666667        0.008887184802741        0.004639631211045        0.004247553591696
        0.800000000000000        0.700000000000000        0.014512712011022        0.007576486041167        0.006936225969854
        0.833333333333333        0.733333333333333        0.017168722647942        0.008963079222410        0.008205643425532
        0.866666666666667        0.766666666666667        0.017168722647942        0.008963079222410        0.008205643425532
        0.800000000000000        0.800000000000000        0.020524074152802        0.010714769314549        0.009809304838252
        0.833333333333333        0.833333333333333        0.019149221879142        0.009997015868320        0.009152206010822
        0.866666666666667        0.866666666666667        0.015393055614601        0.008036076985912        0.007356978628689
        0.800000000000000        0.900000000000000        0.014512712011022        0.007576486041167        0.006936225969854
        0.833333333333333        0.933333333333333        0.009912366642432        0.005174836201826        0.004737530440605
        0.866666666666667        0.966666666666667        0.004600345368590        0.002401649839341        0.002198695529249
        0.800000000000000        1.000000000000000        0.000000000000000        0.000000000000000        0.000000000000000
        0.833333333333333        1.033333333333333       -0.005131018538200       -0.002678692328637        0.002452326209563
        0.866666666666667        1.066666666666667       -0.008887184802741       -0.004639631211045        0.004247553591696
        0.900000000000000        0.000000000000000        0.014512712011022        0.007576486041167        0.006936225969854
        0.933333333333333        0.033333333333333        0.009912366642432        0.005174836201826        0.004737530440605
        0.966666666666667        0.066666666666667        0.004600345368590        0.002401649839341        0.002198695529249
        0.900000000000000        0.100000000000000        0.010262037076401        0.005357384657275        0.004904652419126
        0.933333333333333        0.133333333333333        0.005131018538200        0.002678692328637        0.002452326209563
        0.966666666666667        0.166666666666667        0.001374852273660        0.000717753446230        0.000657098827430
        0.900000000000000        0.200000000000000        0.000000000000000        0.000000000000000        0.000000000000000
        0.933333333333333        0.233333333333333       -0.002656010636921       -0.001386593181243        0.001269417455678
        0.966666666666667        0.266666666666667       -0.002656010636921       -0.001386593181243        0.001269417455678
        0.900000000000000        0.300000000000000       -0.010262037076401       -0.005357384657275        0.004904652419126
        0.933333333333333        0.333333333333333       -0.008887184802741       -0.004639631211045        0.004247553591696
        0.966666666666667        0.366666666666667       -0.005131018538200       -0.002678692328637        0.002452326209563
        0.900000000000000        0.400000000000000       -0.014512712011022       -0.007576486041167        0.006936225969854
        0.933333333333333        0.433333333333333       -0.009912366642432       -0.005174836201826        0.004737530440605
        0.966666666666667        0.466666666666667       -0.004600345368590       -0.002401649839341        0.002198695529249
        0.900000000000000        0.500000000000000       -0.010262037076401       -0.005357384657275        0.004904652419126
        0.933333333333333        0.533333333333333       -0.005131018538200       -0.002678692328637        0.002452326209563
        0.966666666666667        0.566666666666667       -0.001374852273660       -0.000717753446230        0.000657098827430
        0.900000000000000        0.600000000000000       -0.000000000000000       -0.000000000000000        0.000000000000000
        0.933333333333333        0.633333333333333        0.002656010636921        0.001386593181243        0.001269417455678
        0.966666666666667        0.666666666666667        0.002656010636921        0.001386593181243        0.001269417455678
        0.900000000000000        0.700000000000000        0.010262037076401        0.005357384657275        0.004904652419126
        0.933333333333333        0.733333333333333        0.008887184802741        0.004639631211045        0.004247553591696
        0.966666666666667        0.766666666666667        0.005131018538200        0.002678692328637        0.002452326209563
        0.900000000000000        0.800000000000000        0.014512712011022        0.007576486041167        0.006936225969854
        0.933333333333333        0.833333333333333        0.009912366642432        0.005174836201826        0.004737530440605
        0.966666666666667        0.866666666666667        0.004600345368590        0.002401649839341        0.002198695529249
        0.900000000000000        0.900000000000000        0.010262037076401        0.005357384657275        0.004904652419126
        0.933333333333333        0.933333333333333        0.005131018538200        0.002678692328637        0.002452326209563
        0.966666666666667        0.966666666666667        0.001374852273660        0.000717753446230        0.000657098827430
        0.900000000000000        1.000000000000000        0.000000000000000        0.000000000000000        0.000000000000000
        0.933333333333333        1.033333333333333       -0.002656010636921       -0.001386593181243        0.001269417455678
        0.966666666666667        1.066666666666667       -0.002656010636921       -0.001386593181243        0.001269417455678
        1.000000000000000        0.000000000000000        0.000000000000000        0.000000000000000        0.000000000000000
        1.033333333333333        0.033333333333333       -0.005131018538200       -0.002678692328637        0.002452326209563
        1.066666666666667        0.066666666666667       -0.008887184802741       -0.004639631211045        0.004247553591696
        1.000000000000000        0.100000000000000        0.000000000000000        0.000000000000000        0.000000000000000
        1.033333333333333        0.133333333333333       -0.002656010636921       -0.001386593181243        0.001269417455678
        1.066666666666667        0.166666666666667       -0.002656010636921       -0.001386593181243        0.001269417455678
        1.000000000000000        0.200000000000000        0.000000000000000        0.000000000000000        0.000000000000000
        1.033333333333333        0.233333333333333        0.001374852273660        0.000717753446230        0.000657098827430
        1.066666666666667        0.266666666666667        0.005131018538200        0.002678692328637        0.002452326209563
        1.000000000000000        0.300000000000000       -0.000000000000000       -0.000000000000000        0.000000000000000
        1.033333333333333        0.333333333333333        0.004600345368590        0.002401649839341        0.002198695529249
        1.066666666666667        0.366666666666667        0.009912366642432        0.005174836201826        0.004737530440605
        1.000000000000000        0.400000000000000       -0.000000000000000       -0.000000000000000        0.000000000000000
        1.033333333333333        0.433333333333333        0.005131018538200        0.002678692328637        0.002452326209563
        1.066666666666667        0.466666666666667        0.008887184802741        0.004639631211045        0.004247553591696
        1.000000000000000        0.500000000000000       -0.000000000000000       -0.000000000000000        0.000000000000000
        1.033333333333333        0.533333333333333        0.002656010636921        0.001386593181243        0.001269417455678
        1.066666666666667        0.566666666666667        0.002656010636921        0.001386593181243        0.001269417455678
        1.000000000000000        0.600000000000000       -0.000000000000000       -0.000000000000000        0.000000000000000
        1.033333333333333        0.633333333333333       -0.001374852273660       -0.000717753446230        0.000657098827430
        1.066666666666667        0.666666666666667       -0.005131018538200       -0.002678692328637        0.002452326209563
        1.000000000000000        0.700000000000000        0.000000000000000        0.000000000000000        0.000000000000000
        1.033333333333333        0.733333333333333       -0.004600345368590       -0.002401649839341        0.002198695529249
        1.066666666666667        0.766666666666667       -0.009912366642432       -0.005174836201826        0.004737530440605
        1.000000000000000        0.800000000000000        0.000000000000000        0.000000000000000        0.000000000000000
        1.033333333333333        0.833333333333333       -0.005131018538200       -0.002678692328637        0.002452326209563
        1.066666666666667        0.866666666666667       -0.008887184802741       -0.004639631211045        0.004247553591696
        1.000000000000000        0.900000000000000        0.000000000000000        0.000000000000000        0.000000000000000
        1.033333333333333        0.933333333333333       -0.002656010636921       -0.001386593181243        0.001269417455678
        1.066666666666667        0.966666666666667       -0.002656010636921       -0.001386593181243        0.001269417455678
        1.000000000000000        1.000000000000000        0.000000000000000        0.000000000000000        0.000000000000000
        1.033333333333333        1.033333333333333        0.001374852273660        0.000717753446230        0.000657098827430
        1.066666666666667        1.066666666666667        0.005131018538200        0.002678692328637        0.002452326209563
