        0.000000000000000        0.000000000000000        0.019296302911017        0.010073800785162        0.009222502125855
        0.033333333333333        0.033333333333333        0.018003695715538        0.009398984088888        0.008604711626651
        0.066666666666667        0.066666666666667        0.014472227183263        0.007555350588871        0.006916876594391
        0.000000000000000        0.100000000000000        0.013644546640210        0.007123252847510        0.006521293792699
        0.033333333333333        0.133333333333333        0.009319398666824        0.004865272173639        0.004454126493185
        0.066666666666667        0.166666666666667        0.004325147973386        0.002257980673871        0.002067167299515
        0.000000000000000        0.200000000000000        0.000000000000000        0.000000000000000        0.000000000000000
        0.033333333333333        0.233333333333333       -0.004824075727754       -0.002518450196290        0.002305625531464
        0.066666666666667        0.266666666666667       -0.008355544260030       -0.004362083696307        0.003993460563723
        0.000000000000000        0.300000000000000       -0.013644546640210       -0.007123252847510        0.006521293792699
        0.033333333333333        0.333333333333333       -0.016141671986929       -0.008426898597395        0.007714773389534
        0.066666666666667        0.366666666666667       -0.016141671986929       -0.008426898597395        0.007714773389534
        0.000000000000000        0.400000000000000       -0.019296302911017       -0.010073800785162        0.009222502125855
        0.033333333333333        0.433333333333333       -0.018003695715538       -0.009398984088888        0.008604711626651
        0.066666666666667        0.466666666666667       -0.014472227183263       -0.007555350588871        0.006916876594391
        0.000000000000000        0.500000000000000       -0.013644546640210       -0.007123252847510        0.006521293792699
        0.033333333333333        0.533333333333333       -0.009319398666824       -0.004865272173639        0.004454126493185
        0.066666666666667        0.566666666666667       -0.004325147973386       -0.002257980673871        0.002067167299515
        0.000000000000000        0.600000000000000       -0.000000000000000       -0.000000000000000        0.000000000000000
        0.033333333333333        0.633333333333333        0.004824075727754        0.002518450196290        0.002305625531464
        0.066666666666667        0.666666666666667        0.008355544260030        0.004362083696307        0.003993460563723
        0.000000000000000        0.700000000000000        0.013644546640210        0.007123252847510        0.006521293792699
        0.033333333333333        0.733333333333333        0.016141671986929        0.008426898597395        0.007714773389534
        0.066666666666667        0.766666666666667        0.016141671986929        0.008426898597395        0.007714773389534
        0.000000000000000        0.800000000000000        0.019296302911017        0.010073800785162        0.009222502125855
        0.033333333333333        0.833333333333333        0.018003695715538        0.009398984088888        0.008604711626651
        0.066666666666667        0.866666666666667        0.014472227183263        0.007555350588871        0.006916876594391
        0.000000000000000        0.900000000000000        0.013644546640210        0.007123252847510        0.006521293792699
        0.033333333333333        0.933333333333333        0.009319398666824        0.004865272173639        0.004454126493185
        0.066666666666667        0.966666666666667        0.004325147973386        0.002257980673871        0.002067167299515
        0.000000000000000        1.000000000000000        0.000000000000000        0.000000000000000        0.000000000000000
        0.033333333333333        1.033333333333333       -0.004824075727754       -0.002518450196290        0.002305625531464
        0.066666666666667        1.066666666666667       -0.008355544260030       -0.004362083696307        0.003993460563723
        0.100000000000000        0.000000000000000        0.013644546640210        0.007123252847510        0.006521293792699
        0.133333333333333        0.033333333333333        0.009319398666824        0.004865272173639        0.004454126493185
        0.166666666666667        0.066666666666667        0.004325147973386        0.002257980673871        0.002067167299515
        0.100000000000000        0.100000000000000        0.009648151455508        0.005036900392581        0.004611251062927
        0.133333333333333        0.133333333333333        0.004824075727754        0.002518450196290        0.002305625531464
        0.166666666666667        0.166666666666667        0.001292607195478        0.000674816696274        0.000617790499204
        0.100000000000000        0.200000000000000        0.000000000000000        0.000000000000000        0.000000000000000
        0.133333333333333        0.233333333333333       -0.002497125346719       -0.001303645749884        0.001193479596835
        0.166666666666667        0.266666666666667       -0.002497125346719       -0.001303645749884        0.001193479596835
        0.100000000000000        0.300000000000000       -0.009648151455508       -0.005036900392581        0.004611251062927
        0.133333333333333        0.333333333333333       -0.008355544260030       -0.004362083696307        0.003993460563723
        0.166666666666667        0.366666666666667       -0.004824075727754       -0.002518450196290        0.002305625531464
        0.100000000000000        0.400000000000000       -0.013644546640210       -0.007123252847510        0.006521293792699
        0.133333333333333        0.433333333333333       -0.009319398666824       -0.004865272173639        0.004454126493185
        0.166666666666667        0.466666666666667       -0.004325147973386       -0.002257980673871        0.002067167299515
        0.100000000000000        0.500000000000000       -0.009648151455508       -0.005036900392581        0.004611251062927
        0.133333333333333        0.533333333333333       -0.004824075727754       -0.002518450196290        0.002305625531464
        0.166666666666667        0.566666666666667       -0.001292607195478       -0.000674816696274        0.000617790499204
        0.100000000000000        0.600000000000000       -0.000000000000000       -0.000000000000000        0.000000000000000
        0.133333333333333        0.633333333333333        0.002497125346719        0.001303645749884        0.001193479596835
        0.166666666666667        0.666666666666667        0.002497125346719        0.001303645749884        0.001193479596835
        0.100000000000000        0.700000000000000        0.009648151455508        0.005036900392581        0.004611251062927
        0.133333333333333        0.733333333333333        0.008355544260030        0.004362083696307        0.003993460563723
        0.166666666666667        0.766666666666667        0.004824075727754        0.002518450196290        0.002305625531464
        0.100000000000000        0.800000000000000        0.013644546640210        0.007123252847510        0.006521293792699
        0.133333333333333        0.833333333333333        0.009319398666824        0.004865272173639        0.004454126493185
        0.166666666666667        0.866666666666667        0.004325147973386        0.002257980673871        0.002067167299515
        0.100000000000000        0.900000000000000        0.009648151455508        0.005036900392581        0.004611251062927
        0.133333333333333        0.933333333333333        0.004824075727754        0.002518450196290        0.002305625531464
        0.166666666666667        0.966666666666667        0.001292607195478        0.000674816696274        0.000617790499204
        0.100000000000000        1.000000000000000        0.000000000000000        0.000000000000000        0.000000000000000
        0.133333333333333        1.033333333333333       -0.002497125346719       -0.001303645749884        0.001193479596835
        0.166666666666667        1.066666666666667       -0.002497125346719       -0.001303645749884        0.001193479596835
        0.200000000000000        0.000000000000000        0.000000000000000        0.000000000000000        0.000000000000000
        0.233333333333333        0.033333333333333       -0.004824075727754       -0.002518450196290        0.002305625531464
        0.266666666666667        0.066666666666667       -0.008355544260030       -0.004362083696307        0.003993460563723
        0.200000000000000        0.100000000000000        0.000000000000000        0.000000000000000        0.000000000000000
        0.233333333333333        0.133333333333333       -0.002497125346719       -0.001303645749884        0.001193479596835
        0.266666666666667        0.166666666666667       -0.002497125346719       -0.001303645749884        0.001193479596835
        0.200000000000000        0.200000000000000        0.000000000000000        0.000000000000000        0.000000000000000
        0.233333333333333        0.233333333333333        0.001292607195478        0.000674816696274        0.000617790499204
        0.266666666666667        0.266666666666667        0.004824075727754        0.002518450196290        0.002305625531464
        0.200000000000000        0.300000000000000       -0.000000000000000       -0.000000000000000        0.000000000000000
        0.233333333333333        0.333333333333333        0.004325147973386        0.002257980673871        0.002067167299515
        0.266666666666667        0.366666666666667        0.009319398666824        0.004865272173639        0.004454126493185
        0.200000000000000        0.400000000000000       -0.000000000000000       -0.000000000000000        0.000000000000000
        0.233333333333333        0.433333333333333        0.004824075727754        0.002518450196290        0.002305625531464
        0.266666666666667        0.466666666666667        0.008355544260030        0.004362083696307        0.003993460563723
        0.200000000000000        0.500000000000000       -0.000000000000000       -0.000000000000000        0.000000000000000
        0.233333333333333        0.533333333333333        0.002497125346719        0.001303645749884        0.001193479596835
        0.266666666666667        0.566666666666667        0.002497125346719        0.001303645749884        0.001193479596835
        0.200000000000000        0.600000000000000       -0.000000000000000        0.000000000000000        0.000000000000000
        0.233333333333333        0.633333333333333       -0.001292607195478       -0.000674816696274        0.000617790499204
        0.266666666666667        0.666666666666667       -0.004824075727754       -0.002518450196290        0.002305625531464
        0.200000000000000        0.700000000000000        0.000000000000000        0.000000000000000        0.000000000000000
        0.233333333333333        0.733333333333333       -0.004325147973386       -0.002257980673871        0.002067167299515
        0.266666666666667        0.766666666666667       -0.009319398666824       -0.004865272173639        0.004454126493185
        0.200000000000000        0.800000000000000        0.000000000000000        0.000000000000000        0.000000000000000
        0.233333333333333        0.833333333333333       -0.004824075727754       -0.002518450196290        0.002305625531464
        0.266666666666667        0.866666666666667       -0.008355544260030       -0.004362083696307        0.003993460563723
        0.200000000000000        0.900000000000000        0.000000000000000        0.000000000000000        0.000000000000000
        0.233333333333333        0.933333333333333       -0.002497125346719       -0.001303645749884        0.001193479596835
        0.266666666666667        0.966666666666667       -0.002497125346719       -0.001303645749884        0.001193479596835
        0.200000000000000        1.000000000000000        0.000000000000000        0.000000000000000        0.000000000000000
        0.233333333333333        1.033333333333333        0.001292607195478        0.000674816696274        0.000617790499204
        0.266666666666667        1.066666666666667        0.004824075727754        0.002518450196290        0.002305625531464
        0.300000000000000        0.000000000000000       -0.013644546640210       -0.007123252847510        0.006521293792699
        0.333333333333333        0.033333333333333       -0.016141671986929       -0.008426898597395        0.007714773389534
        0.366666666666667        0.066666666666667       -0.016141671986929       -0.008426898597395        0.007714773389534
        0.300000000000000        0.100000000000000       -0.009648151455508       -0.005036900392581        0.004611251062927
        0.333333333333333        0.133333333333333       -0.008355544260030       -0.004362083696307        0.003993460563723
        0.366666666666667        0.166666666666667       -0.004824075727754       -0.002518450196290        0.002305625531464
        0.300000000000000        0.200000000000000       -0.000000000000000       -0.000000000000000        0.000000000000000
        0.333333333333333        0.233333333333333        0.004325147973386        0.002257980673871        0.002067167299515
        0.366666666666667        0.266666666666667        0.009319398666824        0.004865272173639        0.004454126493185
        0.300000000000000        0.300000000000000        0.009648151455508        0.005036900392581        0.004611251062927
        0.333333333333333        0.333333333333333        0.014472227183263        0.007555350588871        0.006916876594391
        0.366666666666667        0.366666666666667        0.018003695715538        0.009398984088888        0.008604711626651
        0.300000000000000        0.400000000000000        0.013644546640210        0.007123252847510        0.006521293792699
        0.333333333333333        0.433333333333333        0.016141671986929        0.008426898597395        0.007714773389534
        0.366666666666667        0.466666666666667        0.016141671986929        0.008426898597395        0.007714773389534
        0.300000000000000        0.500000000000000        0.009648151455508        0.005036900392581        0.004611251062927
        0.333333333333333        0.533333333333333        0.008355544260030        0.004362083696307        0.003993460563723
        0.366666666666667        0.566666666666667        0.004824075727754        0.002518450196290        0.002305625531464
        0.300000000000000        0.600000000000000        0.000000000000000        0.000000000000000        0.000000000000000
        0.333333333333333        0.633333333333333       -0.004325147973386       -0.002257980673871        0.002067167299515
        0.366666666666667        0.666666666666667       -0.009319398666824       -0.004865272173639        0.004454126493185
        0.300000000000000        0.700000000000000       -0.009648151455508       -0.005036900392581        0.004611251062927
        0.333333333333333        0.733333333333333       -0.014472227183263       -0.007555350588871        0.006916876594391
        0.366666666666667        0.766666666666667       -0.018003695715538       -0.009398984088888        0.008604711626651
        0.300000000000000        0.800000000000000       -0.013644546640210       -0.007123252847510        0.006521293792699
        0.333333333333333        0.833333333333333       -0.016141671986929       -0.008426898597395        0.007714773389534
        0.366666666666667        0.866666666666667       -0.016141671986929       -0.008426898597395        0.007714773389534
        0.300000000000000        0.900000000000000       -0.009648151455508       -0.005036900392581        0.004611251062927
        0.333333333333333        0.933333333333333       -0.008355544260030       -0.004362083696307        0.003993460563723
        0.366666666666667        0.966666666666667       -0.004824075727754       -0.002518450196290        0.002305625531464
        0.300000000000000        1.000000000000000       -0.000000000000000       -0.000000000000000        0.000000000000000
        0.333333333333333        1.033333333333333        0.004325147973386        0.002257980673871        0.002067167299515
        0.366666666666667        1.066666666666667        0.009319398666824        0.004865272173639        0.004454126493185
        0.400000000000000        0.000000000000000       -0.019296302911017       -0.010073800785162        0.009222502125855
        0.433333333333333        0.033333333333333       -0.018003695715538       -0.009398984088888        0.008604711626651
        0.466666666666667        0.066666666666667       -0.014472227183263       -0.007555350588871        0.006916876594391
        0.400000000000000        0.100000000000000       -0.013644546640210       -0.007123252847510        0.006521293792699
        0.433333333333333        0.133333333333333       -0.009319398666824       -0.004865272173639        0.004454126493185
        0.466666666666667        0.166666666666667       -0.004325147973386       -0.002257980673871        0.002067167299515
        0.400000000000000        0.200000000000000       -0.000000000000000       -0.000000000000000        0.000000000000000
        0.433333333333333        0.233333333333333        0.004824075727754        0.002518450196290        0.002305625531464
        0.466666666666667        0.266666666666667        0.008355544260030        0.004362083696307        0.003993460563723
        0.400000000000000        0.300000000000000        0.013644546640210        0.007123252847510        0.006521293792699
        0.433333333333333        0.333333333333333        0.016141671986929        0.008426898597395        0.007714773389534
        0.466666666666667        0.366666666666667        0.016141671986929        0.008426898597395        0.007714773389534
        0.400000000000000        0.400000000000000        0.019296302911017        0.010073800785162        0.009222502125855
        0.433333333333333        0.433333333333333        0.018003695715538        0.009398984088888        0.008604711626651
        0.466666666666667        0.466666666666667        0.014472227183263        0.007555350588871        0.006916876594391
        0.400000000000000        0.500000000000000        0.013644546640210        0.007123252847510        0.006521293792699
        0.433333333333333        0.533333333333333        0.009319398666824        0.004865272173639        0.004454126493185
        0.466666666666667        0.566666666666667        0.004325147973386        0.002257980673871        0.002067167299515
        0.400000000000000        0.600000000000000        0.000000000000000        0.000000000000000        0.000000000000000
        0.433333333333333        0.633333333333333       -0.004824075727754       -0.002518450196290        0.002305625531464
        0.466666666666667        0.666666666666667       -0.008355544260030       -0.004362083696307        0.003993460563723
        0.400000000000000        0.700000000000000       -0.013644546640210       -0.007123252847510        0.006521293792699
        0.433333333333333        0.733333333333333       -0.016141671986929       -0.008426898597395        0.007714773389534
        0.466666666666667        0.766666666666667       -0.016141671986929       -0.008426898597395        0.007714773389534
        0.400000000000000        0.800000000000000       -0.019296302911017       -0.010073800785162        0.009222502125855
        0.433333333333333        0.833333333333333       -0.018003695715538       -0.009398984088888        0.008604711626651
        0.466666666666667        0.866666666666667       -0.014472227183263       -0.007555350588871        0.006916876594391
        0.400000000000000        0.900000000000000       -0.013644546640210       -0.007123252847510        0.006521293792699
        0.433333333333333        0.933333333333333       -0.009319398666824       -0.004865272173639        0.004454126493185
        0.466666666666667        0.966666666666667       -0.004325147973386       -0.002257980673871        0.002067167299515
        0.400000000000000        1.000000000000000       -0.000000000000000       -0.000000000000000        0.000000000000000
        0.433333333333333        1.033333333333333        0.004824075727754        0.002518450196290        0.002305625531464
        0.466666666666667        1.066666666666667        0.008355544260030        0.004362083696307        0.003993460563723
        0.500000000000000        0.000000000000000       -0.013644546640210       -0.007123252847510        0.006521293792699
        0.533333333333333        0.033333333333333       -0.009319398666824       -0.004865272173639        0.004454126493185
        0.566666666666667        0.066666666666667       -0.004325147973386       -0.002257980673871        0.002067167299515
        0.500000000000000        0.100000000000000       -0.009648151455508       -0.005036900392581        0.004611251062927
        0.533333333333333        0.133333333333333       -0.004824075727754       -0.002518450196290        0.002305625531464
        0.566666666666667        0.166666666666667       -0.001292607195478       -0.000674816696274        0.000617790499204
        0.500000000000000        0.200000000000000       -0.000000000000000       -0.000000000000000        0.000000000000000
        0.533333333333333        0.233333333333333        0.002497125346719        0.001303645749884        0.001193479596835
        0.566666666666667        0.266666666666667        0.002497125346719        0.001303645749884        0.001193479596835
        0.500000000000000        0.300000000000000        0.009648151455508        0.005036900392581        0.004611251062927
        0.533333333333333        0.333333333333333        0.008355544260030        0.004362083696307        0.003993460563723
        0.566666666666667        0.366666666666667        0.004824075727754        0.002518450196290        0.002305625531464
        0.500000000000000        0.400000000000000        0.013644546640210        0.007123252847510        0.006521293792699
        0.533333333333333        0.433333333333333        0.009319398666824        0.004865272173639        0.004454126493185
        0.566666666666667        0.466666666666667        0.004325147973386        0.002257980673871        0.002067167299515
        0.500000000000000        0.500000000000000        0.009648151455508        0.005036900392581        0.004611251062927
        0.533333333333333        0.533333333333333        0.004824075727754        0.002518450196290        0.002305625531464
        0.566666666666667        0.566666666666667        0.001292607195478        0.000674816696274        0.000617790499204
        0.500000000000000        0.600000000000000        0.000000000000000        0.000000000000000        0.000000000000000
        0.533333333333333        0.633333333333333       -0.002497125346719       -0.001303645749884        0.001193479596835
        0.566666666666667        0.666666666666667       -0.002497125346719       -0.001303645749884        0.001193479596835
        0.500000000000000        0.700000000000000       -0.009648151455508       -0.005036900392581        0.004611251062927
        0.533333333333333        0.733333333333333       -0.008355544260030       -0.004362083696307        0.003993460563723
        0.566666666666667        0.766666666666667       -0.004824075727754       -0.002518450196290        0.002305625531464
        0.500000000000000        0.800000000000000       -0.013644546640210       -0.007123252847510        0.006521293792699
        0.533333333333333        0.833333333333333       -0.009319398666824       -0.004865272173639        0.004454126493185
        0.566666666666667        0.866666666666667       -0.004325147973386       -0.002257980673871        0.002067167299515
        0.500000000000000        0.900000000000000       -0.009648151455508       -0.005036900392581        0.004611251062927
        0.533333333333333        0.933333333333333       -0.004824075727754       -0.002518450196290        0.002305625531464
        0.566666666666667        0.966666666666667       -0.001292607195478       -0.000674816696274        0.000617790499204
        0.500000000000000        1.000000000000000       -0.000000000000000       -0.000000000000000        0.000000000000000
        0.533333333333333        1.033333333333333        0.002497125346719        0.001303645749884        0.001193479596835
        0.566666666666667        1.066666666666667        0.002497125346719        0.001303645749884        0.001193479596835
        0.600000000000000        0.000000000000000       -0.000000000000000       -0.000000000000000        0.000000000000000
        0.633333333333333        0.033333333333333        0.004824075727754        0.002518450196290        0.002305625531464
        0.666666666666667        0.066666666666667        0.008355544260030        0.004362083696307        0.003993460563723
        0.600000000000000        0.100000000000000       -0.000000000000000       -0.000000000000000        0.000000000000000
        0.633333333333333        0.133333333333333        0.002497125346719        0.001303645749884        0.001193479596835
        0.666666666666667        0.166666666666667        0.002497125346719        0.001303645749884        0.001193479596835
        0.600000000000000        0.200000000000000       -0.000000000000000        0.000000000000000        0.000000000000000
        0.633333333333333        0.233333333333333       -0.001292607195478       -0.000674816696274        0.000617790499204
        0.666666666666667        0.266666666666667       -0.004824075727754       -0.002518450196290        0.002305625531464
        0.600000000000000        0.300000000000000        0.000000000000000        0.000000000000000        0.000000000000000
        0.633333333333333        0.333333333333333       -0.004325147973386       -0.002257980673871        0.002067167299515
        0.666666666666667        0.366666666666667       -0.009319398666824       -0.004865272173639        0.004454126493185
        0.600000000000000        0.400000000000000        0.000000000000000        0.000000000000000        0.000000000000000
        0.633333333333333        0.433333333333333       -0.004824075727754       -0.002518450196290        0.002305625531464
        0.666666666666667        0.466666666666667       -0.008355544260030       -0.004362083696307        0.003993460563723
        0.600000000000000        0.500000000000000        0.000000000000000        0.000000000000000        0.000000000000000
        0.633333333333333        0.533333333333333       -0.002497125346719       -0.001303645749884        0.001193479596835
        0.666666666666667        0.566666666666667       -0.002497125346719       -0.001303645749884        0.001193479596835
        0.600000000000000        0.600000000000000        0.000000000000000        0.000000000000000        0.000000000000000
        0.633333333333333        0.633333333333333        0.001292607195478        0.000674816696274        0.000617790499204
        0.666666666666667        0.666666666666667        0.004824075727754        0.002518450196290        0.002305625531464
        0.600000000000000        0.700000000000000       -0.000000000000000       -0.000000000000000        0.000000000000000
        0.633333333333333        0.733333333333333        0.004325147973386        0.002257980673871        0.002067167299515
        0.666666666666667        0.766666666666667        0.009319398666824        0.004865272173639        0.004454126493185
        0.600000000000000        0.800000000000000       -0.000000000000000       -0.000000000000000        0.000000000000000
        0.633333333333333        0.833333333333333        0.004824075727754        0.002518450196290        0.002305625531464
        0.666666666666667        0.866666666666667        0.008355544260030        0.004362083696307        0.003993460563723
        0.600000000000000        0.900000000000000       -0.000000000000000       -0.000000000000000        0.000000000000000
        0.633333333333333        0.933333333333333        0.002497125346719        0.001303645749884        0.001193479596835
        0.666666666666667        0.966666666666667        0.002497125346719        0.001303645749884        0.001193479596835
        0.600000000000000        1.000000000000000       -0.000000000000000       -0.000000000000000        0.000000000000000
        0.633333333333333        1.033333333333333       -0.001292607195478       -0.000674816696274        0.000617790499204
        0.666666666666667        1.066666666666667       -0.004824075727754       -0.002518450196290        0.002305625531464
        0.700000000000000        0.000000000000000        0.013644546640210        0.007123252847510        0.006521293792699
        0.733333333333333        0.033333333333333        0.016141671986929        0.008426898597395        0.007714773389534
        0.766666666666667        0.066666666666667        0.016141671986929        0.008426898597395        0.007714773389534
        0.700000000000000        0.100000000000000        0.009648151455508        0.005036900392581        0.004611251062927
        0.733333333333333        0.133333333333333        0.008355544260030        0.004362083696307        0.003993460563723
        0.766666666666667        0.166666666666667        0.004824075727754        0.002518450196290        0.002305625531464
        0.700000000000000        0.200000000000000        0.000000000000000        0.000000000000000        0.000000000000000
        0.733333333333333        0.233333333333333       -0.004325147973386       -0.002257980673871        0.002067167299515
        0.766666666666667        0.266666666666667       -0.009319398666824       -0.004865272173639        0.004454126493185
        0.700000000000000        0.300000000000000       -0.009648151455508       -0.005036900392581        0.004611251062927
        0.733333333333333        0.333333333333333       -0.014472227183263       -0.007555350588871        0.006916876594391
        0.766666666666667        0.366666666666667       -0.018003695715538       -0.009398984088888        0.008604711626651
        0.700000000000000        0.400000000000000       -0.013644546640210       -0.007123252847510        0.006521293792699
        0.733333333333333        0.433333333333333       -0.016141671986929       -0.008426898597395        0.007714773389534
        0.766666666666667        0.466666666666667       -0.016141671986929       -0.008426898597395        0.007714773389534
        0.700000000000000        0.500000000000000       -0.009648151455508       -0.005036900392581        0.004611251062927
        0.733333333333333        0.533333333333333       -0.008355544260030       -0.004362083696307        0.003993460563723
        0.766666666666667        0.566666666666667       -0.004824075727754       -0.002518450196290        0.002305625531464
        0.700000000000000        0.600000000000000       -0.000000000000000       -0.000000000000000        0.000000000000000
        0.733333333333333        0.633333333333333        0.004325147973386        0.002257980673871        0.002067167299515
        0.766666666666667        0.666666666666667        0.009319398666824        0.004865272173639        0.004454126493185
        0.700000000000000        0.700000000000000        0.009648151455508        0.005036900392581        0.004611251062927
        0.733333333333333        0.733333333333333        0.014472227183263        0.007555350588871        0.006916876594391
        0.766666666666667        0.766666666666667        0.018003695715538        0.009398984088888        0.008604711626651
        0.700000000000000        0.800000000000000        0.013644546640210        0.007123252847510        0.006521293792699
        0.733333333333333        0.833333333333333        0.016141671986929        0.008426898597395        0.007714773389534
        0.766666666666667        0.866666666666667        0.016141671986929        0.008426898597395        0.007714773389534
        0.700000000000000        0.900000000000000        0.009648151455508        0.005036900392581        0.004611251062927
        0.733333333333333        0.933333333333333        0.008355544260030        0.004362083696307        0.003993460563723
        0.766666666666667        0.966666666666667        0.004824075727754        0.002518450196290        0.002305625531464
        0.700000000000000        1.000000000000000        0.000000000000000        0.000000000000000        0.000000000000000
        0.733333333333333        1.033333333333333       -0.004325147973386       -0.002257980673871        0.002067167299515
        0.766666666666667        1.066666666666667       -0.009319398666824       -0.004865272173639        0.004454126493185
        0.800000000000000        0.000000000000000        0.019296302911017        0.010073800785162        0.009222502125855
        0.833333333333333        0.033333333333333        0.018003695715538        0.009398984088888        0.008604711626651
        0.866666666666667        0.066666666666667        0.014472227183263        0.007555350588871        0.006916876594391
        0.800000000000000        0.100000000000000        0.013644546640210        0.007123252847510        0.006521293792699
        0.833333333333333        0.133333333333333        0.009319398666824        0.004865272173639        0.004454126493185
        0.866666666666667        0.166666666666667        0.004325147973386        0.002257980673871        0.002067167299515
        0.800000000000000        0.200000000000000        0.000000000000000        0.000000000000000        0.000000000000000
        0.833333333333333        0.233333333333333       -0.004824075727754       -0.002518450196290        0.002305625531464
        0.866666666666667        0.266666666666667       -0.008355544260030       -0.004362083696307        0.003993460563723
        0.800000000000000        0.300000000000000       -0.013644546640210       -0.007123252847510        0.006521293792699
        0.833333333333333        0.333333333333333       -0.016141671986929       -0.008426898597395        0.007714773389534
        0.866666666666667        0.366666666666667       -0.016141671986929       -0.008426898597395        0.007714773389534
        0.800000000000000        0.400000000000000       -0.019296302911017       -0.010073800785162        0.009222502125855
        0.833333333333333        0.433333333333333       -0.018003695715538       -0.009398984088888        0.008604711626651
        0.866666666666667        0.466666666666667       -0.014472227183263       -0.007555350588871        0.006916876594391
        0.800000000000000        0.500000000000000       -0.013644546640210       -0.007123252847510        0.006521293792699
        0.833333333333333        0.533333333333333       -0.009319398666824       -0.004865272173639        0.004454126493185
        0.866666666666667        0.566666666666667       -0.004325147973386       -0.002257980673871        0.002067167299515
        0.800000000000000        0.600000000000000       -0.000000000000000       -0.000000000000000        0.000000000000000
        0.833333333333333        0.633333333333333        0.004824075727754        0.002518450196290        0.002305625531464
        0.866666666666667        0.666666666666667        0.008355544260030        0.004362083696307        0.003993460563723
        0.800000000000000        0.700000000000000        0.013644546640210        0.007123252847510        0.006521293792699
        0.833333333333333        0.733333333333333        0.016141671986929        0.008426898597395        0.007714773389534
        0.866666666666667        0.766666666666667        0.016141671986929        0.008426898597395        0.007714773389534
        0.800000000000000        0.800000000000000        0.019296302911017        0.010073800785162        0.009222502125855
        0.833333333333333        0.833333333333333        0.018003695715538        0.009398984088888        0.008604711626651
        0.866666666666667        0.866666666666667        0.014472227183263        0.007555350588871        0.006916876594391
        0.800000000000000        0.900000000000000        0.013644546640210        0.007123252847510        0.006521293792699
        0.833333333333333        0.933333333333333        0.009319398666824        0.004865272173639        0.004454126493185
        0.866666666666667        0.966666666666667        0.004325147973386        0.002257980673871        0.002067167299515
        0.800000000000000        1.000000000000000        0.000000000000000        0.000000000000000        0.000000000000000
        0.833333333333333        1.033333333333333       -0.004824075727754       -0.002518450196290        0.002305625531464
        0.866666666666667        1.066666666666667       -0.008355544260030       -0.004362083696307        0.003993460563723
        0.900000000000000        0.000000000000000        0.013644546640210        0.007123252847510        0.006521293792699
        0.933333333333333        0.033333333333333        0.009319398666824        0.004865272173639        0.004454126493185
        0.966666666666667        0.066666666666667        0.004325147973386        0.002257980673871        0.002067167299515
        0.900000000000000        0.100000000000000        0.009648151455508        0.005036900392581        0.004611251062927
        0.933333333333333        0.133333333333333        0.004824075727754        0.002518450196290        0.002305625531464
        0.966666666666667        0.166666666666667        0.001292607195478        0.000674816696274        0.000617790499204
        0.900000000000000        0.200000000000000        0.000000000000000        0.000000000000000        0.000000000000000
        0.933333333333333        0.233333333333333       -0.002497125346719       -0.001303645749884        0.001193479596835
        0.966666666666667        0.266666666666667       -0.002497125346719       -0.001303645749884        0.001193479596835
        0.900000000000000        0.300000000000000       -0.009648151455508       -0.005036900392581        0.004611251062927
        0.933333333333333        0.333333333333333       -0.008355544260030       -0.004362083696307        0.003993460563723
        0.966666666666667        0.366666666666667       -0.004824075727754       -0.002518450196290        0.002305625531464
        0.900000000000000        0.400000000000000       -0.013644546640210       -0.007123252847510        0.006521293792699
        0.933333333333333        0.433333333333333       -0.009319398666824       -0.004865272173639        0.004454126493185
        0.966666666666667        0.466666666666667       -0.004325147973386       -0.002257980673871        0.002067167299515
        0.900000000000000        0.500000000000000       -0.009648151455508       -0.005036900392581        0.004611251062927
        0.933333333333333        0.533333333333333       -0.004824075727754       -0.002518450196290        0.002305625531464
        0.966666666666667        0.566666666666667       -0.001292607195478       -0.000674816696274        0.000617790499204
        0.900000000000000        0.600000000000000       -0.000000000000000       -0.000000000000000        0.000000000000000
        0.933333333333333        0.633333333333333        0.002497125346719        0.001303645749884        0.001193479596835
        0.966666666666667        0.666666666666667        0.002497125346719        0.001303645749884        0.001193479596835
        0.900000000000000        0.700000000000000        0.009648151455508        0.005036900392581        0.004611251062927
        0.933333333333333        0.733333333333333        0.008355544260030        0.004362083696307        0.003993460563723
        0.966666666666667        0.766666666666667        0.004824075727754        0.002518450196290        0.002305625531464
        0.900000000000000        0.800000000000000        0.013644546640210        0.007123252847510        0.006521293792699
        0.933333333333333        0.833333333333333        0.009319398666824        0.004865272173639        0.004454126493185
        0.966666666666667        0.866666666666667        0.004325147973386        0.002257980673871        0.002067167299515
        0.900000000000000        0.900000000000000        0.009648151455508        0.005036900392581        0.004611251062927
        0.933333333333333        0.933333333333333        0.004824075727754        0.002518450196290        0.002305625531464
        0.966666666666667        0.966666666666667        0.001292607195478        0.000674816696274        0.000617790499204
        0.900000000000000        1.000000000000000        0.000000000000000        0.000000000000000        0.000000000000000
        0.933333333333333        1.033333333333333       -0.002497125346719       -0.001303645749884        0.001193479596835
        0.966666666666667        1.066666666666667       -0.002497125346719       -0.001303645749884        0.001193479596835
        1.000000000000000        0.000000000000000        0.000000000000000        0.000000000000000        0.000000000000000
        1.033333333333333        0.033333333333333       -0.004824075727754       -0.002518450196290        0.002305625531464
        1.066666666666667        0.066666666666667       -0.008355544260030       -0.004362083696307        0.003993460563723
        1.000000000000000        0.100000000000000        0.000000000000000        0.000000000000000        0.000000000000000
        1.033333333333333        0.133333333333333       -0.002497125346719       -0.001303645749884        0.001193479596835
        1.066666666666667        0.166666666666667       -0.002497125346719       -0.001303645749884        0.001193479596835
        1.000000000000000        0.200000000000000        0.000000000000000        0.000000000000000        0.000000000000000
        1.033333333333333        0.233333333333333        0.001292607195478        0.000674816696274        0.000617790499204
        1.066666666666667        0.266666666666667        0.004824075727754        0.002518450196290        0.002305625531464
        1.000000000000000        0.300000000000000       -0.000000000000000       -0.000000000000000        0.000000000000000
        1.033333333333333        0.333333333333333        0.004325147973386        0.002257980673871        0.002067167299515
        1.066666666666667        0.366666666666667        0.009319398666824        0.004865272173639        0.004454126493185
        1.000000000000000        0.400000000000000       -0.000000000000000       -0.000000000000000        0.000000000000000
        1.033333333333333        0.433333333333333        0.004824075727754        0.002518450196290        0.002305625531464
        1.066666666666667        0.466666666666667        0.008355544260030        0.004362083696307        0.003993460563723
        1.000000000000000        0.500000000000000       -0.000000000000000       -0.000000000000000        0.000000000000000
        1.033333333333333        0.533333333333333        0.002497125346719        0.001303645749884        0.001193479596835
        1.066666666666667        0.566666666666667        0.002497125346719        0.001303645749884        0.001193479596835
        1.000000000000000        0.600000000000000       -0.000000000000000       -0.000000000000000        0.000000000000000
        1.033333333333333        0.633333333333333       -0.001292607195478       -0.000674816696274        0.000617790499204
        1.066666666666667        0.666666666666667       -0.004824075727754       -0.002518450196290        0.002305625531464
        1.000000000000000        0.700000000000000        0.000000000000000        0.000000000000000        0.000000000000000
        1.033333333333333        0.733333333333333       -0.004325147973386       -0.002257980673871        0.002067167299515
        1.066666666666667        0.766666666666667       -0.009319398666824       -0.004865272173639        0.004454126493185
        1.000000000000000        0.800000000000000        0.000000000000000        0.000000000000000        0.000000000000000
        1.033333333333333        0.833333333333333       -0.004824075727754       -0.002518450196290        0.002305625531464
        1.066666666666667        0.866666666666667       -0.008355544260030       -0.004362083696307        0.003993460563723
        1.000000000000000        0.900000000000000        0.000000000000000        0.000000000000000        0.000000000000000
        1.033333333333333        0.933333333333333       -0.002497125346719       -0.001303645749884        0.001193479596835
        1.066666666666667        0.966666666666667       -0.002497125346719       -0.001303645749884        0.001193479596835
        1.000000000000000        1.000000000000000        0.000000000000000        0.000000000000000        0.000000000000000
        1.033333333333333        1.033333333333333        0.001292607195478        0.000674816696274        0.000617790499204
        1.066666666666667        1.066666666666667        0.004824075727754        0.002518450196290        0.002305625531464
