        0.000000000000000        0.000000000000000        0.018141978208692        0.009471175652968        0.008670802555724
        0.033333333333333        0.033333333333333        0.016926696106162        0.008836727186071        0.008089968920090
        0.066666666666667        0.066666666666667        0.013606483656519        0.007103381739726        0.006503101916793
        0.000000000000000        0.100000000000000        0.012828315815505        0.006697132530022        0.006131183285482
        0.033333333333333        0.133333333333333        0.008761902645875        0.004574226584261        0.004187676061614
        0.066666666666667        0.166666666666667        0.004066413169630        0.002122905945762        0.001943507223869
        0.000000000000000        0.200000000000000        0.000000000000000        0.000000000000000        0.000000000000000
        0.033333333333333        0.233333333333333       -0.004535494552173       -0.002367793913242        0.002167700638931
        0.066666666666667        0.266666666666667       -0.007855707001816       -0.004101139359587        0.003754567642228
        0.000000000000000        0.300000000000000       -0.012828315815505       -0.006697132530022        0.006131183285482
        0.033333333333333        0.333333333333333       -0.015176060553627       -0.007922792849272        0.007253267704355
        0.066666666666667        0.366666666666667       -0.015176060553627       -0.007922792849272        0.007253267704355
        0.000000000000000        0.400000000000000       -0.018141978208692       -0.009471175652968        0.008670802555724
        0.033333333333333        0.433333333333333       -0.016926696106162       -0.008836727186071        0.008089968920090
        0.066666666666667        0.466666666666667       -0.013606483656519       -0.007103381739726        0.006503101916793
        0.000000000000000        0.500000000000000       -0.012828315815505       -0.006697132530022        0.006131183285482
        0.033333333333333        0.533333333333333       -0.008761902645875       -0.004574226584261        0.004187676061614
        0.066666666666667        0.566666666666667       -0.004066413169630       -0.002122905945762        0.001943507223869
        0.000000000000000        0.600000000000000       -0.000000000000000       -0.000000000000000        0.000000000000000
        0.033333333333333        0.633333333333333        0.004535494552173        0.002367793913242        0.002167700638931
        0.066666666666667        0.666666666666667        0.007855707001816        0.004101139359587        0.003754567642228
        0.000000000000000        0.700000000000000        0.012828315815505        0.006697132530022        0.006131183285482
        0.033333333333333        0.733333333333333        0.015176060553627        0.007922792849272        0.007253267704355
        0.066666666666667        0.766666666666667        0.015176060553627        0.007922792849272        0.007253267704355
        0.000000000000000        0.800000000000000        0.018141978208692        0.009471175652968        0.008670802555724
        0.033333333333333        0.833333333333333        0.016926696106162        0.008836727186071        0.008089968920090
        0.066666666666667        0.866666666666667        0.013606483656519        0.007103381739726        0.006503101916793
        0.000000000000000        0.900000000000000        0.012828315815505        0.006697132530022        0.006131183285482
        0.033333333333333        0.933333333333333        0.008761902645875        0.004574226584261        0.004187676061614
        0.066666666666667        0.966666666666667        0.004066413169630        0.002122905945762        0.001943507223869
        0.000000000000000        1.000000000000000        0.000000000000000        0.000000000000000        0.000000000000000
        0.033333333333333        1.033333333333333       -0.004535494552173       -0.002367793913242        0.002167700638931
        0.066666666666667        1.066666666666667       -0.007855707001816       -0.004101139359587        0.003754567642228
        0.100000000000000        0.000000000000000        0.012828315815505        0.006697132530022        0.006131183285482
        0.133333333333333        0.033333333333333        0.008761902645875        0.004574226584261        0.004187676061614
        0.166666666666667        0.066666666666667        0.004066413169630        0.002122905945762        0.001943507223869
        0.100000000000000        0.100000000000000        0.009070989104346        0.004735587826484        0.004335401277862
        0.133333333333333        0.133333333333333        0.004535494552173        0.002367793913242        0.002167700638931
        0.166666666666667        0.166666666666667        0.001215282102531        0.000634448466897        0.000580833635634
        0.100000000000000        0.200000000000000        0.000000000000000        0.000000000000000        0.000000000000000
        0.133333333333333        0.233333333333333       -0.002347744738122       -0.001225660319250        0.001122084418873
        0.166666666666667        0.266666666666667       -0.002347744738122       -0.001225660319250        0.001122084418873
        0.100000000000000        0.300000000000000       -0.009070989104346       -0.004735587826484        0.004335401277862
        0.133333333333333        0.333333333333333       -0.007855707001816       -0.004101139359587        0.003754567642228
        0.166666666666667        0.366666666666667       -0.004535494552173       -0.002367793913242        0.002167700638931
        0.100000000000000        0.400000000000000       -0.012828315815505       -0.006697132530022        0.006131183285482
        0.133333333333333        0.433333333333333       -0.008761902645875       -0.004574226584261        0.004187676061614
        0.166666666666667        0.466666666666667       -0.004066413169630       -0.002122905945762        0.001943507223869
        0.100000000000000        0.500000000000000       -0.009070989104346       -0.004735587826484        0.004335401277862
        0.133333333333333        0.533333333333333       -0.004535494552173       -0.002367793913242        0.002167700638931
        0.166666666666667        0.566666666666667       -0.001215282102531       -0.000634448466897        0.000580833635634
        0.100000000000000        0.600000000000000       -0.000000000000000       -0.000000000000000        0.000000000000000
        0.133333333333333        0.633333333333333        0.002347744738122        0.001225660319250        0.001122084418873
        0.166666666666667        0.666666666666667        0.002347744738122        0.001225660319250        0.001122084418873
        0.100000000000000        0.700000000000000        0.009070989104346        0.004735587826484        0.004335401277862
        0.133333333333333        0.733333333333333        0.007855707001816        0.004101139359587        0.003754567642228
        0.166666666666667        0.766666666666667        0.004535494552173        0.002367793913242        0.002167700638931
        0.100000000000000        0.800000000000000        0.012828315815505        0.006697132530022        0.006131183285482
        0.133333333333333        0.833333333333333        0.008761902645875        0.004574226584261        0.004187676061614
        0.166666666666667        0.866666666666667        0.004066413169630        0.002122905945762        0.001943507223869
        0.100000000000000        0.900000000000000        0.009070989104346        0.004735587826484        0.004335401277862
        0.133333333333333        0.933333333333333        0.004535494552173        0.002367793913242        0.002167700638931
        0.166666666666667        0.966666666666667        0.001215282102531        0.000634448466897        0.000580833635634
        0.100000000000000        1.000000000000000        0.000000000000000        0.000000000000000        0.000000000000000
        0.133333333333333        1.033333333333333       -0.002347744738122       -0.001225660319250        0.001122084418873
        0.166666666666667        1.066666666666667       -0.002347744738122       -0.001225660319250        0.001122084418873
        0.200000000000000        0.000000000000000        0.000000000000000        0.000000000000000        0.000000000000000
        0.233333333333333        0.033333333333333       -0.004535494552173       -0.002367793913242        0.002167700638931
        0.266666666666667        0.066666666666667       -0.007855707001816       -0.004101139359587        0.003754567642228
        0.200000000000000        0.100000000000000        0.000000000000000        0.000000000000000        0.000000000000000
        0.233333333333333        0.133333333333333       -0.002347744738122       -0.001225660319250        0.001122084418873
        0.266666666666667        0.166666666666667       -0.002347744738122       -0.001225660319250        0.001122084418873
        0.200000000000000        0.200000000000000        0.000000000000000        0.000000000000000        0.000000000000000
        0.233333333333333        0.233333333333333        0.001215282102531        0.000634448466897        0.000580833635634
        0.266666666666667        0.266666666666667        0.004535494552173        0.002367793913242        0.002167700638931
        0.200000000000000        0.300000000000000       -0.000000000000000       -0.000000000000000        0.000000000000000
        0.233333333333333        0.333333333333333        0.004066413169630        0.002122905945762        0.001943507223869
        0.266666666666667        0.366666666666667        0.008761902645875        0.004574226584261        0.004187676061614
        0.200000000000000        0.400000000000000       -0.000000000000000       -0.000000000000000        0.000000000000000
        0.233333333333333        0.433333333333333        0.004535494552173        0.002367793913242        0.002167700638931
        0.266666666666667        0.466666666666667        0.007855707001816        0.004101139359587        0.003754567642228
        0.200000000000000        0.500000000000000       -0.000000000000000       -0.000000000000000        0.000000000000000
        0.233333333333333        0.533333333333333        0.002347744738122        0.001225660319250        0.001122084418873
        0.266666666666667        0.566666666666667        0.002347744738122        0.001225660319250        0.001122084418873
        0.200000000000000        0.600000000000000       -0.000000000000000        0.000000000000000        0.000000000000000
        0.233333333333333        0.633333333333333       -0.001215282102531       -0.000634448466897        0.000580833635634
        0.266666666666667        0.666666666666667       -0.004535494552173       -0.002367793913242        0.002167700638931
        0.200000000000000        0.700000000000000        0.000000000000000        0.000000000000000        0.000000000000000
        0.233333333333333        0.733333333333333       -0.004066413169630       -0.002122905945762        0.001943507223869
        0.266666666666667        0.766666666666667       -0.008761902645875       -0.004574226584261        0.004187676061614
        0.200000000000000        0.800000000000000        0.000000000000000        0.000000000000000        0.000000000000000
        0.233333333333333        0.833333333333333       -0.004535494552173       -0.002367793913242        0.002167700638931
        0.266666666666667        0.866666666666667       -0.007855707001816       -0.004101139359587        0.003754567642228
        0.200000000000000        0.900000000000000        0.000000000000000        0.000000000000000        0.000000000000000
        0.233333333333333        0.933333333333333       -0.002347744738122       -0.001225660319250        0.001122084418873
        0.266666666666667        0.966666666666667       -0.002347744738122       -0.001225660319250        0.001122084418873
        0.200000000000000        1.000000000000000        0.000000000000000        0.000000000000000        0.000000000000000
        0.233333333333333        1.033333333333333        0.001215282102531        0.000634448466897        0.000580833635634
        0.266666666666667        1.066666666666667        0.004535494552173        0.002367793913242        0.002167700638931
        0.300000000000000        0.000000000000000       -0.012828315815505       -0.006697132530022        0.006131183285482
        0.333333333333333        0.033333333333333       -0.015176060553627       -0.007922792849272        0.007253267704355
        0.366666666666667        0.066666666666667       -0.015176060553627       -0.007922792849272        0.007253267704355
        0.300000000000000        0.100000000000000       -0.009070989104346       -0.004735587826484        0.004335401277862
        0.333333333333333        0.133333333333333       -0.007855707001816       -0.004101139359587        0.003754567642228
        0.366666666666667        0.166666666666667       -0.004535494552173       -0.002367793913242        0.002167700638931
        0.300000000000000        0.200000000000000       -0.000000000000000       -0.000000000000000        0.000000000000000
        0.333333333333333        0.233333333333333        0.004066413169630        0.002122905945762        0.001943507223869
        0.366666666666667        0.266666666666667        0.008761902645875        0.004574226584261        0.004187676061614
        0.300000000000000        0.300000000000000        0.009070989104346        0.004735587826484        0.004335401277862
        0.333333333333333        0.333333333333333        0.013606483656519        0.007103381739726        0.006503101916793
        0.366666666666667        0.366666666666667        0.016926696106162        0.008836727186071        0.008089968920090
        0.300000000000000        0.400000000000000        0.012828315815505        0.006697132530022        0.006131183285482
        0.333333333333333        0.433333333333333        0.015176060553627        0.007922792849272        0.007253267704355
        0.366666666666667        0.466666666666667        0.015176060553627        0.007922792849272        0.007253267704355
        0.300000000000000        0.500000000000000        0.009070989104346        0.004735587826484        0.004335401277862
        0.333333333333333        0.533333333333333        0.007855707001816        0.004101139359587        0.003754567642228
        0.366666666666667        0.566666666666667        0.004535494552173        0.002367793913242        0.002167700638931
        0.300000000000000        0.600000000000000        0.000000000000000        0.000000000000000        0.000000000000000
        0.333333333333333        0.633333333333333       -0.004066413169630       -0.002122905945762        0.001943507223869
        0.366666666666667        0.666666666666667       -0.008761902645875       -0.004574226584261        0.004187676061614
        0.300000000000000        0.700000000000000       -0.009070989104346       -0.004735587826484        0.004335401277862
        0.333333333333333        0.733333333333333       -0.013606483656519       -0.007103381739726        0.006503101916793
        0.366666666666667        0.766666666666667       -0.016926696106162       -0.008836727186071        0.008089968920090
        0.300000000000000        0.800000000000000       -0.012828315815505       -0.006697132530022        0.006131183285482
        0.333333333333333        0.833333333333333       -0.015176060553627       -0.007922792849272        0.007253267704355
        0.366666666666667        0.866666666666667       -0.015176060553627       -0.007922792849272        0.007253267704355
        0.300000000000000        0.900000000000000       -0.009070989104346       -0.004735587826484        0.004335401277862
        0.333333333333333        0.933333333333333       -0.007855707001816       -0.004101139359587        0.003754567642228
        0.366666666666667        0.966666666666667       -0.004535494552173       -0.002367793913242        0.002167700638931
        0.300000000000000        1.000000000000000       -0.000000000000000       -0.000000000000000        0.000000000000000
        0.333333333333333        1.033333333333333        0.004066413169630        0.002122905945762        0.001943507223869
        0.366666666666667        1.066666666666667        0.008761902645875        0.004574226584261        0.004187676061614
        0.400000000000000        0.000000000000000       -0.018141978208692       -0.009471175652968        0.008670802555724
        0.433333333333333        0.033333333333333       -0.016926696106162       -0.008836727186071        0.008089968920090
        0.466666666666667        0.066666666666667       -0.013606483656519       -0.007103381739726        0.006503101916793
        0.400000000000000        0.100000000000000       -0.012828315815505       -0.006697132530022        0.006131183285482
        0.433333333333333        0.133333333333333       -0.008761902645875       -0.004574226584261        0.004187676061614
        0.466666666666667        0.166666666666667       -0.004066413169630       -0.002122905945762        0.001943507223869
        0.400000000000000        0.200000000000000       -0.000000000000000       -0.000000000000000        0.000000000000000
        0.433333333333333        0.233333333333333        0.004535494552173        0.002367793913242        0.002167700638931
        0.466666666666667        0.266666666666667        0.007855707001816        0.004101139359587        0.003754567642228
        0.400000000000000        0.300000000000000        0.012828315815505        0.006697132530022        0.006131183285482
        0.433333333333333        0.333333333333333        0.015176060553627        0.007922792849272        0.007253267704355
        0.466666666666667        0.366666666666667        0.015176060553627        0.007922792849272        0.007253267704355
        0.400000000000000        0.400000000000000        0.018141978208692        0.009471175652968        0.008670802555724
        0.433333333333333        0.433333333333333        0.016926696106162        0.008836727186071        0.008089968920090
        0.466666666666667        0.466666666666667        0.013606483656519        0.007103381739726        0.006503101916793
        0.400000000000000        0.500000000000000        0.012828315815505        0.006697132530022        0.006131183285482
        0.433333333333333        0.533333333333333        0.008761902645875        0.004574226584261        0.004187676061614
        0.466666666666667        0.566666666666667        0.004066413169630        0.002122905945762        0.001943507223869
        0.400000000000000        0.600000000000000        0.000000000000000        0.000000000000000        0.000000000000000
        0.433333333333333        0.633333333333333       -0.004535494552173       -0.002367793913242        0.002167700638931
        0.466666666666667        0.666666666666667       -0.007855707001816       -0.004101139359587        0.003754567642228
        0.400000000000000        0.700000000000000       -0.012828315815505       -0.006697132530022        0.006131183285482
        0.433333333333333        0.733333333333333       -0.015176060553627       -0.007922792849272        0.007253267704355
        0.466666666666667        0.766666666666667       -0.015176060553627       -0.007922792849272        0.007253267704355
        0.400000000000000        0.800000000000000       -0.018141978208692       -0.009471175652968        0.008670802555724
        0.433333333333333        0.833333333333333       -0.016926696106162       -0.008836727186071        0.008089968920090
        0.466666666666667        0.866666666666667       -0.013606483656519       -0.007103381739726        0.006503101916793
        0.400000000000000        0.900000000000000       -0.012828315815505       -0.006697132530022        0.006131183285482
        0.433333333333333        0.933333333333333       -0.008761902645875       -0.004574226584261        0.004187676061614
        0.466666666666667        0.966666666666667       -0.004066413169630       -0.002122905945762        0.001943507223869
        0.400000000000000        1.000000000000000       -0.000000000000000       -0.000000000000000        0.000000000000000
        0.433333333333333        1.033333333333333        0.004535494552173        0.002367793913242        0.002167700638931
        0.466666666666667        1.066666666666667        0.007855707001816        0.004101139359587        0.003754567642228
        0.500000000000000        0.000000000000000       -0.012828315815505       -0.006697132530022        0.006131183285482
        0.533333333333333        0.033333333333333       -0.008761902645875       -0.004574226584261        0.004187676061614
        0.566666666666667        0.066666666666667       -0.004066413169630       -0.002122905945762        0.001943507223869
        0.500000000000000        0.100000000000000       -0.009070989104346       -0.004735587826484        0.004335401277862
        0.533333333333333        0.133333333333333       -0.004535494552173       -0.002367793913242        0.002167700638931
        0.566666666666667        0.166666666666667       -0.001215282102531       -0.000634448466897        0.000580833635634
        0.500000000000000        0.200000000000000       -0.000000000000000       -0.000000000000000        0.000000000000000
        0.533333333333333        0.233333333333333        0.002347744738122        0.001225660319250        0.001122084418873
        0.566666666666667        0.266666666666667        0.002347744738122        0.001225660319250        0.001122084418873
        0.500000000000000        0.300000000000000        0.009070989104346        0.004735587826484        0.004335401277862
        0.533333333333333        0.333333333333333        0.007855707001816        0.004101139359587        0.003754567642228
        0.566666666666667        0.366666666666667        0.004535494552173        0.002367793913242        0.002167700638931
        0.500000000000000        0.400000000000000        0.012828315815505        0.006697132530022        0.006131183285482
        0.533333333333333        0.433333333333333        0.008761902645875        0.004574226584261        0.004187676061614
        0.566666666666667        0.466666666666667        0.004066413169630        0.002122905945762        0.001943507223869
        0.500000000000000        0.500000000000000        0.009070989104346        0.004735587826484        0.004335401277862
        0.533333333333333        0.533333333333333        0.004535494552173        0.002367793913242        0.002167700638931
        0.566666666666667        0.566666666666667        0.001215282102531        0.000634448466897        0.000580833635634
        0.500000000000000        0.600000000000000        0.000000000000000        0.000000000000000        0.000000000000000
        0.533333333333333        0.633333333333333       -0.002347744738122       -0.001225660319250        0.001122084418873
        0.566666666666667        0.666666666666667       -0.002347744738122       -0.001225660319250        0.001122084418873
        0.500000000000000        0.700000000000000       -0.009070989104346       -0.004735587826484        0.004335401277862
        0.533333333333333        0.733333333333333       -0.007855707001816       -0.004101139359587        0.003754567642228
        0.566666666666667        0.766666666666667       -0.004535494552173       -0.002367793913242        0.002167700638931
        0.500000000000000        0.800000000000000       -0.012828315815505       -0.006697132530022        0.006131183285482
        0.533333333333333        0.833333333333333       -0.008761902645875       -0.004574226584261        0.004187676061614
        0.566666666666667        0.866666666666667       -0.004066413169630       -0.002122905945762        0.001943507223869
        0.500000000000000        0.900000000000000       -0.009070989104346       -0.004735587826484        0.004335401277862
        0.533333333333333        0.933333333333333       -0.004535494552173       -0.002367793913242        0.002167700638931
        0.566666666666667        0.966666666666667       -0.001215282102531       -0.000634448466897        0.000580833635634
        0.500000000000000        1.000000000000000       -0.000000000000000       -0.000000000000000        0.000000000000000
        0.533333333333333        1.033333333333333        0.002347744738122        0.001225660319250        0.001122084418873
        0.566666666666667        1.066666666666667        0.002347744738122        0.001225660319250        0.001122084418873
        0.600000000000000        0.000000000000000       -0.000000000000000       -0.000000000000000        0.000000000000000
        0.633333333333333        0.033333333333333        0.004535494552173        0.002367793913242        0.002167700638931
        0.666666666666667        0.066666666666667        0.007855707001816        0.004101139359587        0.003754567642228
        0.600000000000000        0.100000000000000       -0.000000000000000       -0.000000000000000        0.000000000000000
        0.633333333333333        0.133333333333333        0.002347744738122        0.001225660319250        0.001122084418873
        0.666666666666667        0.166666666666667        0.002347744738122        0.001225660319250        0.001122084418873
        0.600000000000000        0.200000000000000       -0.000000000000000        0.000000000000000        0.000000000000000
        0.633333333333333        0.233333333333333       -0.001215282102531       -0.000634448466897        0.000580833635634
        0.666666666666667        0.266666666666667       -0.004535494552173       -0.002367793913242        0.002167700638931
        0.600000000000000        0.300000000000000        0.000000000000000        0.000000000000000        0.000000000000000
        0.633333333333333        0.333333333333333       -0.004066413169630       -0.002122905945762        0.001943507223869
        0.666666666666667        0.366666666666667       -0.008761902645875       -0.004574226584261        0.004187676061614
        0.600000000000000        0.400000000000000        0.000000000000000        0.000000000000000        0.000000000000000
        0.633333333333333        0.433333333333333       -0.004535494552173       -0.002367793913242        0.002167700638931
        0.666666666666667        0.466666666666667       -0.007855707001816       -0.004101139359587        0.003754567642228
        0.600000000000000        0.500000000000000        0.000000000000000        0.000000000000000        0.000000000000000
        0.633333333333333        0.533333333333333       -0.002347744738122       -0.001225660319250        0.001122084418873
        0.666666666666667        0.566666666666667       -0.002347744738122       -0.001225660319250        0.001122084418873
        0.600000000000000        0.600000000000000        0.000000000000000        0.000000000000000        0.000000000000000
        0.633333333333333        0.633333333333333        0.001215282102531        0.000634448466897        0.000580833635634
        0.666666666666667        0.666666666666667        0.004535494552173        0.002367793913242        0.002167700638931
        0.600000000000000        0.700000000000000       -0.000000000000000       -0.000000000000000        0.000000000000000
        0.633333333333333        0.733333333333333        0.004066413169630        0.002122905945762        0.001943507223869
        0.666666666666667        0.766666666666667        0.008761902645875        0.004574226584261        0.004187676061614
        0.600000000000000        0.800000000000000       -0.000000000000000       -0.000000000000000        0.000000000000000
        0.633333333333333        0.833333333333333        0.004535494552173        0.002367793913242        0.002167700638931
        0.666666666666667        0.866666666666667        0.007855707001816        0.004101139359587        0.003754567642228
        0.600000000000000        0.900000000000000       -0.000000000000000       -0.000000000000000        0.000000000000000
        0.633333333333333        0.933333333333333        0.002347744738122        0.001225660319250        0.001122084418873
        0.666666666666667        0.966666666666667        0.002347744738122        0.001225660319250        0.001122084418873
        0.600000000000000        1.000000000000000       -0.000000000000000       -0.000000000000000        0.000000000000000
        0.633333333333333        1.033333333333333       -0.001215282102531       -0.000634448466897        0.000580833635634
        0.666666666666667        1.066666666666667       -0.004535494552173       -0.002367793913242        0.002167700638931
        0.700000000000000        0.000000000000000        0.012828315815505        0.006697132530022        0.006131183285482
        0.733333333333333        0.033333333333333        0.015176060553627        0.007922792849272        0.007253267704355
        0.766666666666667        0.066666666666667        0.015176060553627        0.007922792849272        0.007253267704355
        0.700000000000000        0.100000000000000        0.009070989104346        0.004735587826484        0.004335401277862
        0.733333333333333        0.133333333333333        0.007855707001816        0.004101139359587        0.003754567642228
        0.766666666666667        0.166666666666667        0.004535494552173        0.002367793913242        0.002167700638931
        0.700000000000000        0.200000000000000        0.000000000000000        0.000000000000000        0.000000000000000
        0.733333333333333        0.233333333333333       -0.004066413169630       -0.002122905945762        0.001943507223869
        0.766666666666667        0.266666666666667       -0.008761902645875       -0.004574226584261        0.004187676061614
        0.700000000000000        0.300000000000000       -0.009070989104346       -0.004735587826484        0.004335401277862
        0.733333333333333        0.333333333333333       -0.013606483656519       -0.007103381739726        0.006503101916793
        0.766666666666667        0.366666666666667       -0.016926696106162       -0.008836727186071        0.008089968920090
        0.700000000000000        0.400000000000000       -0.012828315815505       -0.006697132530022        0.006131183285482
        0.733333333333333        0.433333333333333       -0.015176060553627       -0.007922792849272        0.007253267704355
        0.766666666666667        0.466666666666667       -0.015176060553627       -0.007922792849272        0.007253267704355
        0.700000000000000        0.500000000000000       -0.009070989104346       -0.004735587826484        0.004335401277862
        0.733333333333333        0.533333333333333       -0.007855707001816       -0.004101139359587        0.003754567642228
        0.766666666666667        0.566666666666667       -0.004535494552173       -0.002367793913242        0.002167700638931
        0.700000000000000        0.600000000000000       -0.000000000000000       -0.000000000000000        0.000000000000000
        0.733333333333333        0.633333333333333        0.004066413169630        0.002122905945762        0.001943507223869
        0.766666666666667        0.666666666666667        0.008761902645875        0.004574226584261        0.004187676061614
        0.700000000000000        0.700000000000000        0.009070989104346        0.004735587826484        0.004335401277862
        0.733333333333333        0.733333333333333        0.013606483656519        0.007103381739726        0.006503101916793
        0.766666666666667        0.766666666666667        0.016926696106162        0.008836727186071        0.008089968920090
        0.700000000000000        0.800000000000000        0.012828315815505        0.006697132530022        0.006131183285482
        0.733333333333333        0.833333333333333        0.015176060553627        0.007922792849272        0.007253267704355
        0.766666666666667        0.866666666666667        0.015176060553627        0.007922792849272        0.007253267704355
        0.700000000000000        0.900000000000000        0.009070989104346        0.004735587826484        0.004335401277862
        0.733333333333333        0.933333333333333        0.007855707001816        0.004101139359587        0.003754567642228
        0.766666666666667        0.966666666666667        0.004535494552173        0.002367793913242        0.002167700638931
        0.700000000000000        1.000000000000000        0.000000000000000        0.000000000000000        0.000000000000000
        0.733333333333333        1.033333333333333       -0.004066413169630       -0.002122905945762        0.001943507223869
        0.766666666666667        1.066666666666667       -0.008761902645875       -0.004574226584261        0.004187676061614
        0.800000000000000        0.000000000000000        0.018141978208692        0.009471175652968        0.008670802555724
        0.833333333333333        0.033333333333333        0.016926696106162        0.008836727186071        0.008089968920090
        0.866666666666667        0.066666666666667        0.013606483656519        0.007103381739726        0.006503101916793
        0.800000000000000        0.100000000000000        0.012828315815505        0.006697132530022        0.006131183285482
        0.833333333333333        0.133333333333333        0.008761902645875        0.004574226584261        0.004187676061614
        0.866666666666667        0.166666666666667        0.004066413169630        0.002122905945762        0.001943507223869
        0.800000000000000        0.200000000000000        0.000000000000000        0.000000000000000        0.000000000000000
        0.833333333333333        0.233333333333333       -0.004535494552173       -0.002367793913242        0.002167700638931
        0.866666666666667        0.266666666666667       -0.007855707001816       -0.004101139359587        0.003754567642228
        0.800000000000000        0.300000000000000       -0.012828315815505       -0.006697132530022        0.006131183285482
        0.833333333333333        0.333333333333333       -0.015176060553627       -0.007922792849272        0.007253267704355
        0.866666666666667        0.366666666666667       -0.015176060553627       -0.007922792849272        0.007253267704355
        0.800000000000000        0.400000000000000       -0.018141978208692       -0.009471175652968        0.008670802555724
        0.833333333333333        0.433333333333333       -0.016926696106162       -0.008836727186071        0.008089968920090
        0.866666666666667        0.466666666666667       -0.013606483656519       -0.007103381739726        0.006503101916793
        0.800000000000000        0.500000000000000       -0.012828315815505       -0.006697132530022        0.006131183285482
        0.833333333333333        0.533333333333333       -0.008761902645875       -0.004574226584261        0.004187676061614
        0.866666666666667        0.566666666666667       -0.004066413169630       -0.002122905945762        0.001943507223869
        0.800000000000000        0.600000000000000       -0.000000000000000       -0.000000000000000        0.000000000000000
        0.833333333333333        0.633333333333333        0.004535494552173        0.002367793913242        0.002167700638931
        0.866666666666667        0.666666666666667        0.007855707001816        0.004101139359587        0.003754567642228
        0.800000000000000        0.700000000000000        0.012828315815505        0.006697132530022        0.006131183285482
        0.833333333333333        0.733333333333333        0.015176060553627        0.007922792849272        0.007253267704355
        0.866666666666667        0.766666666666667        0.015176060553627        0.007922792849272        0.007253267704355
        0.800000000000000        0.800000000000000        0.018141978208692        0.009471175652968        0.008670802555724
        0.833333333333333        0.833333333333333        0.016926696106162        0.008836727186071        0.008089968920090
        0.866666666666667        0.866666666666667        0.013606483656519        0.007103381739726        0.006503101916793
        0.800000000000000        0.900000000000000        0.012828315815505        0.006697132530022        0.006131183285482
        0.833333333333333        0.933333333333333        0.008761902645875        0.004574226584261        0.004187676061614
        0.866666666666667        0.966666666666667        0.004066413169630        0.002122905945762        0.001943507223869
        0.800000000000000        1.000000000000000        0.000000000000000        0.000000000000000        0.000000000000000
        0.833333333333333        1.033333333333333       -0.004535494552173       -0.002367793913242        0.002167700638931
        0.866666666666667        1.066666666666667       -0.007855707001816       -0.004101139359587        0.003754567642228
        0.900000000000000        0.000000000000000        0.012828315815505        0.006697132530022        0.006131183285482
        0.933333333333333        0.033333333333333        0.008761902645875        0.004574226584261        0.004187676061614
        0.966666666666667        0.066666666666667        0.004066413169630        0.002122905945762        0.001943507223869
        0.900000000000000        0.100000000000000        0.009070989104346        0.004735587826484        0.004335401277862
        0.933333333333333        0.133333333333333        0.004535494552173        0.002367793913242        0.002167700638931
        0.966666666666667        0.166666666666667        0.001215282102531        0.000634448466897        0.000580833635634
        0.900000000000000        0.200000000000000        0.000000000000000        0.000000000000000        0.000000000000000
        0.933333333333333        0.233333333333333       -0.002347744738122       -0.001225660319250        0.001122084418873
        0.966666666666667        0.266666666666667       -0.002347744738122       -0.001225660319250        0.001122084418873
        0.900000000000000        0.300000000000000       -0.009070989104346       -0.004735587826484        0.004335401277862
        0.933333333333333        0.333333333333333       -0.007855707001816       -0.004101139359587        0.003754567642228
        0.966666666666667        0.366666666666667       -0.004535494552173       -0.002367793913242        0.002167700638931
        0.900000000000000        0.400000000000000       -0.012828315815505       -0.006697132530022        0.006131183285482
        0.933333333333333        0.433333333333333       -0.008761902645875       -0.004574226584261        0.004187676061614
        0.966666666666667        0.466666666666667       -0.004066413169630       -0.002122905945762        0.001943507223869
        0.900000000000000        0.500000000000000       -0.009070989104346       -0.004735587826484        0.004335401277862
        0.933333333333333        0.533333333333333       -0.004535494552173       -0.002367793913242        0.002167700638931
        0.966666666666667        0.566666666666667       -0.001215282102531       -0.000634448466897        0.000580833635634
        0.900000000000000        0.600000000000000       -0.000000000000000       -0.000000000000000        0.000000000000000
        0.933333333333333        0.633333333333333        0.002347744738122        0.001225660319250        0.001122084418873
        0.966666666666667        0.666666666666667        0.002347744738122        0.001225660319250        0.001122084418873
        0.900000000000000        0.700000000000000        0.009070989104346        0.004735587826484        0.004335401277862
        0.933333333333333        0.733333333333333        0.007855707001816        0.004101139359587        0.003754567642228
        0.966666666666667        0.766666666666667        0.004535494552173        0.002367793913242        0.002167700638931
        0.900000000000000        0.800000000000000        0.012828315815505        0.006697132530022        0.006131183285482
        0.933333333333333        0.833333333333333        0.008761902645875        0.004574226584261        0.004187676061614
        0.966666666666667        0.866666666666667        0.004066413169630        0.002122905945762        0.001943507223869
        0.900000000000000        0.900000000000000        0.009070989104346        0.004735587826484        0.004335401277862
        0.933333333333333        0.933333333333333        0.004535494552173        0.002367793913242        0.002167700638931
        0.966666666666667        0.966666666666667        0.001215282102531        0.000634448466897        0.000580833635634
        0.900000000000000        1.000000000000000        0.000000000000000        0.000000000000000        0.000000000000000
        0.933333333333333        1.033333333333333       -0.002347744738122       -0.001225660319250        0.001122084418873
        0.966666666666667        1.066666666666667       -0.002347744738122       -0.001225660319250        0.001122084418873
        1.000000000000000        0.000000000000000        0.000000000000000        0.000000000000000        0.000000000000000
        1.033333333333333        0.033333333333333       -0.004535494552173       -0.002367793913242        0.002167700638931
        1.066666666666667        0.066666666666667       -0.007855707001816       -0.004101139359587        0.003754567642228
        1.000000000000000        0.100000000000000        0.000000000000000        0.000000000000000        0.000000000000000
        1.033333333333333        0.133333333333333       -0.002347744738122       -0.001225660319250        0.001122084418873
        1.066666666666667        0.166666666666667       -0.002347744738122       -0.001225660319250        0.001122084418873
        1.000000000000000        0.200000000000000        0.000000000000000        0.000000000000000        0.000000000000000
        1.033333333333333        0.233333333333333        0.001215282102531        0.000634448466897        0.000580833635634
        1.066666666666667        0.266666666666667        0.004535494552173        0.002367793913242        0.002167700638931
        1.000000000000000        0.300000000000000       -0.000000000000000       -0.000000000000000        0.000000000000000
        1.033333333333333        0.333333333333333        0.004066413169630        0.002122905945762        0.001943507223869
        1.066666666666667        0.366666666666667        0.008761902645875        0.004574226584261        0.004187676061614
        1.000000000000000        0.400000000000000       -0.000000000000000       -0.000000000000000        0.000000000000000
        1.033333333333333        0.433333333333333        0.004535494552173        0.002367793913242        0.002167700638931
        1.066666666666667        0.466666666666667        0.007855707001816        0.004101139359587        0.003754567642228
        1.000000000000000        0.500000000000000       -0.000000000000000       -0.000000000000000        0.000000000000000
        1.033333333333333        0.533333333333333        0.002347744738122        0.001225660319250        0.001122084418873
        1.066666666666667        0.566666666666667        0.002347744738122        0.001225660319250        0.001122084418873
        1.000000000000000        0.600000000000000       -0.000000000000000       -0.000000000000000        0.000000000000000
        1.033333333333333        0.633333333333333       -0.001215282102531       -0.000634448466897        0.000580833635634
        1.066666666666667        0.666666666666667       -0.004535494552173       -0.002367793913242        0.002167700638931
        1.000000000000000        0.700000000000000        0.000000000000000        0.000000000000000        0.000000000000000
        1.033333333333333        0.733333333333333       -0.004066413169630       -0.002122905945762        0.001943507223869
        1.066666666666667        0.766666666666667       -0.008761902645875       -0.004574226584261        0.004187676061614
        1.000000000000000        0.800000000000000        0.000000000000000        0.000000000000000        0.000000000000000
        1.033333333333333        0.833333333333333       -0.004535494552173       -0.002367793913242        0.002167700638931
        1.066666666666667        0.866666666666667       -0.007855707001816       -0.004101139359587        0.003754567642228
        1.000000000000000        0.900000000000000        0.000000000000000        0.000000000000000        0.000000000000000
        1.033333333333333        0.933333333333333       -0.002347744738122       -0.001225660319250        0.001122084418873
        1.066666666666667        0.966666666666667       -0.002347744738122       -0.001225660319250        0.001122084418873
        1.000000000000000        1.000000000000000        0.000000000000000        0.000000000000000        0.000000000000000
        1.033333333333333        1.033333333333333        0.001215282102531        0.000634448466897        0.000580833635634
        1.066666666666667        1.066666666666667        0.004535494552173        0.002367793913242        0.002167700638931
