        0.000000000000000        0.000000000000000        0.017056706398237        0.008904600176479        0.008152106221758
        0.033333333333333        0.033333333333333        0.015914123722002        0.008308105069927        0.007606018652075
        0.066666666666667        0.066666666666667        0.012792529798678        0.006678450132360        0.006114079666319
        0.000000000000000        0.100000000000000        0.012060912758902        0.006296503168543        0.005764409590358
        0.033333333333333        0.133333333333333        0.008237756610744        0.004300591641620        0.003937164969124
        0.066666666666667        0.166666666666667        0.003823156148158        0.001995911526924        0.001827244621234
        0.000000000000000        0.200000000000000        0.000000000000000        0.000000000000000        0.000000000000000
        0.033333333333333        0.233333333333333       -0.004264176599559       -0.002226150044120        0.002038026555440
        0.066666666666667        0.266666666666667       -0.007385770522883       -0.003855804981687        0.003529965541196
        0.000000000000000        0.300000000000000       -0.012060912758902       -0.006296503168543        0.005764409590358
        0.033333333333333        0.333333333333333       -0.014268212990195       -0.007448843225892        0.006819369764303
        0.066666666666667        0.366666666666667       -0.014268212990195       -0.007448843225892        0.006819369764303
        0.000000000000000        0.400000000000000       -0.017056706398237       -0.008904600176479        0.008152106221758
        0.033333333333333        0.433333333333333       -0.015914123722002       -0.008308105069927        0.007606018652075
        0.066666666666667        0.466666666666667       -0.012792529798678       -0.006678450132360        0.006114079666319
        0.000000000000000        0.500000000000000       -0.012060912758902       -0.006296503168543        0.005764409590358
        0.033333333333333        0.533333333333333       -0.008237756610744       -0.004300591641620        0.003937164969124
        0.066666666666667        0.566666666666667       -0.003823156148158       -0.001995911526924        0.001827244621234
        0.000000000000000        0.600000000000000       -0.000000000000000       -0.000000000000000        0.000000000000000
        0.033333333333333        0.633333333333333        0.004264176599559        0.002226150044120        0.002038026555440
        0.066666666666667        0.666666666666667        0.007385770522883        0.003855804981687        0.003529965541196
        0.000000000000000        0.700000000000000        0.012060912758902        0.006296503168543        0.005764409590358
        0.033333333333333        0.733333333333333        0.014268212990195        0.007448843225892        0.006819369764303
        0.066666666666667        0.766666666666667        0.014268212990195        0.007448843225892        0.006819369764303
        0.000000000000000        0.800000000000000        0.017056706398237        0.008904600176479        0.008152106221758
        0.033333333333333        0.833333333333333        0.015914123722002        0.008308105069927        0.007606018652075
        0.066666666666667        0.866666666666667        0.012792529798678        0.006678450132360        0.006114079666319
        0.000000000000000        0.900000000000000        0.012060912758902        0.006296503168543        0.005764409590358
        0.033333333333333        0.933333333333333        0.008237756610744        0.004300591641620        0.003937164969124
        0.066666666666667        0.966666666666667        0.003823156148158        0.001995911526924        0.001827244621234
        0.000000000000000        1.000000000000000        0.000000000000000        0.000000000000000        0.000000000000000
        0.033333333333333        1.033333333333333       -0.004264176599559       -0.002226150044120        0.002038026555440
        0.066666666666667        1.066666666666667       -0.007385770522883       -0.003855804981687        0.003529965541196
        0.100000000000000        0.000000000000000        0.012060912758902        0.006296503168543        0.005764409590358
        0.133333333333333        0.033333333333333        0.008237756610744        0.004300591641620        0.003937164969124
        0.166666666666667        0.066666666666667        0.003823156148158        0.001995911526924        0.001827244621234
        0.100000000000000        0.100000000000000        0.008528353199119        0.004452300088240        0.004076053110879
        0.133333333333333        0.133333333333333        0.004264176599559        0.002226150044120        0.002038026555440
        0.166666666666667        0.166666666666667        0.001142582676236        0.000596495106552        0.000546087569683
        0.100000000000000        0.200000000000000        0.000000000000000        0.000000000000000        0.000000000000000
        0.133333333333333        0.233333333333333       -0.002207300231293       -0.001152340057348        0.001054960173945
        0.166666666666667        0.266666666666667       -0.002207300231293       -0.001152340057348        0.001054960173945
        0.100000000000000        0.300000000000000       -0.008528353199119       -0.004452300088240        0.004076053110879
        0.133333333333333        0.333333333333333       -0.007385770522883       -0.003855804981687        0.003529965541196
        0.166666666666667        0.366666666666667       -0.004264176599559       -0.002226150044120        0.002038026555440
        0.100000000000000        0.400000000000000       -0.012060912758902       -0.006296503168543        0.005764409590358
        0.133333333333333        0.433333333333333       -0.008237756610744       -0.004300591641620        0.003937164969124
        0.166666666666667        0.466666666666667       -0.003823156148158       -0.001995911526924        0.001827244621234
        0.100000000000000        0.500000000000000       -0.008528353199119       -0.004452300088240        0.004076053110879
        0.133333333333333        0.533333333333333       -0.004264176599559       -0.002226150044120        0.002038026555440
        0.166666666666667        0.566666666666667       -0.001142582676236       -0.000596495106552        0.000546087569683
        0.100000000000000        0.600000000000000       -0.000000000000000       -0.000000000000000        0.000000000000000
        0.133333333333333        0.633333333333333        0.002207300231293        0.001152340057348        0.001054960173945
        0.166666666666667        0.666666666666667        0.002207300231293        0.001152340057348        0.001054960173945
        0.100000000000000        0.700000000000000        0.008528353199119        0.004452300088240        0.004076053110879
        0.133333333333333        0.733333333333333        0.007385770522883        0.003855804981687        0.003529965541196
        0.166666666666667        0.766666666666667        0.004264176599559        0.002226150044120        0.002038026555440
        0.100000000000000        0.800000000000000        0.012060912758902        0.006296503168543        0.005764409590358
        0.133333333333333        0.833333333333333        0.008237756610744        0.004300591641620        0.003937164969124
        0.166666666666667        0.866666666666667        0.003823156148158        0.001995911526924        0.001827244621234
        0.100000000000000        0.900000000000000        0.008528353199119        0.004452300088240        0.004076053110879
        0.133333333333333        0.933333333333333        0.004264176599559        0.002226150044120        0.002038026555440
        0.166666666666667        0.966666666666667        0.001142582676236        0.000596495106552        0.000546087569683
        0.100000000000000        1.000000000000000        0.000000000000000        0.000000000000000        0.000000000000000
        0.133333333333333        1.033333333333333       -0.002207300231293       -0.001152340057348        0.001054960173945
        0.166666666666667        1.066666666666667       -0.002207300231293       -0.001152340057348        0.001054960173945
        0.200000000000000        0.000000000000000        0.000000000000000        0.000000000000000        0.000000000000000
        0.233333333333333        0.033333333333333       -0.004264176599559       -0.002226150044120        0.002038026555440
        0.266666666666667        0.066666666666667       -0.007385770522883       -0.003855804981687        0.003529965541196
        0.200000000000000        0.100000000000000        0.000000000000000        0.000000000000000        0.000000000000000
        0.233333333333333        0.133333333333333       -0.002207300231293       -0.001152340057348        0.001054960173945
        0.266666666666667        0.166666666666667       -0.002207300231293       -0.001152340057348        0.001054960173945
        0.200000000000000        0.200000000000000        0.000000000000000        0.000000000000000        0.000000000000000
        0.233333333333333        0.233333333333333        0.001142582676236        0.000596495106552        0.000546087569683
        0.266666666666667        0.266666666666667        0.004264176599559        0.002226150044120        0.002038026555440
        0.200000000000000        0.300000000000000       -0.000000000000000       -0.000000000000000        0.000000000000000
        0.233333333333333        0.333333333333333        0.003823156148158        0.001995911526924        0.001827244621234
        0.266666666666667        0.366666666666667        0.008237756610744        0.004300591641620        0.003937164969124
        0.200000000000000        0.400000000000000       -0.000000000000000       -0.000000000000000        0.000000000000000
        0.233333333333333        0.433333333333333        0.004264176599559        0.002226150044120        0.002038026555440
        0.266666666666667        0.466666666666667        0.007385770522883        0.003855804981687        0.003529965541196
        0.200000000000000        0.500000000000000       -0.000000000000000       -0.000000000000000        0.000000000000000
        0.233333333333333        0.533333333333333        0.002207300231293        0.001152340057348        0.001054960173945
        0.266666666666667        0.566666666666667        0.002207300231293        0.001152340057348        0.001054960173945
        0.200000000000000        0.600000000000000       -0.000000000000000       -0.000000000000000        0.000000000000000
        0.233333333333333        0.633333333333333       -0.001142582676236       -0.000596495106552        0.000546087569683
        0.266666666666667        0.666666666666667       -0.004264176599559       -0.002226150044120        0.002038026555440
        0.200000000000000        0.700000000000000        0.000000000000000        0.000000000000000        0.000000000000000
        0.233333333333333        0.733333333333333       -0.003823156148158       -0.001995911526924        0.001827244621234
        0.266666666666667        0.766666666666667       -0.008237756610744       -0.004300591641620        0.003937164969124
        0.200000000000000        0.800000000000000        0.000000000000000        0.000000000000000        0.000000000000000
        0.233333333333333        0.833333333333333       -0.004264176599559       -0.002226150044120        0.002038026555440
        0.266666666666667        0.866666666666667       -0.007385770522883       -0.003855804981687        0.003529965541196
        0.200000000000000        0.900000000000000        0.000000000000000        0.000000000000000        0.000000000000000
        0.233333333333333        0.933333333333333       -0.002207300231293       -0.001152340057348        0.001054960173945
        0.266666666666667        0.966666666666667       -0.002207300231293       -0.001152340057348        0.001054960173945
        0.200000000000000        1.000000000000000        0.000000000000000        0.000000000000000        0.000000000000000
        0.233333333333333        1.033333333333333        0.001142582676236        0.000596495106552        0.000546087569683
        0.266666666666667        1.066666666666667        0.004264176599559        0.002226150044120        0.002038026555440
        0.300000000000000        0.000000000000000       -0.012060912758902       -0.006296503168543        0.005764409590358
        0.333333333333333        0.033333333333333       -0.014268212990195       -0.007448843225892        0.006819369764303
        0.366666666666667        0.066666666666667       -0.014268212990195       -0.007448843225892        0.006819369764303
        0.300000000000000        0.100000000000000       -0.008528353199119       -0.004452300088240        0.004076053110879
        0.333333333333333        0.133333333333333       -0.007385770522883       -0.003855804981687        0.003529965541196
        0.366666666666667        0.166666666666667       -0.004264176599559       -0.002226150044120        0.002038026555440
        0.300000000000000        0.200000000000000       -0.000000000000000       -0.000000000000000        0.000000000000000
        0.333333333333333        0.233333333333333        0.003823156148158        0.001995911526924        0.001827244621234
        0.366666666666667        0.266666666666667        0.008237756610744        0.004300591641620        0.003937164969124
        0.300000000000000        0.300000000000000        0.008528353199119        0.004452300088240        0.004076053110879
        0.333333333333333        0.333333333333333        0.012792529798678        0.006678450132360        0.006114079666319
        0.366666666666667        0.366666666666667        0.015914123722002        0.008308105069927        0.007606018652075
        0.300000000000000        0.400000000000000        0.012060912758902        0.006296503168543        0.005764409590358
        0.333333333333333        0.433333333333333        0.014268212990195        0.007448843225892        0.006819369764303
        0.366666666666667        0.466666666666667        0.014268212990195        0.007448843225892        0.006819369764303
        0.300000000000000        0.500000000000000        0.008528353199119        0.004452300088240        0.004076053110879
        0.333333333333333        0.533333333333333        0.007385770522883        0.003855804981687        0.003529965541196
        0.366666666666667        0.566666666666667        0.004264176599559        0.002226150044120        0.002038026555440
        0.300000000000000        0.600000000000000        0.000000000000000        0.000000000000000        0.000000000000000
        0.333333333333333        0.633333333333333       -0.003823156148158       -0.001995911526924        0.001827244621234
        0.366666666666667        0.666666666666667       -0.008237756610744       -0.004300591641620        0.003937164969124
        0.300000000000000        0.700000000000000       -0.008528353199119       -0.004452300088240        0.004076053110879
        0.333333333333333        0.733333333333333       -0.012792529798678       -0.006678450132360        0.006114079666319
        0.366666666666667        0.766666666666667       -0.015914123722002       -0.008308105069927        0.007606018652075
        0.300000000000000        0.800000000000000       -0.012060912758902       -0.006296503168543        0.005764409590358
        0.333333333333333        0.833333333333333       -0.014268212990195       -0.007448843225892        0.006819369764303
        0.366666666666667        0.866666666666667       -0.014268212990195       -0.007448843225892        0.006819369764303
        0.300000000000000        0.900000000000000       -0.008528353199119       -0.004452300088240        0.004076053110879
        0.333333333333333        0.933333333333333       -0.007385770522883       -0.003855804981687        0.003529965541196
        0.366666666666667        0.966666666666667       -0.004264176599559       -0.002226150044120        0.002038026555440
        0.300000000000000        1.000000000000000       -0.000000000000000       -0.000000000000000        0.000000000000000
        0.333333333333333        1.033333333333333        0.003823156148158        0.001995911526924        0.001827244621234
        0.366666666666667        1.066666666666667        0.008237756610744        0.004300591641620        0.003937164969124
        0.400000000000000        0.000000000000000       -0.017056706398237       -0.008904600176479        0.008152106221758
        0.433333333333333        0.033333333333333       -0.015914123722002       -0.008308105069927        0.007606018652075
        0.466666666666667        0.066666666666667       -0.012792529798678       -0.006678450132360        0.006114079666319
        0.400000000000000        0.100000000000000       -0.012060912758902       -0.006296503168543        0.005764409590358
        0.433333333333333        0.133333333333333       -0.008237756610744       -0.004300591641620        0.003937164969124
        0.466666666666667        0.166666666666667       -0.003823156148158       -0.001995911526924        0.001827244621234
        0.400000000000000        0.200000000000000       -0.000000000000000       -0.000000000000000        0.000000000000000
        0.433333333333333        0.233333333333333        0.004264176599559        0.002226150044120        0.002038026555440
        0.466666666666667        0.266666666666667        0.007385770522883        0.003855804981687        0.003529965541196
        0.400000000000000        0.300000000000000        0.012060912758902        0.006296503168543        0.005764409590358
        0.433333333333333        0.333333333333333        0.014268212990195        0.007448843225892        0.006819369764303
        0.466666666666667        0.366666666666667        0.014268212990195        0.007448843225892        0.006819369764303
        0.400000000000000        0.400000000000000        0.017056706398237        0.008904600176479        0.008152106221758
        0.433333333333333        0.433333333333333        0.015914123722002        0.008308105069927        0.007606018652075
        0.466666666666667        0.466666666666667        0.012792529798678        0.006678450132360        0.006114079666319
        0.400000000000000        0.500000000000000        0.012060912758902        0.006296503168543        0.005764409590358
        0.433333333333333        0.533333333333333        0.008237756610744        0.004300591641620        0.003937164969124
        0.466666666666667        0.566666666666667        0.003823156148158        0.001995911526924        0.001827244621234
        0.400000000000000        0.600000000000000        0.000000000000000        0.000000000000000        0.000000000000000
        0.433333333333333        0.633333333333333       -0.004264176599559       -0.002226150044120        0.002038026555440
        0.466666666666667        0.666666666666667       -0.007385770522883       -0.003855804981687        0.003529965541196
        0.400000000000000        0.700000000000000       -0.012060912758902       -0.006296503168543        0.005764409590358
        0.433333333333333        0.733333333333333       -0.014268212990195       -0.007448843225892        0.006819369764303
        0.466666666666667        0.766666666666667       -0.014268212990195       -0.007448843225892        0.006819369764303
        0.400000000000000        0.800000000000000       -0.017056706398237       -0.008904600176479        0.008152106221758
        0.433333333333333        0.833333333333333       -0.015914123722002       -0.008308105069927        0.007606018652075
        0.466666666666667        0.866666666666667       -0.012792529798678       -0.006678450132360        0.006114079666319
        0.400000000000000        0.900000000000000       -0.012060912758902       -0.006296503168543        0.005764409590358
        0.433333333333333        0.933333333333333       -0.008237756610744       -0.004300591641620        0.003937164969124
        0.466666666666667        0.966666666666667       -0.003823156148158       -0.001995911526924        0.001827244621234
        0.400000000000000        1.000000000000000       -0.000000000000000       -0.000000000000000        0.000000000000000
        0.433333333333333        1.033333333333333        0.004264176599559        0.002226150044120        0.002038026555440
        0.466666666666667        1.066666666666667        0.007385770522883        0.003855804981687        0.003529965541196
        0.500000000000000        0.000000000000000       -0.012060912758902       -0.006296503168543        0.005764409590358
        0.533333333333333        0.033333333333333       -0.008237756610744       -0.004300591641620        0.003937164969124
        0.566666666666667        0.066666666666667       -0.003823156148158       -0.001995911526924        0.001827244621234
        0.500000000000000        0.100000000000000       -0.008528353199119       -0.004452300088240        0.004076053110879
        0.533333333333333        0.133333333333333       -0.004264176599559       -0.002226150044120        0.002038026555440
        0.566666666666667        0.166666666666667       -0.001142582676236       -0.000596495106552        0.000546087569683
        0.500000000000000        0.200000000000000       -0.000000000000000       -0.000000000000000        0.000000000000000
        0.533333333333333        0.233333333333333        0.002207300231293        0.001152340057348        0.001054960173945
        0.566666666666667        0.266666666666667        0.002207300231293        0.001152340057348        0.001054960173945
        0.500000000000000        0.300000000000000        0.008528353199119        0.004452300088240        0.004076053110879
        0.533333333333333        0.333333333333333        0.007385770522883        0.003855804981687        0.003529965541196
        0.566666666666667        0.366666666666667        0.004264176599559        0.002226150044120        0.002038026555440
        0.500000000000000        0.400000000000000        0.012060912758902        0.006296503168543        0.005764409590358
        0.533333333333333        0.433333333333333        0.008237756610744        0.004300591641620        0.003937164969124
        0.566666666666667        0.466666666666667        0.003823156148158        0.001995911526924        0.001827244621234
        0.500000000000000        0.500000000000000        0.008528353199119        0.004452300088240        0.004076053110879
        0.533333333333333        0.533333333333333        0.004264176599559        0.002226150044120        0.002038026555440
        0.566666666666667        0.566666666666667        0.001142582676236        0.000596495106552        0.000546087569683
        0.500000000000000        0.600000000000000        0.000000000000000        0.000000000000000        0.000000000000000
        0.533333333333333        0.633333333333333       -0.002207300231293       -0.001152340057348        0.001054960173945
        0.566666666666667        0.666666666666667       -0.002207300231293       -0.001152340057348        0.001054960173945
        0.500000000000000        0.700000000000000       -0.008528353199119       -0.004452300088240        0.004076053110879
        0.533333333333333        0.733333333333333       -0.007385770522883       -0.003855804981687        0.003529965541196
        0.566666666666667        0.766666666666667       -0.004264176599559       -0.002226150044120        0.002038026555440
        0.500000000000000        0.800000000000000       -0.012060912758902       -0.006296503168543        0.005764409590358
        0.533333333333333        0.833333333333333       -0.008237756610744       -0.004300591641620        0.003937164969124
        0.566666666666667        0.866666666666667       -0.003823156148158       -0.001995911526924        0.001827244621234
        0.500000000000000        0.900000000000000       -0.008528353199119       -0.004452300088240        0.004076053110879
        0.533333333333333        0.933333333333333       -0.004264176599559       -0.002226150044120        0.002038026555440
        0.566666666666667        0.966666666666667       -0.001142582676236       -0.000596495106552        0.000546087569683
        0.500000000000000        1.000000000000000       -0.000000000000000       -0.000000000000000        0.000000000000000
        0.533333333333333        1.033333333333333        0.002207300231293        0.001152340057348        0.001054960173945
        0.566666666666667        1.066666666666667        0.002207300231293        0.001152340057348        0.001054960173945
        0.600000000000000        0.000000000000000       -0.000000000000000       -0.000000000000000        0.000000000000000
        0.633333333333333        0.033333333333333        0.004264176599559        0.002226150044120        0.002038026555440
        0.666666666666667        0.066666666666667        0.007385770522883        0.003855804981687        0.003529965541196
        0.600000000000000        0.100000000000000       -0.000000000000000       -0.000000000000000        0.000000000000000
        0.633333333333333        0.133333333333333        0.002207300231293        0.001152340057348        0.001054960173945
        0.666666666666667        0.166666666666667        0.002207300231293        0.001152340057348        0.001054960173945
        0.600000000000000        0.200000000000000       -0.000000000000000        0.000000000000000        0.000000000000000
        0.633333333333333        0.233333333333333       -0.001142582676236       -0.000596495106552        0.000546087569683
        0.666666666666667        0.266666666666667       -0.004264176599559       -0.002226150044120        0.002038026555440
        0.600000000000000        0.300000000000000        0.000000000000000        0.000000000000000        0.000000000000000
        0.633333333333333        0.333333333333333       -0.003823156148158       -0.001995911526924        0.001827244621234
        0.666666666666667        0.366666666666667       -0.008237756610744       -0.004300591641620        0.003937164969124
        0.600000000000000        0.400000000000000        0.000000000000000        0.000000000000000        0.000000000000000
        0.633333333333333        0.433333333333333       -0.004264176599559       -0.002226150044120        0.002038026555440
        0.666666666666667        0.466666666666667       -0.007385770522883       -0.003855804981687        0.003529965541196
        0.600000000000000        0.500000000000000        0.000000000000000        0.000000000000000        0.000000000000000
        0.633333333333333        0.533333333333333       -0.002207300231293       -0.001152340057348        0.001054960173945
        0.666666666666667        0.566666666666667       -0.002207300231293       -0.001152340057348        0.001054960173945
        0.600000000000000        0.600000000000000        0.000000000000000        0.000000000000000        0.000000000000000
        0.633333333333333        0.633333333333333        0.001142582676236        0.000596495106552        0.000546087569683
        0.666666666666667        0.666666666666667        0.004264176599559        0.002226150044120        0.002038026555440
        0.600000000000000        0.700000000000000       -0.000000000000000       -0.000000000000000        0.000000000000000
        0.633333333333333        0.733333333333333        0.003823156148158        0.001995911526924        0.001827244621234
        0.666666666666667        0.766666666666667        0.008237756610744        0.004300591641620        0.003937164969124
        0.600000000000000        0.800000000000000       -0.000000000000000       -0.000000000000000        0.000000000000000
        0.633333333333333        0.833333333333333        0.004264176599559        0.002226150044120        0.002038026555440
        0.666666666666667        0.866666666666667        0.007385770522883        0.003855804981687        0.003529965541196
        0.600000000000000        0.900000000000000       -0.000000000000000       -0.000000000000000        0.000000000000000
        0.633333333333333        0.933333333333333        0.002207300231293        0.001152340057348        0.001054960173945
        0.666666666666667        0.966666666666667        0.002207300231293        0.001152340057348        0.001054960173945
        0.600000000000000        1.000000000000000       -0.000000000000000       -0.000000000000000        0.000000000000000
        0.633333333333333        1.033333333333333       -0.001142582676236       -0.000596495106552        0.000546087569683
        0.666666666666667        1.066666666666667       -0.004264176599559       -0.002226150044120        0.002038026555440
        0.700000000000000        0.000000000000000        0.012060912758902        0.006296503168543        0.005764409590358
        0.733333333333333        0.033333333333333        0.014268212990195        0.007448843225892        0.006819369764303
        0.766666666666667        0.066666666666667        0.014268212990195        0.007448843225892        0.006819369764303
        0.700000000000000        0.100000000000000        0.008528353199119        0.004452300088240        0.004076053110879
        0.733333333333333        0.133333333333333        0.007385770522883        0.003855804981687        0.003529965541196
        0.766666666666667        0.166666666666667        0.004264176599559        0.002226150044120        0.002038026555440
        0.700000000000000        0.200000000000000        0.000000000000000        0.000000000000000        0.000000000000000
        0.733333333333333        0.233333333333333       -0.003823156148158       -0.001995911526924        0.001827244621234
        0.766666666666667        0.266666666666667       -0.008237756610744       -0.004300591641620        0.003937164969124
        0.700000000000000        0.300000000000000       -0.008528353199119       -0.004452300088240        0.004076053110879
        0.733333333333333        0.333333333333333       -0.012792529798678       -0.006678450132360        0.006114079666319
        0.766666666666667        0.366666666666667       -0.015914123722002       -0.008308105069927        0.007606018652075
        0.700000000000000        0.400000000000000       -0.012060912758902       -0.006296503168543        0.005764409590358
        0.733333333333333        0.433333333333333       -0.014268212990195       -0.007448843225892        0.006819369764303
        0.766666666666667        0.466666666666667       -0.014268212990195       -0.007448843225892        0.006819369764303
        0.700000000000000        0.500000000000000       -0.008528353199119       -0.004452300088240        0.004076053110879
        0.733333333333333        0.533333333333333       -0.007385770522883       -0.003855804981687        0.003529965541196
        0.766666666666667        0.566666666666667       -0.004264176599559       -0.002226150044120        0.002038026555440
        0.700000000000000        0.600000000000000       -0.000000000000000       -0.000000000000000        0.000000000000000
        0.733333333333333        0.633333333333333        0.003823156148158        0.001995911526924        0.001827244621234
        0.766666666666667        0.666666666666667        0.008237756610744        0.004300591641620        0.003937164969124
        0.700000000000000        0.700000000000000        0.008528353199119        0.004452300088240        0.004076053110879
        0.733333333333333        0.733333333333333        0.012792529798678        0.006678450132360        0.006114079666319
        0.766666666666667        0.766666666666667        0.015914123722002        0.008308105069927        0.007606018652075
        0.700000000000000        0.800000000000000        0.012060912758902        0.006296503168543        0.005764409590358
        0.733333333333333        0.833333333333333        0.014268212990195        0.007448843225892        0.006819369764303
        0.766666666666667        0.866666666666667        0.014268212990195        0.007448843225892        0.006819369764303
        0.700000000000000        0.900000000000000        0.008528353199119        0.004452300088240        0.004076053110879
        0.733333333333333        0.933333333333333        0.007385770522883        0.003855804981687        0.003529965541196
        0.766666666666667        0.966666666666667        0.004264176599559        0.002226150044120        0.002038026555440
        0.700000000000000        1.000000000000000        0.000000000000000        0.000000000000000        0.000000000000000
        0.733333333333333        1.033333333333333       -0.003823156148158       -0.001995911526924        0.001827244621234
        0.766666666666667        1.066666666666667       -0.008237756610744       -0.004300591641620        0.003937164969124
        0.800000000000000        0.000000000000000        0.017056706398237        0.008904600176479        0.008152106221758
        0.833333333333333        0.033333333333333        0.015914123722002        0.008308105069927        0.007606018652075
        0.866666666666667        0.066666666666667        0.012792529798678        0.006678450132360        0.006114079666319
        0.800000000000000        0.100000000000000        0.012060912758902        0.006296503168543        0.005764409590358
        0.833333333333333        0.133333333333333        0.008237756610744        0.004300591641620        0.003937164969124
        0.866666666666667        0.166666666666667        0.003823156148158        0.001995911526924        0.001827244621234
        0.800000000000000        0.200000000000000        0.000000000000000        0.000000000000000        0.000000000000000
        0.833333333333333        0.233333333333333       -0.004264176599559       -0.002226150044120        0.002038026555440
        0.866666666666667        0.266666666666667       -0.007385770522883       -0.003855804981687        0.003529965541196
        0.800000000000000        0.300000000000000       -0.012060912758902       -0.006296503168543        0.005764409590358
        0.833333333333333        0.333333333333333       -0.014268212990195       -0.007448843225892        0.006819369764303
        0.866666666666667        0.366666666666667       -0.014268212990195       -0.007448843225892        0.006819369764303
        0.800000000000000        0.400000000000000       -0.017056706398237       -0.008904600176479        0.008152106221758
        0.833333333333333        0.433333333333333       -0.015914123722002       -0.008308105069927        0.007606018652075
        0.866666666666667        0.466666666666667       -0.012792529798678       -0.006678450132360        0.006114079666319
        0.800000000000000        0.500000000000000       -0.012060912758902       -0.006296503168543        0.005764409590358
        0.833333333333333        0.533333333333333       -0.008237756610744       -0.004300591641620        0.003937164969124
        0.866666666666667        0.566666666666667       -0.003823156148158       -0.001995911526924        0.001827244621234
        0.800000000000000        0.600000000000000       -0.000000000000000       -0.000000000000000        0.000000000000000
        0.833333333333333        0.633333333333333        0.004264176599559        0.002226150044120        0.002038026555440
        0.866666666666667        0.666666666666667        0.007385770522883        0.003855804981687        0.003529965541196
        0.800000000000000        0.700000000000000        0.012060912758902        0.006296503168543        0.005764409590358
        0.833333333333333        0.733333333333333        0.014268212990195        0.007448843225892        0.006819369764303
        0.866666666666667        0.766666666666667        0.014268212990195        0.007448843225892        0.006819369764303
        0.800000000000000        0.800000000000000        0.017056706398237        0.008904600176479        0.008152106221758
        0.833333333333333        0.833333333333333        0.015914123722002        0.008308105069927        0.007606018652075
        0.866666666666667        0.866666666666667        0.012792529798678        0.006678450132360        0.006114079666319
        0.800000000000000        0.900000000000000        0.012060912758902        0.006296503168543        0.005764409590358
        0.833333333333333        0.933333333333333        0.008237756610744        0.004300591641620        0.003937164969124
        0.866666666666667        0.966666666666667        0.003823156148158        0.001995911526924        0.001827244621234
        0.800000000000000        1.000000000000000        0.000000000000000        0.000000000000000        0.000000000000000
        0.833333333333333        1.033333333333333       -0.004264176599559       -0.002226150044120        0.002038026555440
        0.866666666666667        1.066666666666667       -0.007385770522883       -0.003855804981687        0.003529965541196
        0.900000000000000        0.000000000000000        0.012060912758902        0.006296503168543        0.005764409590358
        0.933333333333333        0.033333333333333        0.008237756610744        0.004300591641620        0.003937164969124
        0.966666666666667        0.066666666666667        0.003823156148158        0.001995911526924        0.001827244621234
        0.900000000000000        0.100000000000000        0.008528353199119        0.004452300088240        0.004076053110879
        0.933333333333333        0.133333333333333        0.004264176599559        0.002226150044120        0.002038026555440
        0.966666666666667        0.166666666666667        0.001142582676236        0.000596495106552        0.000546087569683
        0.900000000000000        0.200000000000000        0.000000000000000        0.000000000000000        0.000000000000000
        0.933333333333333        0.233333333333333       -0.002207300231293       -0.001152340057348        0.001054960173945
        0.966666666666667        0.266666666666667       -0.002207300231293       -0.001152340057348        0.001054960173945
        0.900000000000000        0.300000000000000       -0.008528353199119       -0.004452300088240        0.004076053110879
        0.933333333333333        0.333333333333333       -0.007385770522883       -0.003855804981687        0.003529965541196
        0.966666666666667        0.366666666666667       -0.004264176599559       -0.002226150044120        0.002038026555440
        0.900000000000000        0.400000000000000       -0.012060912758902       -0.006296503168543        0.005764409590358
        0.933333333333333        0.433333333333333       -0.008237756610744       -0.004300591641620        0.003937164969124
        0.966666666666667        0.466666666666667       -0.003823156148158       -0.001995911526924        0.001827244621234
        0.900000000000000        0.500000000000000       -0.008528353199119       -0.004452300088240        0.004076053110879
        0.933333333333333        0.533333333333333       -0.004264176599559       -0.002226150044120        0.002038026555440
        0.966666666666667        0.566666666666667       -0.001142582676236       -0.000596495106552        0.000546087569683
        0.900000000000000        0.600000000000000       -0.000000000000000       -0.000000000000000        0.000000000000000
        0.933333333333333        0.633333333333333        0.002207300231293        0.001152340057348        0.001054960173945
        0.966666666666667        0.666666666666667        0.002207300231293        0.001152340057348        0.001054960173945
        0.900000000000000        0.700000000000000        0.008528353199119        0.004452300088240        0.004076053110879
        0.933333333333333        0.733333333333333        0.007385770522883        0.003855804981687        0.003529965541196
        0.966666666666667        0.766666666666667        0.004264176599559        0.002226150044120        0.002038026555440
        0.900000000000000        0.800000000000000        0.012060912758902        0.006296503168543        0.005764409590358
        0.933333333333333        0.833333333333333        0.008237756610744        0.004300591641620        0.003937164969124
        0.966666666666667        0.866666666666667        0.003823156148158        0.001995911526924        0.001827244621234
        0.900000000000000        0.900000000000000        0.008528353199119        0.004452300088240        0.004076053110879
        0.933333333333333        0.933333333333333        0.004264176599559        0.002226150044120        0.002038026555440
        0.966666666666667        0.966666666666667        0.001142582676236        0.000596495106552        0.000546087569683
        0.900000000000000        1.000000000000000        0.000000000000000        0.000000000000000        0.000000000000000
        0.933333333333333        1.033333333333333       -0.002207300231293       -0.001152340057348        0.001054960173945
        0.966666666666667        1.066666666666667       -0.002207300231293       -0.001152340057348        0.001054960173945
        1.000000000000000        0.000000000000000        0.000000000000000        0.000000000000000        0.000000000000000
        1.033333333333333        0.033333333333333       -0.004264176599559       -0.002226150044120        0.002038026555440
        1.066666666666667        0.066666666666667       -0.007385770522883       -0.003855804981687        0.003529965541196
        1.000000000000000        0.100000000000000        0.000000000000000        0.000000000000000        0.000000000000000
        1.033333333333333        0.133333333333333       -0.002207300231293       -0.001152340057348        0.001054960173945
        1.066666666666667        0.166666666666667       -0.002207300231293       -0.001152340057348        0.001054960173945
        1.000000000000000        0.200000000000000        0.000000000000000        0.000000000000000        0.000000000000000
        1.033333333333333        0.233333333333333        0.001142582676236        0.000596495106552        0.000546087569683
        1.066666666666667        0.266666666666667        0.004264176599559        0.002226150044120        0.002038026555440
        1.000000000000000        0.300000000000000       -0.000000000000000       -0.000000000000000        0.000000000000000
        1.033333333333333        0.333333333333333        0.003823156148158        0.001995911526924        0.001827244621234
        1.066666666666667        0.366666666666667        0.008237756610744        0.004300591641620        0.003937164969124
        1.000000000000000        0.400000000000000       -0.000000000000000       -0.000000000000000        0.000000000000000
        1.033333333333333        0.433333333333333        0.004264176599559        0.002226150044120        0.002038026555440
        1.066666666666667        0.466666666666667        0.007385770522883        0.003855804981687        0.003529965541196
        1.000000000000000        0.500000000000000       -0.000000000000000       -0.000000000000000        0.000000000000000
        1.033333333333333        0.533333333333333        0.002207300231293        0.001152340057348        0.001054960173945
        1.066666666666667        0.566666666666667        0.002207300231293        0.001152340057348        0.001054960173945
        1.000000000000000        0.600000000000000       -0.000000000000000       -0.000000000000000        0.000000000000000
        1.033333333333333        0.633333333333333       -0.001142582676236       -0.000596495106552        0.000546087569683
        1.066666666666667        0.666666666666667       -0.004264176599559       -0.002226150044120        0.002038026555440
        1.000000000000000        0.700000000000000        0.000000000000000        0.000000000000000        0.000000000000000
        1.033333333333333        0.733333333333333       -0.003823156148158       -0.001995911526924        0.001827244621234
        1.066666666666667        0.766666666666667       -0.008237756610744       -0.004300591641620        0.003937164969124
        1.000000000000000        0.800000000000000        0.000000000000000        0.000000000000000        0.000000000000000
        1.033333333333333        0.833333333333333       -0.004264176599559       -0.002226150044120        0.002038026555440
        1.066666666666667        0.866666666666667       -0.007385770522883       -0.003855804981687        0.003529965541196
        1.000000000000000        0.900000000000000        0.000000000000000        0.000000000000000        0.000000000000000
        1.033333333333333        0.933333333333333       -0.002207300231293       -0.001152340057348        0.001054960173945
        1.066666666666667        0.966666666666667       -0.002207300231293       -0.001152340057348        0.001054960173945
        1.000000000000000        1.000000000000000        0.000000000000000        0.000000000000000        0.000000000000000
        1.033333333333333        1.033333333333333        0.001142582676236        0.000596495106552        0.000546087569683
        1.066666666666667        1.066666666666667        0.004264176599559        0.002226150044120        0.002038026555440
