        0.000000000000000        0.000000000000000       15.771196614594590       15.771196614594608        0.000000000000018
        0.033333333333333        0.033333333333333       14.714726765456321       14.714726765456334        0.000000000000012
        0.066666666666667        0.066666666666667       11.828397460945943       11.828397460945944        0.000000000000002
        0.000000000000000        0.100000000000000       11.151920073606156       11.151920073606158        0.000000000000002
        0.033333333333333        0.133333333333333        7.616903060759819        7.616903060759816        0.000000000000003
        0.066666666666667        0.166666666666667        3.535017012846339        3.535017012846335        0.000000000000004
        0.000000000000000        0.200000000000000        0.000000000000001        0.000000000000000        0.000000000000001
        0.033333333333333        0.233333333333333       -3.942799153648647       -3.942799153648646        0.000000000000000
        0.066666666666667        0.266666666666667       -6.829128458159025       -6.829128458159023        0.000000000000002
        0.000000000000000        0.300000000000000      -11.151920073606155      -11.151920073606160        0.000000000000005
        0.033333333333333        0.333333333333333      -13.192863097562895      -13.192863097562900        0.000000000000005
        0.066666666666667        0.366666666666667      -13.192863097562896      -13.192863097562896        0.000000000000001
        0.000000000000000        0.400000000000000      -15.771196614594590      -15.771196614594599        0.000000000000008
        0.033333333333333        0.433333333333333      -14.714726765456322      -14.714726765456328        0.000000000000006
        0.066666666666667        0.466666666666667      -11.828397460945944      -11.828397460945946        0.000000000000002
        0.000000000000000        0.500000000000000      -11.151920073606158      -11.151920073606167        0.000000000000009
        0.033333333333333        0.533333333333333       -7.616903060759820       -7.616903060759826        0.000000000000006
        0.066666666666667        0.566666666666667       -3.535017012846340       -3.535017012846342        0.000000000000002
        0.000000000000000        0.600000000000000       -0.000000000000003       -0.000000000000002        0.000000000000000
        0.033333333333333        0.633333333333333        3.942799153648645        3.942799153648648        0.000000000000003
        0.066666666666667        0.666666666666667        6.829128458159024        6.829128458159026        0.000000000000002
        0.000000000000000        0.700000000000000       11.151920073606154       11.151920073606161        0.000000000000007
        0.033333333333333        0.733333333333333       13.192863097562894       13.192863097562901        0.000000000000006
        0.066666666666667        0.766666666666667       13.192863097562895       13.192863097562897        0.000000000000002
        0.000000000000000        0.800000000000000       15.771196614594590       15.771196614594601        0.000000000000011
        0.033333333333333        0.833333333333333       14.714726765456322       14.714726765456330        0.000000000000008
        0.066666666666667        0.866666666666667       11.828397460945945       11.828397460945945        0.000000000000000
        0.000000000000000        0.900000000000000       11.151920073606159       11.151920073606162        0.000000000000003
        0.033333333333333        0.933333333333333        7.616903060759822        7.616903060759821        0.000000000000001
        0.066666666666667        0.966666666666667        3.535017012846342        3.535017012846339        0.000000000000002
        0.000000000000000        1.000000000000000        0.000000000000005        0.000000000000005        0.000000000000000
        0.033333333333333        1.033333333333333       -3.942799153648643       -3.942799153648642        0.000000000000001
        0.066666666666667        1.066666666666667       -6.829128458159022       -6.829128458159019        0.000000000000003
        0.100000000000000        0.000000000000000       11.151920073606156       11.151920073606158        0.000000000000002
        0.133333333333333        0.033333333333333        7.616903060759819        7.616903060759816        0.000000000000003
        0.166666666666667        0.066666666666667        3.535017012846339        3.535017012846335        0.000000000000004
        0.100000000000000        0.100000000000000        7.885598307297296        7.885598307297289        0.000000000000006
        0.133333333333333        0.133333333333333        3.942799153648648        3.942799153648642        0.000000000000006
        0.166666666666667        0.166666666666667        1.056469849138270        1.056469849138267        0.000000000000002
        0.100000000000000        0.200000000000000        0.000000000000001        0.000000000000000        0.000000000000001
        0.133333333333333        0.233333333333333       -2.040943023956740       -2.040943023956737        0.000000000000003
        0.166666666666667        0.266666666666667       -2.040943023956740       -2.040943023956737        0.000000000000003
        0.100000000000000        0.300000000000000       -7.885598307297295       -7.885598307297290        0.000000000000004
        0.133333333333333        0.333333333333333       -6.829128458159026       -6.829128458159020        0.000000000000006
        0.166666666666667        0.366666666666667       -3.942799153648648       -3.942799153648644        0.000000000000004
        0.100000000000000        0.400000000000000      -11.151920073606156      -11.151920073606152        0.000000000000005
        0.133333333333333        0.433333333333333       -7.616903060759819       -7.616903060759813        0.000000000000006
        0.166666666666667        0.466666666666667       -3.535017012846339       -3.535017012846335        0.000000000000004
        0.100000000000000        0.500000000000000       -7.885598307297297       -7.885598307297295        0.000000000000001
        0.133333333333333        0.533333333333333       -3.942799153648649       -3.942799153648647        0.000000000000002
        0.166666666666667        0.566666666666667       -1.056469849138270       -1.056469849138269        0.000000000000001
        0.100000000000000        0.600000000000000       -0.000000000000002       -0.000000000000002        0.000000000000000
        0.133333333333333        0.633333333333333        2.040943023956739        2.040943023956738        0.000000000000001
        0.166666666666667        0.666666666666667        2.040943023956740        2.040943023956738        0.000000000000002
        0.100000000000000        0.700000000000000        7.885598307297294        7.885598307297291        0.000000000000002
        0.133333333333333        0.733333333333333        6.829128458159025        6.829128458159020        0.000000000000005
        0.166666666666667        0.766666666666667        3.942799153648648        3.942799153648644        0.000000000000004
        0.100000000000000        0.800000000000000       11.151920073606156       11.151920073606153        0.000000000000003
        0.133333333333333        0.833333333333333        7.616903060759819        7.616903060759814        0.000000000000005
        0.166666666666667        0.866666666666667        3.535017012846339        3.535017012846335        0.000000000000004
        0.100000000000000        0.900000000000000        7.885598307297298        7.885598307297292        0.000000000000005
        0.133333333333333        0.933333333333333        3.942799153648650        3.942799153648645        0.000000000000005
        0.166666666666667        0.966666666666667        1.056469849138271        1.056469849138269        0.000000000000002
        0.100000000000000        1.000000000000000        0.000000000000003        0.000000000000003        0.000000000000000
        0.133333333333333        1.033333333333333       -2.040943023956738       -2.040943023956735        0.000000000000003
        0.166666666666667        1.066666666666667       -2.040943023956739       -2.040943023956736        0.000000000000003
        0.200000000000000        0.000000000000000        0.000000000000001        0.000000000000000        0.000000000000001
        0.233333333333333        0.033333333333333       -3.942799153648647       -3.942799153648646        0.000000000000000
        0.266666666666667        0.066666666666667       -6.829128458159025       -6.829128458159023        0.000000000000002
        0.200000000000000        0.100000000000000        0.000000000000001        0.000000000000000        0.000000000000001
        0.233333333333333        0.133333333333333       -2.040943023956740       -2.040943023956737        0.000000000000003
        0.266666666666667        0.166666666666667       -2.040943023956740       -2.040943023956737        0.000000000000003
        0.200000000000000        0.200000000000000        0.000000000000000        0.000000000000000        0.000000000000000
        0.233333333333333        0.233333333333333        1.056469849138269        1.056469849138268        0.000000000000001
        0.266666666666667        0.266666666666667        3.942799153648646        3.942799153648644        0.000000000000003
        0.200000000000000        0.300000000000000       -0.000000000000001       -0.000000000000000        0.000000000000001
        0.233333333333333        0.333333333333333        3.535017012846337        3.535017012846335        0.000000000000002
        0.266666666666667        0.366666666666667        7.616903060759817        7.616903060759814        0.000000000000003
        0.200000000000000        0.400000000000000       -0.000000000000001       -0.000000000000000        0.000000000000001
        0.233333333333333        0.433333333333333        3.942799153648647        3.942799153648645        0.000000000000002
        0.266666666666667        0.466666666666667        6.829128458159025        6.829128458159024        0.000000000000001
        0.200000000000000        0.500000000000000       -0.000000000000001       -0.000000000000000        0.000000000000001
        0.233333333333333        0.533333333333333        2.040943023956740        2.040943023956740        0.000000000000000
        0.266666666666667        0.566666666666667        2.040943023956741        2.040943023956741        0.000000000000000
        0.200000000000000        0.600000000000000       -0.000000000000000       -0.000000000000000        0.000000000000000
        0.233333333333333        0.633333333333333       -1.056469849138268       -1.056469849138268        0.000000000000000
        0.266666666666667        0.666666666666667       -3.942799153648646       -3.942799153648645        0.000000000000000
        0.200000000000000        0.700000000000000        0.000000000000001        0.000000000000000        0.000000000000001
        0.233333333333333        0.733333333333333       -3.535017012846337       -3.535017012846335        0.000000000000001
        0.266666666666667        0.766666666666667       -7.616903060759816       -7.616903060759815        0.000000000000002
        0.200000000000000        0.800000000000000        0.000000000000001        0.000000000000000        0.000000000000001
        0.233333333333333        0.833333333333333       -3.942799153648647       -3.942799153648645        0.000000000000001
        0.266666666666667        0.866666666666667       -6.829128458159026       -6.829128458159024        0.000000000000002
        0.200000000000000        0.900000000000000        0.000000000000001        0.000000000000000        0.000000000000001
        0.233333333333333        0.933333333333333       -2.040943023956740       -2.040943023956738        0.000000000000002
        0.266666666666667        0.966666666666667       -2.040943023956742       -2.040943023956740        0.000000000000002
        0.200000000000000        1.000000000000000        0.000000000000000        0.000000000000000        0.000000000000000
        0.233333333333333        1.033333333333333        1.056469849138268        1.056469849138266        0.000000000000001
        0.266666666666667        1.066666666666667        3.942799153648645        3.942799153648641        0.000000000000003
        0.300000000000000        0.000000000000000      -11.151920073606155      -11.151920073606160        0.000000000000005
        0.333333333333333        0.033333333333333      -13.192863097562895      -13.192863097562900        0.000000000000005
        0.366666666666667        0.066666666666667      -13.192863097562896      -13.192863097562896        0.000000000000001
        0.300000000000000        0.100000000000000       -7.885598307297295       -7.885598307297290        0.000000000000004
        0.333333333333333        0.133333333333333       -6.829128458159026       -6.829128458159020        0.000000000000006
        0.366666666666667        0.166666666666667       -3.942799153648648       -3.942799153648644        0.000000000000004
        0.300000000000000        0.200000000000000       -0.000000000000001       -0.000000000000000        0.000000000000001
        0.333333333333333        0.233333333333333        3.535017012846337        3.535017012846335        0.000000000000002
        0.366666666666667        0.266666666666667        7.616903060759817        7.616903060759814        0.000000000000003
        0.300000000000000        0.300000000000000        7.885598307297294        7.885598307297291        0.000000000000002
        0.333333333333333        0.333333333333333       11.828397460945941       11.828397460945940        0.000000000000001
        0.366666666666667        0.366666666666667       14.714726765456320       14.714726765456320        0.000000000000001
        0.300000000000000        0.400000000000000       11.151920073606155       11.151920073606153        0.000000000000002
        0.333333333333333        0.433333333333333       13.192863097562896       13.192863097562895        0.000000000000000
        0.366666666666667        0.466666666666667       13.192863097562897       13.192863097562898        0.000000000000001
        0.300000000000000        0.500000000000000        7.885598307297296        7.885598307297296        0.000000000000001
        0.333333333333333        0.533333333333333        6.829128458159027        6.829128458159030        0.000000000000002
        0.366666666666667        0.566666666666667        3.942799153648650        3.942799153648651        0.000000000000001
        0.300000000000000        0.600000000000000        0.000000000000002        0.000000000000002        0.000000000000000
        0.333333333333333        0.633333333333333       -3.535017012846335       -3.535017012846337        0.000000000000001
        0.366666666666667        0.666666666666667       -7.616903060759815       -7.616903060759817        0.000000000000002
        0.300000000000000        0.700000000000000       -7.885598307297293       -7.885598307297292        0.000000000000000
        0.333333333333333        0.733333333333333      -11.828397460945940      -11.828397460945940        0.000000000000000
        0.366666666666667        0.766666666666667      -14.714726765456320      -14.714726765456320        0.000000000000001
        0.300000000000000        0.800000000000000      -11.151920073606155      -11.151920073606155        0.000000000000000
        0.333333333333333        0.833333333333333      -13.192863097562896      -13.192863097562897        0.000000000000001
        0.366666666666667        0.866666666666667      -13.192863097562898      -13.192863097562897        0.000000000000001
        0.300000000000000        0.900000000000000       -7.885598307297297       -7.885598307297293        0.000000000000003
        0.333333333333333        0.933333333333333       -6.829128458159029       -6.829128458159025        0.000000000000004
        0.366666666666667        0.966666666666667       -3.942799153648652       -3.942799153648649        0.000000000000003
        0.300000000000000        1.000000000000000       -0.000000000000003       -0.000000000000003        0.000000000000000
        0.333333333333333        1.033333333333333        3.535017012846334        3.535017012846331        0.000000000000003
        0.366666666666667        1.066666666666667        7.616903060759813        7.616903060759809        0.000000000000004
        0.400000000000000        0.000000000000000      -15.771196614594590      -15.771196614594599        0.000000000000008
        0.433333333333333        0.033333333333333      -14.714726765456322      -14.714726765456328        0.000000000000006
        0.466666666666667        0.066666666666667      -11.828397460945944      -11.828397460945946        0.000000000000002
        0.400000000000000        0.100000000000000      -11.151920073606156      -11.151920073606152        0.000000000000005
        0.433333333333333        0.133333333333333       -7.616903060759819       -7.616903060759813        0.000000000000006
        0.466666666666667        0.166666666666667       -3.535017012846339       -3.535017012846335        0.000000000000004
        0.400000000000000        0.200000000000000       -0.000000000000001       -0.000000000000000        0.000000000000001
        0.433333333333333        0.233333333333333        3.942799153648647        3.942799153648645        0.000000000000002
        0.466666666666667        0.266666666666667        6.829128458159025        6.829128458159024        0.000000000000001
        0.400000000000000        0.300000000000000       11.151920073606155       11.151920073606153        0.000000000000002
        0.433333333333333        0.333333333333333       13.192863097562896       13.192863097562895        0.000000000000000
        0.466666666666667        0.366666666666667       13.192863097562897       13.192863097562898        0.000000000000001
        0.400000000000000        0.400000000000000       15.771196614594590       15.771196614594589        0.000000000000001
        0.433333333333333        0.433333333333333       14.714726765456322       14.714726765456322        0.000000000000000
        0.466666666666667        0.466666666666667       11.828397460945945       11.828397460945947        0.000000000000003
        0.400000000000000        0.500000000000000       11.151920073606158       11.151920073606160        0.000000000000003
        0.433333333333333        0.533333333333333        7.616903060759820        7.616903060759823        0.000000000000003
        0.466666666666667        0.566666666666667        3.535017012846341        3.535017012846342        0.000000000000002
        0.400000000000000        0.600000000000000        0.000000000000003        0.000000000000002        0.000000000000000
        0.433333333333333        0.633333333333333       -3.942799153648645       -3.942799153648647        0.000000000000002
        0.466666666666667        0.666666666666667       -6.829128458159024       -6.829128458159026        0.000000000000002
        0.400000000000000        0.700000000000000      -11.151920073606154      -11.151920073606154        0.000000000000001
        0.433333333333333        0.733333333333333      -13.192863097562895      -13.192863097562895        0.000000000000001
        0.466666666666667        0.766666666666667      -13.192863097562896      -13.192863097562899        0.000000000000002
        0.400000000000000        0.800000000000000      -15.771196614594590      -15.771196614594592        0.000000000000002
        0.433333333333333        0.833333333333333      -14.714726765456323      -14.714726765456324        0.000000000000002
        0.466666666666667        0.866666666666667      -11.828397460945945      -11.828397460945946        0.000000000000001
        0.400000000000000        0.900000000000000      -11.151920073606159      -11.151920073606156        0.000000000000003
        0.433333333333333        0.933333333333333       -7.616903060759822       -7.616903060759818        0.000000000000004
        0.466666666666667        0.966666666666667       -3.535017012846342       -3.535017012846340        0.000000000000002
        0.400000000000000        1.000000000000000       -0.000000000000005       -0.000000000000005        0.000000000000000
        0.433333333333333        1.033333333333333        3.942799153648643        3.942799153648640        0.000000000000003
        0.466666666666667        1.066666666666667        6.829128458159023        6.829128458159020        0.000000000000003
        0.500000000000000        0.000000000000000      -11.151920073606158      -11.151920073606167        0.000000000000009
        0.533333333333333        0.033333333333333       -7.616903060759820       -7.616903060759826        0.000000000000006
        0.566666666666667        0.066666666666667       -3.535017012846340       -3.535017012846342        0.000000000000002
        0.500000000000000        0.100000000000000       -7.885598307297297       -7.885598307297295        0.000000000000001
        0.533333333333333        0.133333333333333       -3.942799153648649       -3.942799153648647        0.000000000000002
        0.566666666666667        0.166666666666667       -1.056469849138270       -1.056469849138269        0.000000000000001
        0.500000000000000        0.200000000000000       -0.000000000000001       -0.000000000000000        0.000000000000001
        0.533333333333333        0.233333333333333        2.040943023956740        2.040943023956740        0.000000000000000
        0.566666666666667        0.266666666666667        2.040943023956741        2.040943023956741        0.000000000000000
        0.500000000000000        0.300000000000000        7.885598307297296        7.885598307297296        0.000000000000001
        0.533333333333333        0.333333333333333        6.829128458159027        6.829128458159030        0.000000000000002
        0.566666666666667        0.366666666666667        3.942799153648650        3.942799153648651        0.000000000000001
        0.500000000000000        0.400000000000000       11.151920073606158       11.151920073606160        0.000000000000003
        0.533333333333333        0.433333333333333        7.616903060759820        7.616903060759823        0.000000000000003
        0.566666666666667        0.466666666666667        3.535017012846341        3.535017012846342        0.000000000000002
        0.500000000000000        0.500000000000000        7.885598307297298        7.885598307297301        0.000000000000004
        0.533333333333333        0.533333333333333        3.942799153648650        3.942799153648653        0.000000000000003
        0.566666666666667        0.566666666666667        1.056469849138271        1.056469849138271        0.000000000000001
        0.500000000000000        0.600000000000000        0.000000000000002        0.000000000000002        0.000000000000000
        0.533333333333333        0.633333333333333       -2.040943023956739       -2.040943023956741        0.000000000000002
        0.566666666666667        0.666666666666667       -2.040943023956741       -2.040943023956742        0.000000000000001
        0.500000000000000        0.700000000000000       -7.885598307297295       -7.885598307297297        0.000000000000003
        0.533333333333333        0.733333333333333       -6.829128458159027       -6.829128458159030        0.000000000000003
        0.566666666666667        0.766666666666667       -3.942799153648650       -3.942799153648652        0.000000000000002
        0.500000000000000        0.800000000000000      -11.151920073606158      -11.151920073606162        0.000000000000004
        0.533333333333333        0.833333333333333       -7.616903060759821       -7.616903060759824        0.000000000000004
        0.566666666666667        0.866666666666667       -3.535017012846341       -3.535017012846342        0.000000000000001
        0.500000000000000        0.900000000000000       -7.885598307297298       -7.885598307297298        0.000000000000000
        0.533333333333333        0.933333333333333       -3.942799153648651       -3.942799153648650        0.000000000000001
        0.566666666666667        0.966666666666667       -1.056469849138271       -1.056469849138271        0.000000000000000
        0.500000000000000        1.000000000000000       -0.000000000000003       -0.000000000000003        0.000000000000000
        0.533333333333333        1.033333333333333        2.040943023956738        2.040943023956737        0.000000000000001
        0.566666666666667        1.066666666666667        2.040943023956740        2.040943023956740        0.000000000000000
        0.600000000000000        0.000000000000000       -0.000000000000003       -0.000000000000002        0.000000000000000
        0.633333333333333        0.033333333333333        3.942799153648645        3.942799153648648        0.000000000000003
        0.666666666666667        0.066666666666667        6.829128458159024        6.829128458159026        0.000000000000002
        0.600000000000000        0.100000000000000       -0.000000000000002       -0.000000000000002        0.000000000000000
        0.633333333333333        0.133333333333333        2.040943023956739        2.040943023956738        0.000000000000001
        0.666666666666667        0.166666666666667        2.040943023956740        2.040943023956738        0.000000000000002
        0.600000000000000        0.200000000000000       -0.000000000000000       -0.000000000000000        0.000000000000000
        0.633333333333333        0.233333333333333       -1.056469849138268       -1.056469849138268        0.000000000000000
        0.666666666666667        0.266666666666667       -3.942799153648646       -3.942799153648645        0.000000000000000
        0.600000000000000        0.300000000000000        0.000000000000002        0.000000000000002        0.000000000000000
        0.633333333333333        0.333333333333333       -3.535017012846335       -3.535017012846337        0.000000000000001
        0.666666666666667        0.366666666666667       -7.616903060759815       -7.616903060759817        0.000000000000002
        0.600000000000000        0.400000000000000        0.000000000000003        0.000000000000002        0.000000000000000
        0.633333333333333        0.433333333333333       -3.942799153648645       -3.942799153648647        0.000000000000002
        0.666666666666667        0.466666666666667       -6.829128458159024       -6.829128458159026        0.000000000000002
        0.600000000000000        0.500000000000000        0.000000000000002        0.000000000000002        0.000000000000000
        0.633333333333333        0.533333333333333       -2.040943023956739       -2.040943023956741        0.000000000000002
        0.666666666666667        0.566666666666667       -2.040943023956741       -2.040943023956742        0.000000000000001
        0.600000000000000        0.600000000000000        0.000000000000000        0.000000000000000        0.000000000000000
        0.633333333333333        0.633333333333333        1.056469849138268        1.056469849138269        0.000000000000001
        0.666666666666667        0.666666666666667        3.942799153648645        3.942799153648647        0.000000000000002
        0.600000000000000        0.700000000000000       -0.000000000000002       -0.000000000000002        0.000000000000000
        0.633333333333333        0.733333333333333        3.535017012846335        3.535017012846337        0.000000000000002
        0.666666666666667        0.766666666666667        7.616903060759815        7.616903060759817        0.000000000000002
        0.600000000000000        0.800000000000000       -0.000000000000003       -0.000000000000002        0.000000000000000
        0.633333333333333        0.833333333333333        3.942799153648645        3.942799153648647        0.000000000000002
        0.666666666666667        0.866666666666667        6.829128458159025        6.829128458159026        0.000000000000001
        0.600000000000000        0.900000000000000       -0.000000000000002       -0.000000000000002        0.000000000000000
        0.633333333333333        0.933333333333333        2.040943023956740        2.040943023956739        0.000000000000000
        0.666666666666667        0.966666666666667        2.040943023956742        2.040943023956740        0.000000000000001
        0.600000000000000        1.000000000000000       -0.000000000000000       -0.000000000000000        0.000000000000000
        0.633333333333333        1.033333333333333       -1.056469849138267       -1.056469849138267        0.000000000000000
        0.666666666666667        1.066666666666667       -3.942799153648644       -3.942799153648643        0.000000000000001
        0.700000000000000        0.000000000000000       11.151920073606154       11.151920073606161        0.000000000000007
        0.733333333333333        0.033333333333333       13.192863097562894       13.192863097562901        0.000000000000006
        0.766666666666667        0.066666666666667       13.192863097562895       13.192863097562897        0.000000000000002
        0.700000000000000        0.100000000000000        7.885598307297294        7.885598307297291        0.000000000000002
        0.733333333333333        0.133333333333333        6.829128458159025        6.829128458159020        0.000000000000005
        0.766666666666667        0.166666666666667        3.942799153648648        3.942799153648644        0.000000000000004
        0.700000000000000        0.200000000000000        0.000000000000001        0.000000000000000        0.000000000000001
        0.733333333333333        0.233333333333333       -3.535017012846337       -3.535017012846335        0.000000000000001
        0.766666666666667        0.266666666666667       -7.616903060759816       -7.616903060759815        0.000000000000002
        0.700000000000000        0.300000000000000       -7.885598307297293       -7.885598307297292        0.000000000000000
        0.733333333333333        0.333333333333333      -11.828397460945940      -11.828397460945940        0.000000000000000
        0.766666666666667        0.366666666666667      -14.714726765456320      -14.714726765456320        0.000000000000001
        0.700000000000000        0.400000000000000      -11.151920073606154      -11.151920073606154        0.000000000000001
        0.733333333333333        0.433333333333333      -13.192863097562895      -13.192863097562895        0.000000000000001
        0.766666666666667        0.466666666666667      -13.192863097562896      -13.192863097562899        0.000000000000002
        0.700000000000000        0.500000000000000       -7.885598307297295       -7.885598307297297        0.000000000000003
        0.733333333333333        0.533333333333333       -6.829128458159027       -6.829128458159030        0.000000000000003
        0.766666666666667        0.566666666666667       -3.942799153648650       -3.942799153648652        0.000000000000002
        0.700000000000000        0.600000000000000       -0.000000000000002       -0.000000000000002        0.000000000000000
        0.733333333333333        0.633333333333333        3.535017012846335        3.535017012846337        0.000000000000002
        0.766666666666667        0.666666666666667        7.616903060759815        7.616903060759817        0.000000000000002
        0.700000000000000        0.700000000000000        7.885598307297292        7.885598307297293        0.000000000000002
        0.733333333333333        0.733333333333333       11.828397460945940       11.828397460945941        0.000000000000001
        0.766666666666667        0.766666666666667       14.714726765456319       14.714726765456321        0.000000000000002
        0.700000000000000        0.800000000000000       11.151920073606154       11.151920073606156        0.000000000000002
        0.733333333333333        0.833333333333333       13.192863097562895       13.192863097562897        0.000000000000002
        0.766666666666667        0.866666666666667       13.192863097562897       13.192863097562898        0.000000000000001
        0.700000000000000        0.900000000000000        7.885598307297296        7.885598307297294        0.000000000000001
        0.733333333333333        0.933333333333333        6.829128458159028        6.829128458159025        0.000000000000003
        0.766666666666667        0.966666666666667        3.942799153648652        3.942799153648649        0.000000000000003
        0.700000000000000        1.000000000000000        0.000000000000003        0.000000000000003        0.000000000000000
        0.733333333333333        1.033333333333333       -3.535017012846333       -3.535017012846331        0.000000000000002
        0.766666666666667        1.066666666666667       -7.616903060759813       -7.616903060759810        0.000000000000003
        0.800000000000000        0.000000000000000       15.771196614594590       15.771196614594601        0.000000000000011
        0.833333333333333        0.033333333333333       14.714726765456322       14.714726765456330        0.000000000000008
        0.866666666666667        0.066666666666667       11.828397460945945       11.828397460945945        0.000000000000000
        0.800000000000000        0.100000000000000       11.151920073606156       11.151920073606153        0.000000000000003
        0.833333333333333        0.133333333333333        7.616903060759819        7.616903060759814        0.000000000000005
        0.866666666666667        0.166666666666667        3.535017012846339        3.535017012846335        0.000000000000004
        0.800000000000000        0.200000000000000        0.000000000000001        0.000000000000000        0.000000000000001
        0.833333333333333        0.233333333333333       -3.942799153648647       -3.942799153648645        0.000000000000001
        0.866666666666667        0.266666666666667       -6.829128458159026       -6.829128458159024        0.000000000000002
        0.800000000000000        0.300000000000000      -11.151920073606155      -11.151920073606155        0.000000000000000
        0.833333333333333        0.333333333333333      -13.192863097562896      -13.192863097562897        0.000000000000001
        0.866666666666667        0.366666666666667      -13.192863097562898      -13.192863097562897        0.000000000000001
        0.800000000000000        0.400000000000000      -15.771196614594590      -15.771196614594592        0.000000000000002
        0.833333333333333        0.433333333333333      -14.714726765456323      -14.714726765456324        0.000000000000002
        0.866666666666667        0.466666666666667      -11.828397460945945      -11.828397460945946        0.000000000000001
        0.800000000000000        0.500000000000000      -11.151920073606158      -11.151920073606162        0.000000000000004
        0.833333333333333        0.533333333333333       -7.616903060759821       -7.616903060759824        0.000000000000004
        0.866666666666667        0.566666666666667       -3.535017012846341       -3.535017012846342        0.000000000000001
        0.800000000000000        0.600000000000000       -0.000000000000003       -0.000000000000002        0.000000000000000
        0.833333333333333        0.633333333333333        3.942799153648645        3.942799153648647        0.000000000000002
        0.866666666666667        0.666666666666667        6.829128458159025        6.829128458159026        0.000000000000001
        0.800000000000000        0.700000000000000       11.151920073606154       11.151920073606156        0.000000000000002
        0.833333333333333        0.733333333333333       13.192863097562895       13.192863097562897        0.000000000000002
        0.866666666666667        0.766666666666667       13.192863097562897       13.192863097562898        0.000000000000001
        0.800000000000000        0.800000000000000       15.771196614594590       15.771196614594594        0.000000000000004
        0.833333333333333        0.833333333333333       14.714726765456323       14.714726765456326        0.000000000000003
        0.866666666666667        0.866666666666667       11.828397460945946       11.828397460945946        0.000000000000001
        0.800000000000000        0.900000000000000       11.151920073606159       11.151920073606157        0.000000000000002
        0.833333333333333        0.933333333333333        7.616903060759822        7.616903060759819        0.000000000000003
        0.866666666666667        0.966666666666667        3.535017012846342        3.535017012846340        0.000000000000003
        0.800000000000000        1.000000000000000        0.000000000000005        0.000000000000005        0.000000000000000
        0.833333333333333        1.033333333333333       -3.942799153648643       -3.942799153648641        0.000000000000003
        0.866666666666667        1.066666666666667       -6.829128458159023       -6.829128458159019        0.000000000000004
        0.900000000000000        0.000000000000000       11.151920073606159       11.151920073606162        0.000000000000003
        0.933333333333333        0.033333333333333        7.616903060759822        7.616903060759821        0.000000000000001
        0.966666666666667        0.066666666666667        3.535017012846342        3.535017012846339        0.000000000000002
        0.900000000000000        0.100000000000000        7.885598307297298        7.885598307297292        0.000000000000005
        0.933333333333333        0.133333333333333        3.942799153648650        3.942799153648645        0.000000000000005
        0.966666666666667        0.166666666666667        1.056469849138271        1.056469849138269        0.000000000000002
        0.900000000000000        0.200000000000000        0.000000000000001        0.000000000000000        0.000000000000001
        0.933333333333333        0.233333333333333       -2.040943023956740       -2.040943023956738        0.000000000000002
        0.966666666666667        0.266666666666667       -2.040943023956742       -2.040943023956740        0.000000000000002
        0.900000000000000        0.300000000000000       -7.885598307297297       -7.885598307297293        0.000000000000003
        0.933333333333333        0.333333333333333       -6.829128458159029       -6.829128458159025        0.000000000000004
        0.966666666666667        0.366666666666667       -3.942799153648652       -3.942799153648649        0.000000000000003
        0.900000000000000        0.400000000000000      -11.151920073606159      -11.151920073606156        0.000000000000003
        0.933333333333333        0.433333333333333       -7.616903060759822       -7.616903060759818        0.000000000000004
        0.966666666666667        0.466666666666667       -3.535017012846342       -3.535017012846340        0.000000000000002
        0.900000000000000        0.500000000000000       -7.885598307297298       -7.885598307297298        0.000000000000000
        0.933333333333333        0.533333333333333       -3.942799153648651       -3.942799153648650        0.000000000000001
        0.966666666666667        0.566666666666667       -1.056469849138271       -1.056469849138271        0.000000000000000
        0.900000000000000        0.600000000000000       -0.000000000000002       -0.000000000000002        0.000000000000000
        0.933333333333333        0.633333333333333        2.040943023956740        2.040943023956739        0.000000000000000
        0.966666666666667        0.666666666666667        2.040943023956742        2.040943023956740        0.000000000000001
        0.900000000000000        0.700000000000000        7.885598307297296        7.885598307297294        0.000000000000001
        0.933333333333333        0.733333333333333        6.829128458159028        6.829128458159025        0.000000000000003
        0.966666666666667        0.766666666666667        3.942799153648652        3.942799153648649        0.000000000000003
        0.900000000000000        0.800000000000000       11.151920073606159       11.151920073606157        0.000000000000002
        0.933333333333333        0.833333333333333        7.616903060759822        7.616903060759819        0.000000000000003
        0.966666666666667        0.866666666666667        3.535017012846342        3.535017012846340        0.000000000000003
        0.900000000000000        0.900000000000000        7.885598307297299        7.885598307297295        0.000000000000004
        0.933333333333333        0.933333333333333        3.942799153648651        3.942799153648647        0.000000000000004
        0.966666666666667        0.966666666666667        1.056469849138272        1.056469849138270        0.000000000000002
        0.900000000000000        1.000000000000000        0.000000000000003        0.000000000000003        0.000000000000000
        0.933333333333333        1.033333333333333       -2.040943023956739       -2.040943023956736        0.000000000000003
        0.966666666666667        1.066666666666667       -2.040943023956741       -2.040943023956738        0.000000000000003
        1.000000000000000        0.000000000000000        0.000000000000005        0.000000000000005        0.000000000000000
        1.033333333333333        0.033333333333333       -3.942799153648643       -3.942799153648642        0.000000000000001
        1.066666666666667        0.066666666666667       -6.829128458159022       -6.829128458159019        0.000000000000003
        1.000000000000000        0.100000000000000        0.000000000000003        0.000000000000003        0.000000000000000
        1.033333333333333        0.133333333333333       -2.040943023956738       -2.040943023956735        0.000000000000003
        1.066666666666667        0.166666666666667       -2.040943023956739       -2.040943023956736        0.000000000000003
        1.000000000000000        0.200000000000000        0.000000000000000        0.000000000000000        0.000000000000000
        1.033333333333333        0.233333333333333        1.056469849138268        1.056469849138266        0.000000000000001
        1.066666666666667        0.266666666666667        3.942799153648645        3.942799153648641        0.000000000000003
        1.000000000000000        0.300000000000000       -0.000000000000003       -0.000000000000003        0.000000000000000
        1.033333333333333        0.333333333333333        3.535017012846334        3.535017012846331        0.000000000000003
        1.066666666666667        0.366666666666667        7.616903060759813        7.616903060759809        0.000000000000004
        1.000000000000000        0.400000000000000       -0.000000000000005       -0.000000000000005        0.000000000000000
        1.033333333333333        0.433333333333333        3.942799153648643        3.942799153648640        0.000000000000003
        1.066666666666667        0.466666666666667        6.829128458159023        6.829128458159020        0.000000000000003
        1.000000000000000        0.500000000000000       -0.000000000000003       -0.000000000000003        0.000000000000000
        1.033333333333333        0.533333333333333        2.040943023956738        2.040943023956737        0.000000000000001
        1.066666666666667        0.566666666666667        2.040943023956740        2.040943023956740        0.000000000000000
        1.000000000000000        0.600000000000000       -0.000000000000000       -0.000000000000000        0.000000000000000
        1.033333333333333        0.633333333333333       -1.056469849138267       -1.056469849138267        0.000000000000000
        1.066666666666667        0.666666666666667       -3.942799153648644       -3.942799153648643        0.000000000000001
        1.000000000000000        0.700000000000000        0.000000000000003        0.000000000000003        0.000000000000000
        1.033333333333333        0.733333333333333       -3.535017012846333       -3.535017012846331        0.000000000000002
        1.066666666666667        0.766666666666667       -7.616903060759813       -7.616903060759810        0.000000000000003
        1.000000000000000        0.800000000000000        0.000000000000005        0.000000000000005        0.000000000000000
        1.033333333333333        0.833333333333333       -3.942799153648643       -3.942799153648641        0.000000000000003
        1.066666666666667        0.866666666666667       -6.829128458159023       -6.829128458159019        0.000000000000004
        1.000000000000000        0.900000000000000        0.000000000000003        0.000000000000003        0.000000000000000
        1.033333333333333        0.933333333333333       -2.040943023956739       -2.040943023956736        0.000000000000003
        1.066666666666667        0.966666666666667       -2.040943023956741       -2.040943023956738        0.000000000000003
        1.000000000000000        1.000000000000000        0.000000000000000        0.000000000000000        0.000000000000000
        1.033333333333333        1.033333333333333        1.056469849138267        1.056469849138265        0.000000000000002
        1.066666666666667        1.066666666666667        3.942799153648643        3.942799153648639        0.000000000000004
