        0.000000000000000        0.000000000000000       15.132674933593463       15.132674933593480        0.000000000000017
        0.033333333333333        0.033333333333333       14.118977926648698       14.118977926648710        0.000000000000012
        0.066666666666667        0.066666666666667       11.349506200195098       11.349506200195099        0.000000000000001
        0.000000000000000        0.100000000000000       10.700417063035626       10.700417063035628        0.000000000000002
        0.033333333333333        0.133333333333333        7.308520769597569        7.308520769597567        0.000000000000003
        0.066666666666667        0.166666666666667        3.391896293438058        3.391896293438054        0.000000000000004
        0.000000000000000        0.200000000000000        0.000000000000001        0.000000000000000        0.000000000000001
        0.033333333333333        0.233333333333333       -3.783168733398365       -3.783168733398365        0.000000000000000
        0.066666666666667        0.266666666666667       -6.552640459851965       -6.552640459851964        0.000000000000002
        0.000000000000000        0.300000000000000      -10.700417063035625      -10.700417063035629        0.000000000000004
        0.033333333333333        0.333333333333333      -12.658729301115381      -12.658729301115386        0.000000000000005
        0.066666666666667        0.366666666666667      -12.658729301115382      -12.658729301115382        0.000000000000001
        0.000000000000000        0.400000000000000      -15.132674933593463      -15.132674933593472        0.000000000000008
        0.033333333333333        0.433333333333333      -14.118977926648698      -14.118977926648705        0.000000000000006
        0.066666666666667        0.466666666666667      -11.349506200195099      -11.349506200195101        0.000000000000002
        0.000000000000000        0.500000000000000      -10.700417063035627      -10.700417063035636        0.000000000000009
        0.033333333333333        0.533333333333333       -7.308520769597571       -7.308520769597577        0.000000000000006
        0.066666666666667        0.566666666666667       -3.391896293438059       -3.391896293438061        0.000000000000002
        0.000000000000000        0.600000000000000       -0.000000000000003       -0.000000000000002        0.000000000000000
        0.033333333333333        0.633333333333333        3.783168733398363        3.783168733398366        0.000000000000003
        0.066666666666667        0.666666666666667        6.552640459851964        6.552640459851966        0.000000000000002
        0.000000000000000        0.700000000000000       10.700417063035623       10.700417063035630        0.000000000000007
        0.033333333333333        0.733333333333333       12.658729301115380       12.658729301115386        0.000000000000006
        0.066666666666667        0.766666666666667       12.658729301115381       12.658729301115383        0.000000000000002
        0.000000000000000        0.800000000000000       15.132674933593463       15.132674933593474        0.000000000000010
        0.033333333333333        0.833333333333333       14.118977926648699       14.118977926648706        0.000000000000007
        0.066666666666667        0.866666666666667       11.349506200195099       11.349506200195100        0.000000000000000
        0.000000000000000        0.900000000000000       10.700417063035629       10.700417063035632        0.000000000000003
        0.033333333333333        0.933333333333333        7.308520769597573        7.308520769597572        0.000000000000001
        0.066666666666667        0.966666666666667        3.391896293438061        3.391896293438058        0.000000000000002
        0.000000000000000        1.000000000000000        0.000000000000005        0.000000000000005        0.000000000000000
        0.033333333333333        1.033333333333333       -3.783168733398361       -3.783168733398360        0.000000000000001
        0.066666666666667        1.066666666666667       -6.552640459851963       -6.552640459851960        0.000000000000003
        0.100000000000000        0.000000000000000       10.700417063035626       10.700417063035628        0.000000000000002
        0.133333333333333        0.033333333333333        7.308520769597569        7.308520769597567        0.000000000000003
        0.166666666666667        0.066666666666667        3.391896293438058        3.391896293438054        0.000000000000004
        0.100000000000000        0.100000000000000        7.566337466796732        7.566337466796726        0.000000000000006
        0.133333333333333        0.133333333333333        3.783168733398366        3.783168733398360        0.000000000000006
        0.166666666666667        0.166666666666667        1.013697006944766        1.013697006944764        0.000000000000002
        0.100000000000000        0.200000000000000        0.000000000000001        0.000000000000000        0.000000000000001
        0.133333333333333        0.233333333333333       -1.958312238079756       -1.958312238079753        0.000000000000002
        0.166666666666667        0.266666666666667       -1.958312238079756       -1.958312238079753        0.000000000000003
        0.100000000000000        0.300000000000000       -7.566337466796731       -7.566337466796727        0.000000000000004
        0.133333333333333        0.333333333333333       -6.552640459851966       -6.552640459851961        0.000000000000006
        0.166666666666667        0.366666666666667       -3.783168733398366       -3.783168733398362        0.000000000000004
        0.100000000000000        0.400000000000000      -10.700417063035626      -10.700417063035622        0.000000000000004
        0.133333333333333        0.433333333333333       -7.308520769597570       -7.308520769597564        0.000000000000006
        0.166666666666667        0.466666666666667       -3.391896293438058       -3.391896293438054        0.000000000000003
        0.100000000000000        0.500000000000000       -7.566337466796733       -7.566337466796732        0.000000000000001
        0.133333333333333        0.533333333333333       -3.783168733398367       -3.783168733398366        0.000000000000002
        0.166666666666667        0.566666666666667       -1.013697006944766       -1.013697006944766        0.000000000000001
        0.100000000000000        0.600000000000000       -0.000000000000002       -0.000000000000002        0.000000000000000
        0.133333333333333        0.633333333333333        1.958312238079755        1.958312238079754        0.000000000000001
        0.166666666666667        0.666666666666667        1.958312238079756        1.958312238079754        0.000000000000002
        0.100000000000000        0.700000000000000        7.566337466796730        7.566337466796728        0.000000000000002
        0.133333333333333        0.733333333333333        6.552640459851966        6.552640459851961        0.000000000000005
        0.166666666666667        0.766666666666667        3.783168733398366        3.783168733398362        0.000000000000004
        0.100000000000000        0.800000000000000       10.700417063035626       10.700417063035623        0.000000000000003
        0.133333333333333        0.833333333333333        7.308520769597570        7.308520769597565        0.000000000000005
        0.166666666666667        0.866666666666667        3.391896293438058        3.391896293438054        0.000000000000004
        0.100000000000000        0.900000000000000        7.566337466796734        7.566337466796729        0.000000000000005
        0.133333333333333        0.933333333333333        3.783168733398368        3.783168733398363        0.000000000000005
        0.166666666666667        0.966666666666667        1.013697006944767        1.013697006944765        0.000000000000002
        0.100000000000000        1.000000000000000        0.000000000000003        0.000000000000003        0.000000000000000
        0.133333333333333        1.033333333333333       -1.958312238079754       -1.958312238079751        0.000000000000003
        0.166666666666667        1.066666666666667       -1.958312238079755       -1.958312238079752        0.000000000000003
        0.200000000000000        0.000000000000000        0.000000000000001        0.000000000000000        0.000000000000001
        0.233333333333333        0.033333333333333       -3.783168733398365       -3.783168733398365        0.000000000000000
        0.266666666666667        0.066666666666667       -6.552640459851965       -6.552640459851964        0.000000000000002
        0.200000000000000        0.100000000000000        0.000000000000001        0.000000000000000        0.000000000000001
        0.233333333333333        0.133333333333333       -1.958312238079756       -1.958312238079753        0.000000000000002
        0.266666666666667        0.166666666666667       -1.958312238079756       -1.958312238079753        0.000000000000003
        0.200000000000000        0.200000000000000        0.000000000000000       -0.000000000000000        0.000000000000000
        0.233333333333333        0.233333333333333        1.013697006944765        1.013697006944764        0.000000000000001
        0.266666666666667        0.266666666666667        3.783168733398365        3.783168733398362        0.000000000000002
        0.200000000000000        0.300000000000000       -0.000000000000001       -0.000000000000000        0.000000000000001
        0.233333333333333        0.333333333333333        3.391896293438056        3.391896293438054        0.000000000000002
        0.266666666666667        0.366666666666667        7.308520769597568        7.308520769597565        0.000000000000002
        0.200000000000000        0.400000000000000       -0.000000000000001       -0.000000000000000        0.000000000000001
        0.233333333333333        0.433333333333333        3.783168733398365        3.783168733398363        0.000000000000002
        0.266666666666667        0.466666666666667        6.552640459851966        6.552640459851964        0.000000000000001
        0.200000000000000        0.500000000000000       -0.000000000000001       -0.000000000000000        0.000000000000001
        0.233333333333333        0.533333333333333        1.958312238079756        1.958312238079756        0.000000000000000
        0.266666666666667        0.566666666666667        1.958312238079757        1.958312238079757        0.000000000000000
        0.200000000000000        0.600000000000000       -0.000000000000000       -0.000000000000000        0.000000000000000
        0.233333333333333        0.633333333333333       -1.013697006944764       -1.013697006944764        0.000000000000000
        0.266666666666667        0.666666666666667       -3.783168733398364       -3.783168733398364        0.000000000000000
        0.200000000000000        0.700000000000000        0.000000000000001        0.000000000000000        0.000000000000001
        0.233333333333333        0.733333333333333       -3.391896293438056       -3.391896293438054        0.000000000000001
        0.266666666666667        0.766666666666667       -7.308520769597567       -7.308520769597566        0.000000000000002
        0.200000000000000        0.800000000000000        0.000000000000001        0.000000000000000        0.000000000000001
        0.233333333333333        0.833333333333333       -3.783168733398365       -3.783168733398364        0.000000000000001
        0.266666666666667        0.866666666666667       -6.552640459851966       -6.552640459851964        0.000000000000002
        0.200000000000000        0.900000000000000        0.000000000000001        0.000000000000000        0.000000000000001
        0.233333333333333        0.933333333333333       -1.958312238079756       -1.958312238079755        0.000000000000002
        0.266666666666667        0.966666666666667       -1.958312238079758       -1.958312238079756        0.000000000000002
        0.200000000000000        1.000000000000000        0.000000000000000        0.000000000000000        0.000000000000000
        0.233333333333333        1.033333333333333        1.013697006944764        1.013697006944763        0.000000000000001
        0.266666666666667        1.066666666666667        3.783168733398363        3.783168733398360        0.000000000000003
        0.300000000000000        0.000000000000000      -10.700417063035625      -10.700417063035629        0.000000000000004
        0.333333333333333        0.033333333333333      -12.658729301115381      -12.658729301115386        0.000000000000005
        0.366666666666667        0.066666666666667      -12.658729301115382      -12.658729301115382        0.000000000000001
        0.300000000000000        0.100000000000000       -7.566337466796731       -7.566337466796727        0.000000000000004
        0.333333333333333        0.133333333333333       -6.552640459851966       -6.552640459851961        0.000000000000006
        0.366666666666667        0.166666666666667       -3.783168733398366       -3.783168733398362        0.000000000000004
        0.300000000000000        0.200000000000000       -0.000000000000001       -0.000000000000000        0.000000000000001
        0.333333333333333        0.233333333333333        3.391896293438056        3.391896293438054        0.000000000000002
        0.366666666666667        0.266666666666667        7.308520769597568        7.308520769597565        0.000000000000002
        0.300000000000000        0.300000000000000        7.566337466796730        7.566337466796728        0.000000000000002
        0.333333333333333        0.333333333333333       11.349506200195096       11.349506200195095        0.000000000000001
        0.366666666666667        0.366666666666667       14.118977926648697       14.118977926648697        0.000000000000001
        0.300000000000000        0.400000000000000       10.700417063035625       10.700417063035623        0.000000000000002
        0.333333333333333        0.433333333333333       12.658729301115381       12.658729301115381        0.000000000000000
        0.366666666666667        0.466666666666667       12.658729301115382       12.658729301115383        0.000000000000001
        0.300000000000000        0.500000000000000        7.566337466796732        7.566337466796733        0.000000000000001
        0.333333333333333        0.533333333333333        6.552640459851968        6.552640459851970        0.000000000000002
        0.366666666666667        0.566666666666667        3.783168733398368        3.783168733398370        0.000000000000001
        0.300000000000000        0.600000000000000        0.000000000000002        0.000000000000002        0.000000000000000
        0.333333333333333        0.633333333333333       -3.391896293438054       -3.391896293438056        0.000000000000001
        0.366666666666667        0.666666666666667       -7.308520769597566       -7.308520769597568        0.000000000000002
        0.300000000000000        0.700000000000000       -7.566337466796729       -7.566337466796729        0.000000000000000
        0.333333333333333        0.733333333333333      -11.349506200195095      -11.349506200195096        0.000000000000000
        0.366666666666667        0.766666666666667      -14.118977926648697      -14.118977926648697        0.000000000000001
        0.300000000000000        0.800000000000000      -10.700417063035625      -10.700417063035624        0.000000000000000
        0.333333333333333        0.833333333333333      -12.658729301115382      -12.658729301115383        0.000000000000001
        0.366666666666667        0.866666666666667      -12.658729301115383      -12.658729301115383        0.000000000000001
        0.300000000000000        0.900000000000000       -7.566337466796733       -7.566337466796730        0.000000000000003
        0.333333333333333        0.933333333333333       -6.552640459851969       -6.552640459851965        0.000000000000004
        0.366666666666667        0.966666666666667       -3.783168733398370       -3.783168733398367        0.000000000000003
        0.300000000000000        1.000000000000000       -0.000000000000003       -0.000000000000003        0.000000000000000
        0.333333333333333        1.033333333333333        3.391896293438053        3.391896293438050        0.000000000000003
        0.366666666666667        1.066666666666667        7.308520769597565        7.308520769597560        0.000000000000004
        0.400000000000000        0.000000000000000      -15.132674933593463      -15.132674933593472        0.000000000000008
        0.433333333333333        0.033333333333333      -14.118977926648698      -14.118977926648705        0.000000000000006
        0.466666666666667        0.066666666666667      -11.349506200195099      -11.349506200195101        0.000000000000002
        0.400000000000000        0.100000000000000      -10.700417063035626      -10.700417063035622        0.000000000000004
        0.433333333333333        0.133333333333333       -7.308520769597570       -7.308520769597564        0.000000000000006
        0.466666666666667        0.166666666666667       -3.391896293438058       -3.391896293438054        0.000000000000003
        0.400000000000000        0.200000000000000       -0.000000000000001       -0.000000000000000        0.000000000000001
        0.433333333333333        0.233333333333333        3.783168733398365        3.783168733398363        0.000000000000002
        0.466666666666667        0.266666666666667        6.552640459851966        6.552640459851964        0.000000000000001
        0.400000000000000        0.300000000000000       10.700417063035625       10.700417063035623        0.000000000000002
        0.433333333333333        0.333333333333333       12.658729301115381       12.658729301115381        0.000000000000000
        0.466666666666667        0.366666666666667       12.658729301115382       12.658729301115384        0.000000000000001
        0.400000000000000        0.400000000000000       15.132674933593463       15.132674933593463        0.000000000000001
        0.433333333333333        0.433333333333333       14.118977926648699       14.118977926648699        0.000000000000000
        0.466666666666667        0.466666666666667       11.349506200195099       11.349506200195102        0.000000000000002
        0.400000000000000        0.500000000000000       10.700417063035627       10.700417063035630        0.000000000000002
        0.433333333333333        0.533333333333333        7.308520769597571        7.308520769597574        0.000000000000003
        0.466666666666667        0.566666666666667        3.391896293438059        3.391896293438061        0.000000000000002
        0.400000000000000        0.600000000000000        0.000000000000003        0.000000000000002        0.000000000000000
        0.433333333333333        0.633333333333333       -3.783168733398363       -3.783168733398365        0.000000000000002
        0.466666666666667        0.666666666666667       -6.552640459851964       -6.552640459851967        0.000000000000002
        0.400000000000000        0.700000000000000      -10.700417063035623      -10.700417063035624        0.000000000000001
        0.433333333333333        0.733333333333333      -12.658729301115381      -12.658729301115381        0.000000000000001
        0.466666666666667        0.766666666666667      -12.658729301115382      -12.658729301115384        0.000000000000002
        0.400000000000000        0.800000000000000      -15.132674933593463      -15.132674933593465        0.000000000000001
        0.433333333333333        0.833333333333333      -14.118977926648699      -14.118977926648701        0.000000000000002
        0.466666666666667        0.866666666666667      -11.349506200195100      -11.349506200195101        0.000000000000001
        0.400000000000000        0.900000000000000      -10.700417063035629      -10.700417063035626        0.000000000000003
        0.433333333333333        0.933333333333333       -7.308520769597573       -7.308520769597569        0.000000000000004
        0.466666666666667        0.966666666666667       -3.391896293438061       -3.391896293438059        0.000000000000002
        0.400000000000000        1.000000000000000       -0.000000000000005       -0.000000000000005        0.000000000000000
        0.433333333333333        1.033333333333333        3.783168733398362        3.783168733398359        0.000000000000003
        0.466666666666667        1.066666666666667        6.552640459851963        6.552640459851960        0.000000000000003
        0.500000000000000        0.000000000000000      -10.700417063035627      -10.700417063035636        0.000000000000009
        0.533333333333333        0.033333333333333       -7.308520769597571       -7.308520769597577        0.000000000000006
        0.566666666666667        0.066666666666667       -3.391896293438059       -3.391896293438061        0.000000000000002
        0.500000000000000        0.100000000000000       -7.566337466796733       -7.566337466796732        0.000000000000001
        0.533333333333333        0.133333333333333       -3.783168733398367       -3.783168733398366        0.000000000000002
        0.566666666666667        0.166666666666667       -1.013697006944766       -1.013697006944766        0.000000000000001
        0.500000000000000        0.200000000000000       -0.000000000000001       -0.000000000000000        0.000000000000001
        0.533333333333333        0.233333333333333        1.958312238079756        1.958312238079756        0.000000000000000
        0.566666666666667        0.266666666666667        1.958312238079757        1.958312238079757        0.000000000000000
        0.500000000000000        0.300000000000000        7.566337466796732        7.566337466796733        0.000000000000001
        0.533333333333333        0.333333333333333        6.552640459851968        6.552640459851970        0.000000000000002
        0.566666666666667        0.366666666666667        3.783168733398368        3.783168733398370        0.000000000000001
        0.500000000000000        0.400000000000000       10.700417063035627       10.700417063035630        0.000000000000002
        0.533333333333333        0.433333333333333        7.308520769597571        7.308520769597574        0.000000000000003
        0.566666666666667        0.466666666666667        3.391896293438059        3.391896293438061        0.000000000000002
        0.500000000000000        0.500000000000000        7.566337466796734        7.566337466796738        0.000000000000004
        0.533333333333333        0.533333333333333        3.783168733398368        3.783168733398371        0.000000000000003
        0.566666666666667        0.566666666666667        1.013697006944767        1.013697006944768        0.000000000000001
        0.500000000000000        0.600000000000000        0.000000000000002        0.000000000000002        0.000000000000000
        0.533333333333333        0.633333333333333       -1.958312238079755       -1.958312238079757        0.000000000000002
        0.566666666666667        0.666666666666667       -1.958312238079757       -1.958312238079758        0.000000000000001
        0.500000000000000        0.700000000000000       -7.566337466796731       -7.566337466796734        0.000000000000003
        0.533333333333333        0.733333333333333       -6.552640459851967       -6.552640459851970        0.000000000000003
        0.566666666666667        0.766666666666667       -3.783168733398368       -3.783168733398370        0.000000000000002
        0.500000000000000        0.800000000000000      -10.700417063035627      -10.700417063035631        0.000000000000004
        0.533333333333333        0.833333333333333       -7.308520769597571       -7.308520769597575        0.000000000000003
        0.566666666666667        0.866666666666667       -3.391896293438060       -3.391896293438061        0.000000000000001
        0.500000000000000        0.900000000000000       -7.566337466796735       -7.566337466796735        0.000000000000000
        0.533333333333333        0.933333333333333       -3.783168733398369       -3.783168733398368        0.000000000000001
        0.566666666666667        0.966666666666667       -1.013697006944767       -1.013697006944767        0.000000000000000
        0.500000000000000        1.000000000000000       -0.000000000000003       -0.000000000000003        0.000000000000000
        0.533333333333333        1.033333333333333        1.958312238079754        1.958312238079753        0.000000000000001
        0.566666666666667        1.066666666666667        1.958312238079756        1.958312238079756        0.000000000000000
        0.600000000000000        0.000000000000000       -0.000000000000003       -0.000000000000002        0.000000000000000
        0.633333333333333        0.033333333333333        3.783168733398363        3.783168733398366        0.000000000000003
        0.666666666666667        0.066666666666667        6.552640459851964        6.552640459851966        0.000000000000002
        0.600000000000000        0.100000000000000       -0.000000000000002       -0.000000000000002        0.000000000000000
        0.633333333333333        0.133333333333333        1.958312238079755        1.958312238079754        0.000000000000001
        0.666666666666667        0.166666666666667        1.958312238079756        1.958312238079754        0.000000000000002
        0.600000000000000        0.200000000000000       -0.000000000000000       -0.000000000000000        0.000000000000000
        0.633333333333333        0.233333333333333       -1.013697006944764       -1.013697006944764        0.000000000000000
        0.666666666666667        0.266666666666667       -3.783168733398364       -3.783168733398364        0.000000000000000
        0.600000000000000        0.300000000000000        0.000000000000002        0.000000000000002        0.000000000000000
        0.633333333333333        0.333333333333333       -3.391896293438054       -3.391896293438056        0.000000000000001
        0.666666666666667        0.366666666666667       -7.308520769597566       -7.308520769597568        0.000000000000002
        0.600000000000000        0.400000000000000        0.000000000000003        0.000000000000002        0.000000000000000
        0.633333333333333        0.433333333333333       -3.783168733398363       -3.783168733398365        0.000000000000002
        0.666666666666667        0.466666666666667       -6.552640459851964       -6.552640459851967        0.000000000000002
        0.600000000000000        0.500000000000000        0.000000000000002        0.000000000000002        0.000000000000000
        0.633333333333333        0.533333333333333       -1.958312238079755       -1.958312238079757        0.000000000000002
        0.666666666666667        0.566666666666667       -1.958312238079757       -1.958312238079758        0.000000000000001
        0.600000000000000        0.600000000000000        0.000000000000000        0.000000000000000        0.000000000000000
        0.633333333333333        0.633333333333333        1.013697006944764        1.013697006944765        0.000000000000001
        0.666666666666667        0.666666666666667        3.783168733398363        3.783168733398365        0.000000000000002
        0.600000000000000        0.700000000000000       -0.000000000000002       -0.000000000000002        0.000000000000000
        0.633333333333333        0.733333333333333        3.391896293438054        3.391896293438056        0.000000000000002
        0.666666666666667        0.766666666666667        7.308520769597566        7.308520769597568        0.000000000000002
        0.600000000000000        0.800000000000000       -0.000000000000003       -0.000000000000002        0.000000000000000
        0.633333333333333        0.833333333333333        3.783168733398363        3.783168733398365        0.000000000000002
        0.666666666666667        0.866666666666667        6.552640459851965        6.552640459851966        0.000000000000001
        0.600000000000000        0.900000000000000       -0.000000000000002       -0.000000000000002        0.000000000000000
        0.633333333333333        0.933333333333333        1.958312238079756        1.958312238079755        0.000000000000000
        0.666666666666667        0.966666666666667        1.958312238079757        1.958312238079756        0.000000000000001
        0.600000000000000        1.000000000000000       -0.000000000000000       -0.000000000000000        0.000000000000000
        0.633333333333333        1.033333333333333       -1.013697006944764       -1.013697006944763        0.000000000000000
        0.666666666666667        1.066666666666667       -3.783168733398362       -3.783168733398361        0.000000000000001
        0.700000000000000        0.000000000000000       10.700417063035623       10.700417063035630        0.000000000000007
        0.733333333333333        0.033333333333333       12.658729301115380       12.658729301115386        0.000000000000006
        0.766666666666667        0.066666666666667       12.658729301115381       12.658729301115383        0.000000000000002
        0.700000000000000        0.100000000000000        7.566337466796730        7.566337466796728        0.000000000000002
        0.733333333333333        0.133333333333333        6.552640459851966        6.552640459851961        0.000000000000005
        0.766666666666667        0.166666666666667        3.783168733398366        3.783168733398362        0.000000000000004
        0.700000000000000        0.200000000000000        0.000000000000001        0.000000000000000        0.000000000000001
        0.733333333333333        0.233333333333333       -3.391896293438056       -3.391896293438054        0.000000000000001
        0.766666666666667        0.266666666666667       -7.308520769597567       -7.308520769597566        0.000000000000002
        0.700000000000000        0.300000000000000       -7.566337466796729       -7.566337466796729        0.000000000000000
        0.733333333333333        0.333333333333333      -11.349506200195095      -11.349506200195096        0.000000000000000
        0.766666666666667        0.366666666666667      -14.118977926648697      -14.118977926648697        0.000000000000001
        0.700000000000000        0.400000000000000      -10.700417063035623      -10.700417063035624        0.000000000000001
        0.733333333333333        0.433333333333333      -12.658729301115381      -12.658729301115381        0.000000000000001
        0.766666666666667        0.466666666666667      -12.658729301115382      -12.658729301115384        0.000000000000002
        0.700000000000000        0.500000000000000       -7.566337466796731       -7.566337466796734        0.000000000000003
        0.733333333333333        0.533333333333333       -6.552640459851967       -6.552640459851970        0.000000000000003
        0.766666666666667        0.566666666666667       -3.783168733398368       -3.783168733398370        0.000000000000002
        0.700000000000000        0.600000000000000       -0.000000000000002       -0.000000000000002        0.000000000000000
        0.733333333333333        0.633333333333333        3.391896293438054        3.391896293438056        0.000000000000002
        0.766666666666667        0.666666666666667        7.308520769597566        7.308520769597568        0.000000000000002
        0.700000000000000        0.700000000000000        7.566337466796728        7.566337466796730        0.000000000000001
        0.733333333333333        0.733333333333333       11.349506200195095       11.349506200195096        0.000000000000001
        0.766666666666667        0.766666666666667       14.118977926648696       14.118977926648698        0.000000000000002
        0.700000000000000        0.800000000000000       10.700417063035623       10.700417063035626        0.000000000000002
        0.733333333333333        0.833333333333333       12.658729301115381       12.658729301115383        0.000000000000002
        0.766666666666667        0.866666666666667       12.658729301115383       12.658729301115384        0.000000000000001
        0.700000000000000        0.900000000000000        7.566337466796732        7.566337466796731        0.000000000000001
        0.733333333333333        0.933333333333333        6.552640459851969        6.552640459851965        0.000000000000003
        0.766666666666667        0.966666666666667        3.783168733398370        3.783168733398367        0.000000000000003
        0.700000000000000        1.000000000000000        0.000000000000003        0.000000000000003        0.000000000000000
        0.733333333333333        1.033333333333333       -3.391896293438052       -3.391896293438050        0.000000000000002
        0.766666666666667        1.066666666666667       -7.308520769597564       -7.308520769597561        0.000000000000003
        0.800000000000000        0.000000000000000       15.132674933593463       15.132674933593474        0.000000000000010
        0.833333333333333        0.033333333333333       14.118977926648699       14.118977926648706        0.000000000000007
        0.866666666666667        0.066666666666667       11.349506200195099       11.349506200195100        0.000000000000000
        0.800000000000000        0.100000000000000       10.700417063035626       10.700417063035623        0.000000000000003
        0.833333333333333        0.133333333333333        7.308520769597570        7.308520769597565        0.000000000000005
        0.866666666666667        0.166666666666667        3.391896293438058        3.391896293438054        0.000000000000004
        0.800000000000000        0.200000000000000        0.000000000000001        0.000000000000000        0.000000000000001
        0.833333333333333        0.233333333333333       -3.783168733398365       -3.783168733398364        0.000000000000001
        0.866666666666667        0.266666666666667       -6.552640459851966       -6.552640459851964        0.000000000000002
        0.800000000000000        0.300000000000000      -10.700417063035625      -10.700417063035624        0.000000000000000
        0.833333333333333        0.333333333333333      -12.658729301115382      -12.658729301115383        0.000000000000001
        0.866666666666667        0.366666666666667      -12.658729301115383      -12.658729301115383        0.000000000000001
        0.800000000000000        0.400000000000000      -15.132674933593463      -15.132674933593465        0.000000000000001
        0.833333333333333        0.433333333333333      -14.118977926648699      -14.118977926648701        0.000000000000002
        0.866666666666667        0.466666666666667      -11.349506200195100      -11.349506200195101        0.000000000000001
        0.800000000000000        0.500000000000000      -10.700417063035627      -10.700417063035631        0.000000000000004
        0.833333333333333        0.533333333333333       -7.308520769597571       -7.308520769597575        0.000000000000003
        0.866666666666667        0.566666666666667       -3.391896293438060       -3.391896293438061        0.000000000000001
        0.800000000000000        0.600000000000000       -0.000000000000003       -0.000000000000002        0.000000000000000
        0.833333333333333        0.633333333333333        3.783168733398363        3.783168733398365        0.000000000000002
        0.866666666666667        0.666666666666667        6.552640459851965        6.552640459851966        0.000000000000001
        0.800000000000000        0.700000000000000       10.700417063035623       10.700417063035626        0.000000000000002
        0.833333333333333        0.733333333333333       12.658729301115381       12.658729301115383        0.000000000000002
        0.866666666666667        0.766666666666667       12.658729301115383       12.658729301115384        0.000000000000001
        0.800000000000000        0.800000000000000       15.132674933593463       15.132674933593467        0.000000000000004
        0.833333333333333        0.833333333333333       14.118977926648700       14.118977926648703        0.000000000000003
        0.866666666666667        0.866666666666667       11.349506200195101       11.349506200195101        0.000000000000001
        0.800000000000000        0.900000000000000       10.700417063035629       10.700417063035627        0.000000000000001
        0.833333333333333        0.933333333333333        7.308520769597573        7.308520769597570        0.000000000000003
        0.866666666666667        0.966666666666667        3.391896293438061        3.391896293438059        0.000000000000003
        0.800000000000000        1.000000000000000        0.000000000000005        0.000000000000005        0.000000000000000
        0.833333333333333        1.033333333333333       -3.783168733398362       -3.783168733398359        0.000000000000002
        0.866666666666667        1.066666666666667       -6.552640459851964       -6.552640459851960        0.000000000000004
        0.900000000000000        0.000000000000000       10.700417063035629       10.700417063035632        0.000000000000003
        0.933333333333333        0.033333333333333        7.308520769597573        7.308520769597572        0.000000000000001
        0.966666666666667        0.066666666666667        3.391896293438061        3.391896293438058        0.000000000000002
        0.900000000000000        0.100000000000000        7.566337466796734        7.566337466796729        0.000000000000005
        0.933333333333333        0.133333333333333        3.783168733398368        3.783168733398363        0.000000000000005
        0.966666666666667        0.166666666666667        1.013697006944767        1.013697006944765        0.000000000000002
        0.900000000000000        0.200000000000000        0.000000000000001        0.000000000000000        0.000000000000001
        0.933333333333333        0.233333333333333       -1.958312238079756       -1.958312238079755        0.000000000000002
        0.966666666666667        0.266666666666667       -1.958312238079758       -1.958312238079756        0.000000000000002
        0.900000000000000        0.300000000000000       -7.566337466796733       -7.566337466796730        0.000000000000003
        0.933333333333333        0.333333333333333       -6.552640459851969       -6.552640459851965        0.000000000000004
        0.966666666666667        0.366666666666667       -3.783168733398370       -3.783168733398367        0.000000000000003
        0.900000000000000        0.400000000000000      -10.700417063035629      -10.700417063035626        0.000000000000003
        0.933333333333333        0.433333333333333       -7.308520769597573       -7.308520769597569        0.000000000000004
        0.966666666666667        0.466666666666667       -3.391896293438061       -3.391896293438059        0.000000000000002
        0.900000000000000        0.500000000000000       -7.566337466796735       -7.566337466796735        0.000000000000000
        0.933333333333333        0.533333333333333       -3.783168733398369       -3.783168733398368        0.000000000000001
        0.966666666666667        0.566666666666667       -1.013697006944767       -1.013697006944767        0.000000000000000
        0.900000000000000        0.600000000000000       -0.000000000000002       -0.000000000000002        0.000000000000000
        0.933333333333333        0.633333333333333        1.958312238079756        1.958312238079755        0.000000000000000
        0.966666666666667        0.666666666666667        1.958312238079757        1.958312238079756        0.000000000000001
        0.900000000000000        0.700000000000000        7.566337466796732        7.566337466796731        0.000000000000001
        0.933333333333333        0.733333333333333        6.552640459851969        6.552640459851965        0.000000000000003
        0.966666666666667        0.766666666666667        3.783168733398370        3.783168733398367        0.000000000000003
        0.900000000000000        0.800000000000000       10.700417063035629       10.700417063035627        0.000000000000001
        0.933333333333333        0.833333333333333        7.308520769597573        7.308520769597570        0.000000000000003
        0.966666666666667        0.866666666666667        3.391896293438061        3.391896293438059        0.000000000000003
        0.900000000000000        0.900000000000000        7.566337466796736        7.566337466796732        0.000000000000004
        0.933333333333333        0.933333333333333        3.783168733398370        3.783168733398366        0.000000000000004
        0.966666666666667        0.966666666666667        1.013697006944768        1.013697006944766        0.000000000000002
        0.900000000000000        1.000000000000000        0.000000000000003        0.000000000000003        0.000000000000000
        0.933333333333333        1.033333333333333       -1.958312238079755       -1.958312238079752        0.000000000000003
        0.966666666666667        1.066666666666667       -1.958312238079757       -1.958312238079755        0.000000000000003
        1.000000000000000        0.000000000000000        0.000000000000005        0.000000000000005        0.000000000000000
        1.033333333333333        0.033333333333333       -3.783168733398361       -3.783168733398360        0.000000000000001
        1.066666666666667        0.066666666666667       -6.552640459851963       -6.552640459851960        0.000000000000003
        1.000000000000000        0.100000000000000        0.000000000000003        0.000000000000003        0.000000000000000
        1.033333333333333        0.133333333333333       -1.958312238079754       -1.958312238079751        0.000000000000003
        1.066666666666667        0.166666666666667       -1.958312238079755       -1.958312238079752        0.000000000000003
        1.000000000000000        0.200000000000000        0.000000000000000        0.000000000000000        0.000000000000000
        1.033333333333333        0.233333333333333        1.013697006944764        1.013697006944763        0.000000000000001
        1.066666666666667        0.266666666666667        3.783168733398363        3.783168733398360        0.000000000000003
        1.000000000000000        0.300000000000000       -0.000000000000003       -0.000000000000003        0.000000000000000
        1.033333333333333        0.333333333333333        3.391896293438053        3.391896293438050        0.000000000000003
        1.066666666666667        0.366666666666667        7.308520769597565        7.308520769597560        0.000000000000004
        1.000000000000000        0.400000000000000       -0.000000000000005       -0.000000000000005        0.000000000000000
        1.033333333333333        0.433333333333333        3.783168733398362        3.783168733398359        0.000000000000003
        1.066666666666667        0.466666666666667        6.552640459851963        6.552640459851960        0.000000000000003
        1.000000000000000        0.500000000000000       -0.000000000000003       -0.000000000000003        0.000000000000000
        1.033333333333333        0.533333333333333        1.958312238079754        1.958312238079753        0.000000000000001
        1.066666666666667        0.566666666666667        1.958312238079756        1.958312238079756        0.000000000000000
        1.000000000000000        0.600000000000000       -0.000000000000000       -0.000000000000000        0.000000000000000
        1.033333333333333        0.633333333333333       -1.013697006944764       -1.013697006944763        0.000000000000000
        1.066666666666667        0.666666666666667       -3.783168733398362       -3.783168733398361        0.000000000000001
        1.000000000000000        0.700000000000000        0.000000000000003        0.000000000000003        0.000000000000000
        1.033333333333333        0.733333333333333       -3.391896293438052       -3.391896293438050        0.000000000000002
        1.066666666666667        0.766666666666667       -7.308520769597564       -7.308520769597561        0.000000000000003
        1.000000000000000        0.800000000000000        0.000000000000005        0.000000000000005        0.000000000000000
        1.033333333333333        0.833333333333333       -3.783168733398362       -3.783168733398359        0.000000000000002
        1.066666666666667        0.866666666666667       -6.552640459851964       -6.552640459851960        0.000000000000004
        1.000000000000000        0.900000000000000        0.000000000000003        0.000000000000003        0.000000000000000
        1.033333333333333        0.933333333333333       -1.958312238079755       -1.958312238079752        0.000000000000003
        1.066666666666667        0.966666666666667       -1.958312238079757       -1.958312238079755        0.000000000000003
        1.000000000000000        1.000000000000000        0.000000000000000        0.000000000000000        0.000000000000000
        1.033333333333333        1.033333333333333        1.013697006944763        1.013697006944762        0.000000000000002
        1.066666666666667        1.066666666666667        3.783168733398362        3.783168733398358        0.000000000000004
