        0.000000000000000        0.000000000000000       14.511050899285380       14.511050899285396        0.000000000000016
        0.033333333333333        0.033333333333333       13.538994806837771       13.538994806837783        0.000000000000011
        0.066666666666667        0.066666666666667       10.883288174464035       10.883288174464037        0.000000000000001
        0.000000000000000        0.100000000000000       10.260862493027841       10.260862493027843        0.000000000000002
        0.033333333333333        0.133333333333333        7.008299415107479        7.008299415107477        0.000000000000003
        0.066666666666667        0.166666666666667        3.252563077920362        3.252563077920359        0.000000000000003
        0.000000000000000        0.200000000000000        0.000000000000001        0.000000000000000        0.000000000000001
        0.033333333333333        0.233333333333333       -3.627762724821344       -3.627762724821344        0.000000000000000
        0.066666666666667        0.266666666666667       -6.283469357195080       -6.283469357195079        0.000000000000002
        0.000000000000000        0.300000000000000      -10.260862493027840      -10.260862493027844        0.000000000000004
        0.033333333333333        0.333333333333333      -12.138730661621399      -12.138730661621403        0.000000000000005
        0.066666666666667        0.366666666666667      -12.138730661621399      -12.138730661621400        0.000000000000001
        0.000000000000000        0.400000000000000      -14.511050899285380      -14.511050899285388        0.000000000000008
        0.033333333333333        0.433333333333333      -13.538994806837772      -13.538994806837778        0.000000000000006
        0.066666666666667        0.466666666666667      -10.883288174464036      -10.883288174464038        0.000000000000002
        0.000000000000000        0.500000000000000      -10.260862493027842      -10.260862493027851        0.000000000000008
        0.033333333333333        0.533333333333333       -7.008299415107481       -7.008299415107487        0.000000000000006
        0.066666666666667        0.566666666666667       -3.252563077920364       -3.252563077920365        0.000000000000001
        0.000000000000000        0.600000000000000       -0.000000000000003       -0.000000000000002        0.000000000000000
        0.033333333333333        0.633333333333333        3.627762724821342        3.627762724821345        0.000000000000003
        0.066666666666667        0.666666666666667        6.283469357195079        6.283469357195081        0.000000000000002
        0.000000000000000        0.700000000000000       10.260862493027839       10.260862493027845        0.000000000000007
        0.033333333333333        0.733333333333333       12.138730661621398       12.138730661621404        0.000000000000006
        0.066666666666667        0.766666666666667       12.138730661621399       12.138730661621400        0.000000000000002
        0.000000000000000        0.800000000000000       14.511050899285380       14.511050899285390        0.000000000000010
        0.033333333333333        0.833333333333333       13.538994806837772       13.538994806837779        0.000000000000007
        0.066666666666667        0.866666666666667       10.883288174464037       10.883288174464037        0.000000000000000
        0.000000000000000        0.900000000000000       10.260862493027844       10.260862493027847        0.000000000000003
        0.033333333333333        0.933333333333333        7.008299415107482        7.008299415107482        0.000000000000001
        0.066666666666667        0.966666666666667        3.252563077920365        3.252563077920363        0.000000000000002
        0.000000000000000        1.000000000000000        0.000000000000004        0.000000000000004        0.000000000000000
        0.033333333333333        1.033333333333333       -3.627762724821341       -3.627762724821339        0.000000000000001
        0.066666666666667        1.066666666666667       -6.283469357195078       -6.283469357195075        0.000000000000003
        0.100000000000000        0.000000000000000       10.260862493027841       10.260862493027843        0.000000000000002
        0.133333333333333        0.033333333333333        7.008299415107479        7.008299415107477        0.000000000000003
        0.166666666666667        0.066666666666667        3.252563077920362        3.252563077920359        0.000000000000003
        0.100000000000000        0.100000000000000        7.255525449642690        7.255525449642685        0.000000000000006
        0.133333333333333        0.133333333333333        3.627762724821345        3.627762724821340        0.000000000000006
        0.166666666666667        0.166666666666667        0.972056092447609        0.972056092447607        0.000000000000002
        0.100000000000000        0.200000000000000        0.000000000000001        0.000000000000000        0.000000000000001
        0.133333333333333        0.233333333333333       -1.877868168593558       -1.877868168593556        0.000000000000002
        0.166666666666667        0.266666666666667       -1.877868168593559       -1.877868168593556        0.000000000000003
        0.100000000000000        0.300000000000000       -7.255525449642689       -7.255525449642686        0.000000000000004
        0.133333333333333        0.333333333333333       -6.283469357195081       -6.283469357195076        0.000000000000005
        0.166666666666667        0.366666666666667       -3.627762724821346       -3.627762724821341        0.000000000000004
        0.100000000000000        0.400000000000000      -10.260862493027841      -10.260862493027837        0.000000000000004
        0.133333333333333        0.433333333333333       -7.008299415107480       -7.008299415107474        0.000000000000006
        0.166666666666667        0.466666666666667       -3.252563077920363       -3.252563077920359        0.000000000000003
        0.100000000000000        0.500000000000000       -7.255525449642691       -7.255525449642690        0.000000000000001
        0.133333333333333        0.533333333333333       -3.627762724821346       -3.627762724821345        0.000000000000002
        0.166666666666667        0.566666666666667       -0.972056092447609       -0.972056092447609        0.000000000000001
        0.100000000000000        0.600000000000000       -0.000000000000002       -0.000000000000002        0.000000000000000
        0.133333333333333        0.633333333333333        1.877868168593557        1.877868168593557        0.000000000000001
        0.166666666666667        0.666666666666667        1.877868168593558        1.877868168593557        0.000000000000002
        0.100000000000000        0.700000000000000        7.255525449642689        7.255525449642686        0.000000000000002
        0.133333333333333        0.733333333333333        6.283469357195081        6.283469357195076        0.000000000000005
        0.166666666666667        0.766666666666667        3.627762724821345        3.627762724821342        0.000000000000004
        0.100000000000000        0.800000000000000       10.260862493027841       10.260862493027838        0.000000000000003
        0.133333333333333        0.833333333333333        7.008299415107480        7.008299415107475        0.000000000000005
        0.166666666666667        0.866666666666667        3.252563077920363        3.252563077920359        0.000000000000004
        0.100000000000000        0.900000000000000        7.255525449642692        7.255525449642687        0.000000000000005
        0.133333333333333        0.933333333333333        3.627762724821347        3.627762724821342        0.000000000000005
        0.166666666666667        0.966666666666667        0.972056092447610        0.972056092447608        0.000000000000002
        0.100000000000000        1.000000000000000        0.000000000000003        0.000000000000003        0.000000000000000
        0.133333333333333        1.033333333333333       -1.877868168593557       -1.877868168593554        0.000000000000003
        0.166666666666667        1.066666666666667       -1.877868168593558       -1.877868168593555        0.000000000000003
        0.200000000000000        0.000000000000000        0.000000000000001        0.000000000000000        0.000000000000001
        0.233333333333333        0.033333333333333       -3.627762724821344       -3.627762724821344        0.000000000000000
        0.266666666666667        0.066666666666667       -6.283469357195080       -6.283469357195079        0.000000000000002
        0.200000000000000        0.100000000000000        0.000000000000001        0.000000000000000        0.000000000000001
        0.233333333333333        0.133333333333333       -1.877868168593558       -1.877868168593556        0.000000000000002
        0.266666666666667        0.166666666666667       -1.877868168593559       -1.877868168593556        0.000000000000003
        0.200000000000000        0.200000000000000        0.000000000000000        0.000000000000000        0.000000000000000
        0.233333333333333        0.233333333333333        0.972056092447608        0.972056092447607        0.000000000000001
        0.266666666666667        0.266666666666667        3.627762724821344        3.627762724821342        0.000000000000002
        0.200000000000000        0.300000000000000       -0.000000000000001       -0.000000000000000        0.000000000000001
        0.233333333333333        0.333333333333333        3.252563077920361        3.252563077920359        0.000000000000002
        0.266666666666667        0.366666666666667        7.008299415107478        7.008299415107475        0.000000000000002
        0.200000000000000        0.400000000000000       -0.000000000000001       -0.000000000000000        0.000000000000001
        0.233333333333333        0.433333333333333        3.627762724821344        3.627762724821343        0.000000000000002
        0.266666666666667        0.466666666666667        6.283469357195081        6.283469357195080        0.000000000000001
        0.200000000000000        0.500000000000000       -0.000000000000001       -0.000000000000000        0.000000000000001
        0.233333333333333        0.533333333333333        1.877868168593559        1.877868168593558        0.000000000000000
        0.266666666666667        0.566666666666667        1.877868168593560        1.877868168593560        0.000000000000000
        0.200000000000000        0.600000000000000       -0.000000000000000       -0.000000000000000        0.000000000000000
        0.233333333333333        0.633333333333333       -0.972056092447608       -0.972056092447608        0.000000000000000
        0.266666666666667        0.666666666666667       -3.627762724821343       -3.627762724821343        0.000000000000000
        0.200000000000000        0.700000000000000        0.000000000000001        0.000000000000000        0.000000000000001
        0.233333333333333        0.733333333333333       -3.252563077920360       -3.252563077920359        0.000000000000001
        0.266666666666667        0.766666666666667       -7.008299415107478       -7.008299415107476        0.000000000000002
        0.200000000000000        0.800000000000000        0.000000000000001        0.000000000000000        0.000000000000001
        0.233333333333333        0.833333333333333       -3.627762724821344       -3.627762724821343        0.000000000000001
        0.266666666666667        0.866666666666667       -6.283469357195081       -6.283469357195079        0.000000000000002
        0.200000000000000        0.900000000000000        0.000000000000001        0.000000000000000        0.000000000000001
        0.233333333333333        0.933333333333333       -1.877868168593559       -1.877868168593557        0.000000000000002
        0.266666666666667        0.966666666666667       -1.877868168593560       -1.877868168593558        0.000000000000002
        0.200000000000000        1.000000000000000        0.000000000000000        0.000000000000000        0.000000000000000
        0.233333333333333        1.033333333333333        0.972056092447607        0.972056092447606        0.000000000000001
        0.266666666666667        1.066666666666667        3.627762724821342        3.627762724821339        0.000000000000003
        0.300000000000000        0.000000000000000      -10.260862493027840      -10.260862493027844        0.000000000000004
        0.333333333333333        0.033333333333333      -12.138730661621399      -12.138730661621403        0.000000000000005
        0.366666666666667        0.066666666666667      -12.138730661621399      -12.138730661621400        0.000000000000001
        0.300000000000000        0.100000000000000       -7.255525449642689       -7.255525449642686        0.000000000000004
        0.333333333333333        0.133333333333333       -6.283469357195081       -6.283469357195076        0.000000000000005
        0.366666666666667        0.166666666666667       -3.627762724821346       -3.627762724821341        0.000000000000004
        0.300000000000000        0.200000000000000       -0.000000000000001       -0.000000000000000        0.000000000000001
        0.333333333333333        0.233333333333333        3.252563077920361        3.252563077920359        0.000000000000002
        0.366666666666667        0.266666666666667        7.008299415107478        7.008299415107475        0.000000000000002
        0.300000000000000        0.300000000000000        7.255525449642689        7.255525449642686        0.000000000000002
        0.333333333333333        0.333333333333333       10.883288174464034       10.883288174464033        0.000000000000001
        0.366666666666667        0.366666666666667       13.538994806837770       13.538994806837770        0.000000000000001
        0.300000000000000        0.400000000000000       10.260862493027840       10.260862493027838        0.000000000000002
        0.333333333333333        0.433333333333333       12.138730661621399       12.138730661621399        0.000000000000000
        0.366666666666667        0.466666666666667       12.138730661621400       12.138730661621401        0.000000000000001
        0.300000000000000        0.500000000000000        7.255525449642690        7.255525449642691        0.000000000000001
        0.333333333333333        0.533333333333333        6.283469357195083        6.283469357195085        0.000000000000002
        0.366666666666667        0.566666666666667        3.627762724821347        3.627762724821349        0.000000000000001
        0.300000000000000        0.600000000000000        0.000000000000002        0.000000000000002        0.000000000000000
        0.333333333333333        0.633333333333333       -3.252563077920359       -3.252563077920361        0.000000000000001
        0.366666666666667        0.666666666666667       -7.008299415107476       -7.008299415107478        0.000000000000002
        0.300000000000000        0.700000000000000       -7.255525449642688       -7.255525449642687        0.000000000000000
        0.333333333333333        0.733333333333333      -10.883288174464033      -10.883288174464033        0.000000000000000
        0.366666666666667        0.766666666666667      -13.538994806837770      -13.538994806837771        0.000000000000001
        0.300000000000000        0.800000000000000      -10.260862493027840      -10.260862493027840        0.000000000000000
        0.333333333333333        0.833333333333333      -12.138730661621399      -12.138730661621400        0.000000000000001
        0.366666666666667        0.866666666666667      -12.138730661621401      -12.138730661621400        0.000000000000001
        0.300000000000000        0.900000000000000       -7.255525449642691       -7.255525449642688        0.000000000000003
        0.333333333333333        0.933333333333333       -6.283469357195084       -6.283469357195080        0.000000000000004
        0.366666666666667        0.966666666666667       -3.627762724821349       -3.627762724821346        0.000000000000003
        0.300000000000000        1.000000000000000       -0.000000000000003       -0.000000000000003        0.000000000000000
        0.333333333333333        1.033333333333333        3.252563077920358        3.252563077920355        0.000000000000003
        0.366666666666667        1.066666666666667        7.008299415107475        7.008299415107471        0.000000000000004
        0.400000000000000        0.000000000000000      -14.511050899285380      -14.511050899285388        0.000000000000008
        0.433333333333333        0.033333333333333      -13.538994806837772      -13.538994806837778        0.000000000000006
        0.466666666666667        0.066666666666667      -10.883288174464036      -10.883288174464038        0.000000000000002
        0.400000000000000        0.100000000000000      -10.260862493027841      -10.260862493027837        0.000000000000004
        0.433333333333333        0.133333333333333       -7.008299415107480       -7.008299415107474        0.000000000000006
        0.466666666666667        0.166666666666667       -3.252563077920363       -3.252563077920359        0.000000000000003
        0.400000000000000        0.200000000000000       -0.000000000000001       -0.000000000000000        0.000000000000001
        0.433333333333333        0.233333333333333        3.627762724821344        3.627762724821343        0.000000000000002
        0.466666666666667        0.266666666666667        6.283469357195081        6.283469357195080        0.000000000000001
        0.400000000000000        0.300000000000000       10.260862493027840       10.260862493027838        0.000000000000002
        0.433333333333333        0.333333333333333       12.138730661621399       12.138730661621399        0.000000000000000
        0.466666666666667        0.366666666666667       12.138730661621400       12.138730661621401        0.000000000000001
        0.400000000000000        0.400000000000000       14.511050899285380       14.511050899285379        0.000000000000001
        0.433333333333333        0.433333333333333       13.538994806837772       13.538994806837772        0.000000000000000
        0.466666666666667        0.466666666666667       10.883288174464037       10.883288174464039        0.000000000000002
        0.400000000000000        0.500000000000000       10.260862493027842       10.260862493027845        0.000000000000002
        0.433333333333333        0.533333333333333        7.008299415107481        7.008299415107484        0.000000000000003
        0.466666666666667        0.566666666666667        3.252563077920364        3.252563077920366        0.000000000000002
        0.400000000000000        0.600000000000000        0.000000000000003        0.000000000000002        0.000000000000000
        0.433333333333333        0.633333333333333       -3.627762724821342       -3.627762724821344        0.000000000000002
        0.466666666666667        0.666666666666667       -6.283469357195080       -6.283469357195082        0.000000000000002
        0.400000000000000        0.700000000000000      -10.260862493027839      -10.260862493027839        0.000000000000001
        0.433333333333333        0.733333333333333      -12.138730661621398      -12.138730661621399        0.000000000000001
        0.466666666666667        0.766666666666667      -12.138730661621400      -12.138730661621402        0.000000000000002
        0.400000000000000        0.800000000000000      -14.511050899285380      -14.511050899285381        0.000000000000001
        0.433333333333333        0.833333333333333      -13.538994806837773      -13.538994806837774        0.000000000000002
        0.466666666666667        0.866666666666667      -10.883288174464037      -10.883288174464038        0.000000000000001
        0.400000000000000        0.900000000000000      -10.260862493027844      -10.260862493027841        0.000000000000003
        0.433333333333333        0.933333333333333       -7.008299415107483       -7.008299415107479        0.000000000000004
        0.466666666666667        0.966666666666667       -3.252563077920366       -3.252563077920364        0.000000000000002
        0.400000000000000        1.000000000000000       -0.000000000000004       -0.000000000000004        0.000000000000000
        0.433333333333333        1.033333333333333        3.627762724821341        3.627762724821338        0.000000000000003
        0.466666666666667        1.066666666666667        6.283469357195078        6.283469357195076        0.000000000000003
        0.500000000000000        0.000000000000000      -10.260862493027842      -10.260862493027851        0.000000000000008
        0.533333333333333        0.033333333333333       -7.008299415107481       -7.008299415107487        0.000000000000006
        0.566666666666667        0.066666666666667       -3.252563077920364       -3.252563077920365        0.000000000000001
        0.500000000000000        0.100000000000000       -7.255525449642691       -7.255525449642690        0.000000000000001
        0.533333333333333        0.133333333333333       -3.627762724821346       -3.627762724821345        0.000000000000002
        0.566666666666667        0.166666666666667       -0.972056092447609       -0.972056092447609        0.000000000000001
        0.500000000000000        0.200000000000000       -0.000000000000001       -0.000000000000000        0.000000000000001
        0.533333333333333        0.233333333333333        1.877868168593559        1.877868168593558        0.000000000000000
        0.566666666666667        0.266666666666667        1.877868168593560        1.877868168593560        0.000000000000000
        0.500000000000000        0.300000000000000        7.255525449642690        7.255525449642691        0.000000000000001
        0.533333333333333        0.333333333333333        6.283469357195083        6.283469357195085        0.000000000000002
        0.566666666666667        0.366666666666667        3.627762724821347        3.627762724821349        0.000000000000001
        0.500000000000000        0.400000000000000       10.260862493027842       10.260862493027845        0.000000000000002
        0.533333333333333        0.433333333333333        7.008299415107481        7.008299415107484        0.000000000000003
        0.566666666666667        0.466666666666667        3.252563077920364        3.252563077920366        0.000000000000002
        0.500000000000000        0.500000000000000        7.255525449642692        7.255525449642696        0.000000000000004
        0.533333333333333        0.533333333333333        3.627762724821347        3.627762724821350        0.000000000000003
        0.566666666666667        0.566666666666667        0.972056092447610        0.972056092447611        0.000000000000001
        0.500000000000000        0.600000000000000        0.000000000000002        0.000000000000002        0.000000000000000
        0.533333333333333        0.633333333333333       -1.877868168593558       -1.877868168593559        0.000000000000002
        0.566666666666667        0.666666666666667       -1.877868168593559       -1.877868168593560        0.000000000000001
        0.500000000000000        0.700000000000000       -7.255525449642689       -7.255525449642692        0.000000000000003
        0.533333333333333        0.733333333333333       -6.283469357195082       -6.283469357195085        0.000000000000003
        0.566666666666667        0.766666666666667       -3.627762724821347       -3.627762724821349        0.000000000000002
        0.500000000000000        0.800000000000000      -10.260862493027842      -10.260862493027846        0.000000000000004
        0.533333333333333        0.833333333333333       -7.008299415107481       -7.008299415107485        0.000000000000003
        0.566666666666667        0.866666666666667       -3.252563077920364       -3.252563077920366        0.000000000000001
        0.500000000000000        0.900000000000000       -7.255525449642693       -7.255525449642693        0.000000000000000
        0.533333333333333        0.933333333333333       -3.627762724821348       -3.627762724821347        0.000000000000001
        0.566666666666667        0.966666666666667       -0.972056092447610       -0.972056092447610        0.000000000000000
        0.500000000000000        1.000000000000000       -0.000000000000003       -0.000000000000003        0.000000000000000
        0.533333333333333        1.033333333333333        1.877868168593557        1.877868168593556        0.000000000000001
        0.566666666666667        1.066666666666667        1.877868168593559        1.877868168593558        0.000000000000000
        0.600000000000000        0.000000000000000       -0.000000000000003       -0.000000000000002        0.000000000000000
        0.633333333333333        0.033333333333333        3.627762724821342        3.627762724821345        0.000000000000003
        0.666666666666667        0.066666666666667        6.283469357195079        6.283469357195081        0.000000000000002
        0.600000000000000        0.100000000000000       -0.000000000000002       -0.000000000000002        0.000000000000000
        0.633333333333333        0.133333333333333        1.877868168593557        1.877868168593557        0.000000000000001
        0.666666666666667        0.166666666666667        1.877868168593558        1.877868168593557        0.000000000000002
        0.600000000000000        0.200000000000000       -0.000000000000000       -0.000000000000000        0.000000000000000
        0.633333333333333        0.233333333333333       -0.972056092447608       -0.972056092447608        0.000000000000000
        0.666666666666667        0.266666666666667       -3.627762724821343       -3.627762724821343        0.000000000000000
        0.600000000000000        0.300000000000000        0.000000000000002        0.000000000000002        0.000000000000000
        0.633333333333333        0.333333333333333       -3.252563077920359       -3.252563077920361        0.000000000000001
        0.666666666666667        0.366666666666667       -7.008299415107476       -7.008299415107478        0.000000000000002
        0.600000000000000        0.400000000000000        0.000000000000003        0.000000000000002        0.000000000000000
        0.633333333333333        0.433333333333333       -3.627762724821342       -3.627762724821344        0.000000000000002
        0.666666666666667        0.466666666666667       -6.283469357195080       -6.283469357195082        0.000000000000002
        0.600000000000000        0.500000000000000        0.000000000000002        0.000000000000002        0.000000000000000
        0.633333333333333        0.533333333333333       -1.877868168593558       -1.877868168593559        0.000000000000002
        0.666666666666667        0.566666666666667       -1.877868168593559       -1.877868168593560        0.000000000000001
        0.600000000000000        0.600000000000000        0.000000000000000        0.000000000000000        0.000000000000000
        0.633333333333333        0.633333333333333        0.972056092447607        0.972056092447608        0.000000000000001
        0.666666666666667        0.666666666666667        3.627762724821342        3.627762724821344        0.000000000000002
        0.600000000000000        0.700000000000000       -0.000000000000002       -0.000000000000002        0.000000000000000
        0.633333333333333        0.733333333333333        3.252563077920359        3.252563077920361        0.000000000000002
        0.666666666666667        0.766666666666667        7.008299415107476        7.008299415107478        0.000000000000002
        0.600000000000000        0.800000000000000       -0.000000000000003       -0.000000000000002        0.000000000000000
        0.633333333333333        0.833333333333333        3.627762724821343        3.627762724821345        0.000000000000002
        0.666666666666667        0.866666666666667        6.283469357195080        6.283469357195081        0.000000000000001
        0.600000000000000        0.900000000000000       -0.000000000000002       -0.000000000000002        0.000000000000000
        0.633333333333333        0.933333333333333        1.877868168593558        1.877868168593558        0.000000000000000
        0.666666666666667        0.966666666666667        1.877868168593560        1.877868168593559        0.000000000000001
        0.600000000000000        1.000000000000000       -0.000000000000000       -0.000000000000000        0.000000000000000
        0.633333333333333        1.033333333333333       -0.972056092447607       -0.972056092447606        0.000000000000000
        0.666666666666667        1.066666666666667       -3.627762724821342       -3.627762724821341        0.000000000000001
        0.700000000000000        0.000000000000000       10.260862493027839       10.260862493027845        0.000000000000007
        0.733333333333333        0.033333333333333       12.138730661621398       12.138730661621404        0.000000000000006
        0.766666666666667        0.066666666666667       12.138730661621399       12.138730661621400        0.000000000000002
        0.700000000000000        0.100000000000000        7.255525449642689        7.255525449642686        0.000000000000002
        0.733333333333333        0.133333333333333        6.283469357195081        6.283469357195076        0.000000000000005
        0.766666666666667        0.166666666666667        3.627762724821345        3.627762724821342        0.000000000000004
        0.700000000000000        0.200000000000000        0.000000000000001        0.000000000000000        0.000000000000001
        0.733333333333333        0.233333333333333       -3.252563077920360       -3.252563077920359        0.000000000000001
        0.766666666666667        0.266666666666667       -7.008299415107478       -7.008299415107476        0.000000000000002
        0.700000000000000        0.300000000000000       -7.255525449642688       -7.255525449642687        0.000000000000000
        0.733333333333333        0.333333333333333      -10.883288174464033      -10.883288174464033        0.000000000000000
        0.766666666666667        0.366666666666667      -13.538994806837770      -13.538994806837771        0.000000000000001
        0.700000000000000        0.400000000000000      -10.260862493027839      -10.260862493027839        0.000000000000001
        0.733333333333333        0.433333333333333      -12.138730661621398      -12.138730661621399        0.000000000000001
        0.766666666666667        0.466666666666667      -12.138730661621400      -12.138730661621402        0.000000000000002
        0.700000000000000        0.500000000000000       -7.255525449642689       -7.255525449642692        0.000000000000003
        0.733333333333333        0.533333333333333       -6.283469357195082       -6.283469357195085        0.000000000000003
        0.766666666666667        0.566666666666667       -3.627762724821347       -3.627762724821349        0.000000000000002
        0.700000000000000        0.600000000000000       -0.000000000000002       -0.000000000000002        0.000000000000000
        0.733333333333333        0.633333333333333        3.252563077920359        3.252563077920361        0.000000000000002
        0.766666666666667        0.666666666666667        7.008299415107476        7.008299415107478        0.000000000000002
        0.700000000000000        0.700000000000000        7.255525449642687        7.255525449642688        0.000000000000001
        0.733333333333333        0.733333333333333       10.883288174464032       10.883288174464033        0.000000000000001
        0.766666666666667        0.766666666666667       13.538994806837770       13.538994806837772        0.000000000000002
        0.700000000000000        0.800000000000000       10.260862493027839       10.260862493027841        0.000000000000002
        0.733333333333333        0.833333333333333       12.138730661621399       12.138730661621400        0.000000000000002
        0.766666666666667        0.866666666666667       12.138730661621400       12.138730661621401        0.000000000000001
        0.700000000000000        0.900000000000000        7.255525449642690        7.255525449642689        0.000000000000001
        0.733333333333333        0.933333333333333        6.283469357195084        6.283469357195081        0.000000000000003
        0.766666666666667        0.966666666666667        3.627762724821349        3.627762724821346        0.000000000000002
        0.700000000000000        1.000000000000000        0.000000000000003        0.000000000000003        0.000000000000000
        0.733333333333333        1.033333333333333       -3.252563077920358       -3.252563077920355        0.000000000000002
        0.766666666666667        1.066666666666667       -7.008299415107475       -7.008299415107471        0.000000000000003
        0.800000000000000        0.000000000000000       14.511050899285380       14.511050899285390        0.000000000000010
        0.833333333333333        0.033333333333333       13.538994806837772       13.538994806837779        0.000000000000007
        0.866666666666667        0.066666666666667       10.883288174464037       10.883288174464037        0.000000000000000
        0.800000000000000        0.100000000000000       10.260862493027841       10.260862493027838        0.000000000000003
        0.833333333333333        0.133333333333333        7.008299415107480        7.008299415107475        0.000000000000005
        0.866666666666667        0.166666666666667        3.252563077920363        3.252563077920359        0.000000000000004
        0.800000000000000        0.200000000000000        0.000000000000001        0.000000000000000        0.000000000000001
        0.833333333333333        0.233333333333333       -3.627762724821344       -3.627762724821343        0.000000000000001
        0.866666666666667        0.266666666666667       -6.283469357195081       -6.283469357195079        0.000000000000002
        0.800000000000000        0.300000000000000      -10.260862493027840      -10.260862493027840        0.000000000000000
        0.833333333333333        0.333333333333333      -12.138730661621399      -12.138730661621400        0.000000000000001
        0.866666666666667        0.366666666666667      -12.138730661621401      -12.138730661621400        0.000000000000001
        0.800000000000000        0.400000000000000      -14.511050899285380      -14.511050899285381        0.000000000000001
        0.833333333333333        0.433333333333333      -13.538994806837773      -13.538994806837774        0.000000000000001
        0.866666666666667        0.466666666666667      -10.883288174464037      -10.883288174464038        0.000000000000001
        0.800000000000000        0.500000000000000      -10.260862493027842      -10.260862493027846        0.000000000000004
        0.833333333333333        0.533333333333333       -7.008299415107481       -7.008299415107485        0.000000000000003
        0.866666666666667        0.566666666666667       -3.252563077920364       -3.252563077920366        0.000000000000001
        0.800000000000000        0.600000000000000       -0.000000000000003       -0.000000000000002        0.000000000000000
        0.833333333333333        0.633333333333333        3.627762724821343        3.627762724821345        0.000000000000002
        0.866666666666667        0.666666666666667        6.283469357195080        6.283469357195081        0.000000000000001
        0.800000000000000        0.700000000000000       10.260862493027839       10.260862493027841        0.000000000000002
        0.833333333333333        0.733333333333333       12.138730661621399       12.138730661621400        0.000000000000002
        0.866666666666667        0.766666666666667       12.138730661621400       12.138730661621401        0.000000000000001
        0.800000000000000        0.800000000000000       14.511050899285380       14.511050899285383        0.000000000000003
        0.833333333333333        0.833333333333333       13.538994806837773       13.538994806837776        0.000000000000003
        0.866666666666667        0.866666666666667       10.883288174464038       10.883288174464038        0.000000000000001
        0.800000000000000        0.900000000000000       10.260862493027844       10.260862493027842        0.000000000000001
        0.833333333333333        0.933333333333333        7.008299415107483        7.008299415107480        0.000000000000003
        0.866666666666667        0.966666666666667        3.252563077920366        3.252563077920363        0.000000000000003
        0.800000000000000        1.000000000000000        0.000000000000004        0.000000000000004        0.000000000000000
        0.833333333333333        1.033333333333333       -3.627762724821341       -3.627762724821339        0.000000000000002
        0.866666666666667        1.066666666666667       -6.283469357195079       -6.283469357195075        0.000000000000003
        0.900000000000000        0.000000000000000       10.260862493027844       10.260862493027847        0.000000000000003
        0.933333333333333        0.033333333333333        7.008299415107482        7.008299415107482        0.000000000000001
        0.966666666666667        0.066666666666667        3.252563077920365        3.252563077920363        0.000000000000002
        0.900000000000000        0.100000000000000        7.255525449642692        7.255525449642687        0.000000000000005
        0.933333333333333        0.133333333333333        3.627762724821347        3.627762724821342        0.000000000000005
        0.966666666666667        0.166666666666667        0.972056092447610        0.972056092447608        0.000000000000002
        0.900000000000000        0.200000000000000        0.000000000000001        0.000000000000000        0.000000000000001
        0.933333333333333        0.233333333333333       -1.877868168593559       -1.877868168593557        0.000000000000002
        0.966666666666667        0.266666666666667       -1.877868168593560       -1.877868168593558        0.000000000000002
        0.900000000000000        0.300000000000000       -7.255525449642691       -7.255525449642688        0.000000000000003
        0.933333333333333        0.333333333333333       -6.283469357195084       -6.283469357195080        0.000000000000004
        0.966666666666667        0.366666666666667       -3.627762724821349       -3.627762724821346        0.000000000000003
        0.900000000000000        0.400000000000000      -10.260862493027844      -10.260862493027841        0.000000000000003
        0.933333333333333        0.433333333333333       -7.008299415107483       -7.008299415107479        0.000000000000004
        0.966666666666667        0.466666666666667       -3.252563077920366       -3.252563077920364        0.000000000000002
        0.900000000000000        0.500000000000000       -7.255525449642693       -7.255525449642693        0.000000000000000
        0.933333333333333        0.533333333333333       -3.627762724821348       -3.627762724821347        0.000000000000001
        0.966666666666667        0.566666666666667       -0.972056092447610       -0.972056092447610        0.000000000000000
        0.900000000000000        0.600000000000000       -0.000000000000002       -0.000000000000002        0.000000000000000
        0.933333333333333        0.633333333333333        1.877868168593558        1.877868168593558        0.000000000000000
        0.966666666666667        0.666666666666667        1.877868168593560        1.877868168593559        0.000000000000001
        0.900000000000000        0.700000000000000        7.255525449642690        7.255525449642689        0.000000000000001
        0.933333333333333        0.733333333333333        6.283469357195084        6.283469357195081        0.000000000000003
        0.966666666666667        0.766666666666667        3.627762724821349        3.627762724821346        0.000000000000002
        0.900000000000000        0.800000000000000       10.260862493027844       10.260862493027842        0.000000000000001
        0.933333333333333        0.833333333333333        7.008299415107483        7.008299415107480        0.000000000000003
        0.966666666666667        0.866666666666667        3.252563077920366        3.252563077920363        0.000000000000003
        0.900000000000000        0.900000000000000        7.255525449642694        7.255525449642690        0.000000000000004
        0.933333333333333        0.933333333333333        3.627762724821349        3.627762724821345        0.000000000000004
        0.966666666666667        0.966666666666667        0.972056092447611        0.972056092447609        0.000000000000001
        0.900000000000000        1.000000000000000        0.000000000000003        0.000000000000003        0.000000000000000
        0.933333333333333        1.033333333333333       -1.877868168593557       -1.877868168593555        0.000000000000002
        0.966666666666667        1.066666666666667       -1.877868168593560       -1.877868168593557        0.000000000000002
        1.000000000000000        0.000000000000000        0.000000000000004        0.000000000000004        0.000000000000000
        1.033333333333333        0.033333333333333       -3.627762724821341       -3.627762724821339        0.000000000000001
        1.066666666666667        0.066666666666667       -6.283469357195078       -6.283469357195075        0.000000000000003
        1.000000000000000        0.100000000000000        0.000000000000003        0.000000000000003        0.000000000000000
        1.033333333333333        0.133333333333333       -1.877868168593557       -1.877868168593554        0.000000000000003
        1.066666666666667        0.166666666666667       -1.877868168593558       -1.877868168593555        0.000000000000003
        1.000000000000000        0.200000000000000        0.000000000000000        0.000000000000000        0.000000000000000
        1.033333333333333        0.233333333333333        0.972056092447607        0.972056092447606        0.000000000000001
        1.066666666666667        0.266666666666667        3.627762724821342        3.627762724821339        0.000000000000003
        1.000000000000000        0.300000000000000       -0.000000000000003       -0.000000000000003        0.000000000000000
        1.033333333333333        0.333333333333333        3.252563077920358        3.252563077920355        0.000000000000003
        1.066666666666667        0.366666666666667        7.008299415107475        7.008299415107471        0.000000000000004
        1.000000000000000        0.400000000000000       -0.000000000000004       -0.000000000000004        0.000000000000000
        1.033333333333333        0.433333333333333        3.627762724821341        3.627762724821338        0.000000000000003
        1.066666666666667        0.466666666666667        6.283469357195078        6.283469357195076        0.000000000000003
        1.000000000000000        0.500000000000000       -0.000000000000003       -0.000000000000003        0.000000000000000
        1.033333333333333        0.533333333333333        1.877868168593557        1.877868168593556        0.000000000000001
        1.066666666666667        0.566666666666667        1.877868168593559        1.877868168593558        0.000000000000000
        1.000000000000000        0.600000000000000       -0.000000000000000       -0.000000000000000        0.000000000000000
        1.033333333333333        0.633333333333333       -0.972056092447607       -0.972056092447606        0.000000000000000
        1.066666666666667        0.666666666666667       -3.627762724821342       -3.627762724821341        0.000000000000001
        1.000000000000000        0.700000000000000        0.000000000000003        0.000000000000003        0.000000000000000
        1.033333333333333        0.733333333333333       -3.252563077920358       -3.252563077920355        0.000000000000002
        1.066666666666667        0.766666666666667       -7.008299415107475       -7.008299415107471        0.000000000000003
        1.000000000000000        0.800000000000000        0.000000000000004        0.000000000000004        0.000000000000000
        1.033333333333333        0.833333333333333       -3.627762724821341       -3.627762724821339        0.000000000000002
        1.066666666666667        0.866666666666667       -6.283469357195079       -6.283469357195075        0.000000000000003
        1.000000000000000        0.900000000000000        0.000000000000003        0.000000000000003        0.000000000000000
        1.033333333333333        0.933333333333333       -1.877868168593557       -1.877868168593555        0.000000000000002
        1.066666666666667        0.966666666666667       -1.877868168593560       -1.877868168593557        0.000000000000002
        1.000000000000000        1.000000000000000        0.000000000000000        0.000000000000000        0.000000000000000
        1.033333333333333        1.033333333333333        0.972056092447606        0.972056092447605        0.000000000000001
        1.066666666666667        1.066666666666667        3.627762724821341        3.627762724821337        0.000000000000004
