        0.000000000000000        0.000000000000000       13.906381300528338       13.906381300528353        0.000000000000016
        0.033333333333333        0.033333333333333       12.974830390749379       12.974830390749390        0.000000000000011
        0.066666666666667        0.066666666666667       10.429785975396253       10.429785975396255        0.000000000000001
        0.000000000000000        0.100000000000000        9.833296519369388        9.833296519369389        0.000000000000002
        0.033333333333333        0.133333333333333        6.716266424201842        6.716266424201839        0.000000000000003
        0.066666666666667        0.166666666666667        3.117030095167547        3.117030095167544        0.000000000000003
        0.000000000000000        0.200000000000000        0.000000000000001        0.000000000000000        0.000000000000001
        0.033333333333333        0.233333333333333       -3.476595325132083       -3.476595325132083        0.000000000000000
        0.066666666666667        0.266666666666667       -6.021639740485210       -6.021639740485208        0.000000000000002
        0.000000000000000        0.300000000000000       -9.833296519369386       -9.833296519369391        0.000000000000004
        0.033333333333333        0.333333333333333      -11.632914683886534      -11.632914683886539        0.000000000000004
        0.066666666666667        0.366666666666667      -11.632914683886535      -11.632914683886535        0.000000000000001
        0.000000000000000        0.400000000000000      -13.906381300528338      -13.906381300528345        0.000000000000007
        0.033333333333333        0.433333333333333      -12.974830390749380      -12.974830390749385        0.000000000000006
        0.066666666666667        0.466666666666667      -10.429785975396254      -10.429785975396256        0.000000000000002
        0.000000000000000        0.500000000000000       -9.833296519369389       -9.833296519369397        0.000000000000008
        0.033333333333333        0.533333333333333       -6.716266424201843       -6.716266424201849        0.000000000000005
        0.066666666666667        0.566666666666667       -3.117030095167548       -3.117030095167550        0.000000000000001
        0.000000000000000        0.600000000000000       -0.000000000000003       -0.000000000000002        0.000000000000000
        0.033333333333333        0.633333333333333        3.476595325132082        3.476595325132085        0.000000000000003
        0.066666666666667        0.666666666666667        6.021639740485208        6.021639740485210        0.000000000000002
        0.000000000000000        0.700000000000000        9.833296519369385        9.833296519369392        0.000000000000006
        0.033333333333333        0.733333333333333       11.632914683886533       11.632914683886539        0.000000000000005
        0.066666666666667        0.766666666666667       11.632914683886534       11.632914683886536        0.000000000000002
        0.000000000000000        0.800000000000000       13.906381300528338       13.906381300528347        0.000000000000009
        0.033333333333333        0.833333333333333       12.974830390749380       12.974830390749387        0.000000000000007
        0.066666666666667        0.866666666666667       10.429785975396255       10.429785975396255        0.000000000000000
        0.000000000000000        0.900000000000000        9.833296519369390        9.833296519369393        0.000000000000003
        0.033333333333333        0.933333333333333        6.716266424201845        6.716266424201844        0.000000000000001
        0.066666666666667        0.966666666666667        3.117030095167550        3.117030095167547        0.000000000000002
        0.000000000000000        1.000000000000000        0.000000000000004        0.000000000000004        0.000000000000000
        0.033333333333333        1.033333333333333       -3.476595325132080       -3.476595325132079        0.000000000000001
        0.066666666666667        1.066666666666667       -6.021639740485207       -6.021639740485204        0.000000000000003
        0.100000000000000        0.000000000000000        9.833296519369388        9.833296519369389        0.000000000000002
        0.133333333333333        0.033333333333333        6.716266424201842        6.716266424201839        0.000000000000003
        0.166666666666667        0.066666666666667        3.117030095167547        3.117030095167544        0.000000000000003
        0.100000000000000        0.100000000000000        6.953190650264169        6.953190650264164        0.000000000000005
        0.133333333333333        0.133333333333333        3.476595325132085        3.476595325132079        0.000000000000006
        0.166666666666667        0.166666666666667        0.931550909778959        0.931550909778957        0.000000000000002
        0.100000000000000        0.200000000000000        0.000000000000001        0.000000000000000        0.000000000000001
        0.133333333333333        0.233333333333333       -1.799618164517147       -1.799618164517145        0.000000000000002
        0.166666666666667        0.266666666666667       -1.799618164517148       -1.799618164517145        0.000000000000003
        0.100000000000000        0.300000000000000       -6.953190650264168       -6.953190650264165        0.000000000000004
        0.133333333333333        0.333333333333333       -6.021639740485210       -6.021639740485205        0.000000000000005
        0.166666666666667        0.366666666666667       -3.476595325132085       -3.476595325132081        0.000000000000004
        0.100000000000000        0.400000000000000       -9.833296519369388       -9.833296519369384        0.000000000000004
        0.133333333333333        0.433333333333333       -6.716266424201842       -6.716266424201837        0.000000000000005
        0.166666666666667        0.466666666666667       -3.117030095167547       -3.117030095167544        0.000000000000003
        0.100000000000000        0.500000000000000       -6.953190650264170       -6.953190650264169        0.000000000000001
        0.133333333333333        0.533333333333333       -3.476595325132086       -3.476595325132084        0.000000000000001
        0.166666666666667        0.566666666666667       -0.931550909778959       -0.931550909778959        0.000000000000001
        0.100000000000000        0.600000000000000       -0.000000000000002       -0.000000000000002        0.000000000000000
        0.133333333333333        0.633333333333333        1.799618164517146        1.799618164517146        0.000000000000001
        0.166666666666667        0.666666666666667        1.799618164517147        1.799618164517146        0.000000000000002
        0.100000000000000        0.700000000000000        6.953190650264167        6.953190650264165        0.000000000000002
        0.133333333333333        0.733333333333333        6.021639740485210        6.021639740485205        0.000000000000005
        0.166666666666667        0.766666666666667        3.476595325132085        3.476595325132081        0.000000000000004
        0.100000000000000        0.800000000000000        9.833296519369388        9.833296519369385        0.000000000000003
        0.133333333333333        0.833333333333333        6.716266424201842        6.716266424201837        0.000000000000005
        0.166666666666667        0.866666666666667        3.117030095167547        3.117030095167544        0.000000000000004
        0.100000000000000        0.900000000000000        6.953190650264171        6.953190650264166        0.000000000000004
        0.133333333333333        0.933333333333333        3.476595325132086        3.476595325132082        0.000000000000005
        0.166666666666667        0.966666666666667        0.931550909778960        0.931550909778958        0.000000000000002
        0.100000000000000        1.000000000000000        0.000000000000003        0.000000000000003        0.000000000000000
        0.133333333333333        1.033333333333333       -1.799618164517146       -1.799618164517143        0.000000000000003
        0.166666666666667        1.066666666666667       -1.799618164517147       -1.799618164517144        0.000000000000003
        0.200000000000000        0.000000000000000        0.000000000000001        0.000000000000000        0.000000000000001
        0.233333333333333        0.033333333333333       -3.476595325132083       -3.476595325132083        0.000000000000000
        0.266666666666667        0.066666666666667       -6.021639740485210       -6.021639740485208        0.000000000000002
        0.200000000000000        0.100000000000000        0.000000000000001        0.000000000000000        0.000000000000001
        0.233333333333333        0.133333333333333       -1.799618164517147       -1.799618164517145        0.000000000000002
        0.266666666666667        0.166666666666667       -1.799618164517148       -1.799618164517145        0.000000000000003
        0.200000000000000        0.200000000000000        0.000000000000000        0.000000000000000        0.000000000000000
        0.233333333333333        0.233333333333333        0.931550909778958        0.931550909778957        0.000000000000001
        0.266666666666667        0.266666666666667        3.476595325132083        3.476595325132081        0.000000000000002
        0.200000000000000        0.300000000000000       -0.000000000000001       -0.000000000000000        0.000000000000001
        0.233333333333333        0.333333333333333        3.117030095167545        3.117030095167544        0.000000000000002
        0.266666666666667        0.366666666666667        6.716266424201840        6.716266424201838        0.000000000000002
        0.200000000000000        0.400000000000000       -0.000000000000001       -0.000000000000000        0.000000000000001
        0.233333333333333        0.433333333333333        3.476595325132084        3.476595325132082        0.000000000000002
        0.266666666666667        0.466666666666667        6.021639740485210        6.021639740485209        0.000000000000001
        0.200000000000000        0.500000000000000       -0.000000000000001       -0.000000000000000        0.000000000000001
        0.233333333333333        0.533333333333333        1.799618164517148        1.799618164517147        0.000000000000000
        0.266666666666667        0.566666666666667        1.799618164517148        1.799618164517149        0.000000000000000
        0.200000000000000        0.600000000000000       -0.000000000000000       -0.000000000000000        0.000000000000000
        0.233333333333333        0.633333333333333       -0.931550909778958       -0.931550909778958        0.000000000000000
        0.266666666666667        0.666666666666667       -3.476595325132083       -3.476595325132082        0.000000000000000
        0.200000000000000        0.700000000000000        0.000000000000001        0.000000000000000        0.000000000000001
        0.233333333333333        0.733333333333333       -3.117030095167545       -3.117030095167544        0.000000000000001
        0.266666666666667        0.766666666666667       -6.716266424201840       -6.716266424201838        0.000000000000002
        0.200000000000000        0.800000000000000        0.000000000000001        0.000000000000000        0.000000000000001
        0.233333333333333        0.833333333333333       -3.476595325132084       -3.476595325132082        0.000000000000001
        0.266666666666667        0.866666666666667       -6.021639740485210       -6.021639740485208        0.000000000000002
        0.200000000000000        0.900000000000000        0.000000000000001        0.000000000000000        0.000000000000001
        0.233333333333333        0.933333333333333       -1.799618164517148       -1.799618164517146        0.000000000000002
        0.266666666666667        0.966666666666667       -1.799618164517149       -1.799618164517147        0.000000000000002
        0.200000000000000        1.000000000000000        0.000000000000000        0.000000000000000        0.000000000000000
        0.233333333333333        1.033333333333333        0.931550909778957        0.931550909778956        0.000000000000001
        0.266666666666667        1.066666666666667        3.476595325132082        3.476595325132079        0.000000000000003
        0.300000000000000        0.000000000000000       -9.833296519369386       -9.833296519369391        0.000000000000004
        0.333333333333333        0.033333333333333      -11.632914683886534      -11.632914683886539        0.000000000000004
        0.366666666666667        0.066666666666667      -11.632914683886535      -11.632914683886535        0.000000000000001
        0.300000000000000        0.100000000000000       -6.953190650264168       -6.953190650264165        0.000000000000004
        0.333333333333333        0.133333333333333       -6.021639740485210       -6.021639740485205        0.000000000000005
        0.366666666666667        0.166666666666667       -3.476595325132085       -3.476595325132081        0.000000000000004
        0.300000000000000        0.200000000000000       -0.000000000000001       -0.000000000000000        0.000000000000001
        0.333333333333333        0.233333333333333        3.117030095167545        3.117030095167544        0.000000000000002
        0.366666666666667        0.266666666666667        6.716266424201840        6.716266424201838        0.000000000000002
        0.300000000000000        0.300000000000000        6.953190650264167        6.953190650264165        0.000000000000002
        0.333333333333333        0.333333333333333       10.429785975396252       10.429785975396251        0.000000000000001
        0.366666666666667        0.366666666666667       12.974830390749378       12.974830390749378        0.000000000000001
        0.300000000000000        0.400000000000000        9.833296519369386        9.833296519369385        0.000000000000002
        0.333333333333333        0.433333333333333       11.632914683886535       11.632914683886534        0.000000000000000
        0.366666666666667        0.466666666666667       11.632914683886536       11.632914683886537        0.000000000000001
        0.300000000000000        0.500000000000000        6.953190650264169        6.953190650264170        0.000000000000001
        0.333333333333333        0.533333333333333        6.021639740485212        6.021639740485214        0.000000000000002
        0.366666666666667        0.566666666666667        3.476595325132087        3.476595325132088        0.000000000000001
        0.300000000000000        0.600000000000000        0.000000000000002        0.000000000000002        0.000000000000000
        0.333333333333333        0.633333333333333       -3.117030095167544       -3.117030095167545        0.000000000000001
        0.366666666666667        0.666666666666667       -6.716266424201839       -6.716266424201840        0.000000000000001
        0.300000000000000        0.700000000000000       -6.953190650264167       -6.953190650264166        0.000000000000000
        0.333333333333333        0.733333333333333      -10.429785975396251      -10.429785975396251        0.000000000000000
        0.366666666666667        0.766666666666667      -12.974830390749378      -12.974830390749379        0.000000000000001
        0.300000000000000        0.800000000000000       -9.833296519369386       -9.833296519369386        0.000000000000000
        0.333333333333333        0.833333333333333      -11.632914683886535      -11.632914683886536        0.000000000000001
        0.366666666666667        0.866666666666667      -11.632914683886536      -11.632914683886536        0.000000000000001
        0.300000000000000        0.900000000000000       -6.953190650264170       -6.953190650264167        0.000000000000003
        0.333333333333333        0.933333333333333       -6.021639740485213       -6.021639740485209        0.000000000000003
        0.366666666666667        0.966666666666667       -3.476595325132088       -3.476595325132085        0.000000000000003
        0.300000000000000        1.000000000000000       -0.000000000000003       -0.000000000000003        0.000000000000000
        0.333333333333333        1.033333333333333        3.117030095167542        3.117030095167540        0.000000000000002
        0.366666666666667        1.066666666666667        6.716266424201837        6.716266424201834        0.000000000000004
        0.400000000000000        0.000000000000000      -13.906381300528338      -13.906381300528345        0.000000000000007
        0.433333333333333        0.033333333333333      -12.974830390749380      -12.974830390749385        0.000000000000006
        0.466666666666667        0.066666666666667      -10.429785975396254      -10.429785975396256        0.000000000000002
        0.400000000000000        0.100000000000000       -9.833296519369388       -9.833296519369384        0.000000000000004
        0.433333333333333        0.133333333333333       -6.716266424201842       -6.716266424201837        0.000000000000005
        0.466666666666667        0.166666666666667       -3.117030095167547       -3.117030095167544        0.000000000000003
        0.400000000000000        0.200000000000000       -0.000000000000001       -0.000000000000000        0.000000000000001
        0.433333333333333        0.233333333333333        3.476595325132084        3.476595325132082        0.000000000000002
        0.466666666666667        0.266666666666667        6.021639740485210        6.021639740485209        0.000000000000001
        0.400000000000000        0.300000000000000        9.833296519369386        9.833296519369385        0.000000000000002
        0.433333333333333        0.333333333333333       11.632914683886535       11.632914683886534        0.000000000000000
        0.466666666666667        0.366666666666667       11.632914683886536       11.632914683886537        0.000000000000001
        0.400000000000000        0.400000000000000       13.906381300528338       13.906381300528337        0.000000000000001
        0.433333333333333        0.433333333333333       12.974830390749380       12.974830390749380        0.000000000000000
        0.466666666666667        0.466666666666667       10.429785975396255       10.429785975396257        0.000000000000002
        0.400000000000000        0.500000000000000        9.833296519369389        9.833296519369391        0.000000000000002
        0.433333333333333        0.533333333333333        6.716266424201843        6.716266424201846        0.000000000000003
        0.466666666666667        0.566666666666667        3.117030095167548        3.117030095167550        0.000000000000002
        0.400000000000000        0.600000000000000        0.000000000000003        0.000000000000002        0.000000000000000
        0.433333333333333        0.633333333333333       -3.476595325132082       -3.476595325132084        0.000000000000002
        0.466666666666667        0.666666666666667       -6.021639740485209       -6.021639740485211        0.000000000000002
        0.400000000000000        0.700000000000000       -9.833296519369385       -9.833296519369386        0.000000000000001
        0.433333333333333        0.733333333333333      -11.632914683886534      -11.632914683886535        0.000000000000001
        0.466666666666667        0.766666666666667      -11.632914683886535      -11.632914683886537        0.000000000000002
        0.400000000000000        0.800000000000000      -13.906381300528338      -13.906381300528339        0.000000000000001
        0.433333333333333        0.833333333333333      -12.974830390749380      -12.974830390749382        0.000000000000001
        0.466666666666667        0.866666666666667      -10.429785975396256      -10.429785975396256        0.000000000000001
        0.400000000000000        0.900000000000000       -9.833296519369390       -9.833296519369387        0.000000000000003
        0.433333333333333        0.933333333333333       -6.716266424201845       -6.716266424201841        0.000000000000004
        0.466666666666667        0.966666666666667       -3.117030095167550       -3.117030095167548        0.000000000000002
        0.400000000000000        1.000000000000000       -0.000000000000004       -0.000000000000004        0.000000000000000
        0.433333333333333        1.033333333333333        3.476595325132080        3.476595325132078        0.000000000000003
        0.466666666666667        1.066666666666667        6.021639740485207        6.021639740485205        0.000000000000003
        0.500000000000000        0.000000000000000       -9.833296519369389       -9.833296519369397        0.000000000000008
        0.533333333333333        0.033333333333333       -6.716266424201843       -6.716266424201849        0.000000000000005
        0.566666666666667        0.066666666666667       -3.117030095167548       -3.117030095167550        0.000000000000001
        0.500000000000000        0.100000000000000       -6.953190650264170       -6.953190650264169        0.000000000000001
        0.533333333333333        0.133333333333333       -3.476595325132086       -3.476595325132084        0.000000000000001
        0.566666666666667        0.166666666666667       -0.931550909778959       -0.931550909778959        0.000000000000001
        0.500000000000000        0.200000000000000       -0.000000000000001       -0.000000000000000        0.000000000000001
        0.533333333333333        0.233333333333333        1.799618164517148        1.799618164517147        0.000000000000000
        0.566666666666667        0.266666666666667        1.799618164517148        1.799618164517149        0.000000000000000
        0.500000000000000        0.300000000000000        6.953190650264169        6.953190650264170        0.000000000000001
        0.533333333333333        0.333333333333333        6.021639740485212        6.021639740485214        0.000000000000002
        0.566666666666667        0.366666666666667        3.476595325132087        3.476595325132088        0.000000000000001
        0.500000000000000        0.400000000000000        9.833296519369389        9.833296519369391        0.000000000000002
        0.533333333333333        0.433333333333333        6.716266424201843        6.716266424201846        0.000000000000003
        0.566666666666667        0.466666666666667        3.117030095167548        3.117030095167550        0.000000000000002
        0.500000000000000        0.500000000000000        6.953190650264171        6.953190650264174        0.000000000000003
        0.533333333333333        0.533333333333333        3.476595325132086        3.476595325132089        0.000000000000003
        0.566666666666667        0.566666666666667        0.931550909778960        0.931550909778960        0.000000000000001
        0.500000000000000        0.600000000000000        0.000000000000002        0.000000000000002        0.000000000000000
        0.533333333333333        0.633333333333333       -1.799618164517147       -1.799618164517148        0.000000000000001
        0.566666666666667        0.666666666666667       -1.799618164517148       -1.799618164517149        0.000000000000001
        0.500000000000000        0.700000000000000       -6.953190650264168       -6.953190650264171        0.000000000000002
        0.533333333333333        0.733333333333333       -6.021639740485211       -6.021639740485214        0.000000000000003
        0.566666666666667        0.766666666666667       -3.476595325132086       -3.476595325132088        0.000000000000002
        0.500000000000000        0.800000000000000       -9.833296519369389       -9.833296519369392        0.000000000000004
        0.533333333333333        0.833333333333333       -6.716266424201844       -6.716266424201847        0.000000000000003
        0.566666666666667        0.866666666666667       -3.117030095167549       -3.117030095167550        0.000000000000001
        0.500000000000000        0.900000000000000       -6.953190650264172       -6.953190650264172        0.000000000000000
        0.533333333333333        0.933333333333333       -3.476595325132087       -3.476595325132087        0.000000000000001
        0.566666666666667        0.966666666666667       -0.931550909778960       -0.931550909778960        0.000000000000000
        0.500000000000000        1.000000000000000       -0.000000000000003       -0.000000000000003        0.000000000000000
        0.533333333333333        1.033333333333333        1.799618164517146        1.799618164517145        0.000000000000001
        0.566666666666667        1.066666666666667        1.799618164517148        1.799618164517147        0.000000000000000
        0.600000000000000        0.000000000000000       -0.000000000000003       -0.000000000000002        0.000000000000000
        0.633333333333333        0.033333333333333        3.476595325132082        3.476595325132085        0.000000000000003
        0.666666666666667        0.066666666666667        6.021639740485208        6.021639740485210        0.000000000000002
        0.600000000000000        0.100000000000000       -0.000000000000002       -0.000000000000002        0.000000000000000
        0.633333333333333        0.133333333333333        1.799618164517146        1.799618164517146        0.000000000000001
        0.666666666666667        0.166666666666667        1.799618164517147        1.799618164517146        0.000000000000002
        0.600000000000000        0.200000000000000       -0.000000000000000       -0.000000000000000        0.000000000000000
        0.633333333333333        0.233333333333333       -0.931550909778958       -0.931550909778958        0.000000000000000
        0.666666666666667        0.266666666666667       -3.476595325132083       -3.476595325132082        0.000000000000000
        0.600000000000000        0.300000000000000        0.000000000000002        0.000000000000002        0.000000000000000
        0.633333333333333        0.333333333333333       -3.117030095167544       -3.117030095167545        0.000000000000001
        0.666666666666667        0.366666666666667       -6.716266424201839       -6.716266424201840        0.000000000000001
        0.600000000000000        0.400000000000000        0.000000000000003        0.000000000000002        0.000000000000000
        0.633333333333333        0.433333333333333       -3.476595325132082       -3.476595325132084        0.000000000000002
        0.666666666666667        0.466666666666667       -6.021639740485209       -6.021639740485211        0.000000000000002
        0.600000000000000        0.500000000000000        0.000000000000002        0.000000000000002        0.000000000000000
        0.633333333333333        0.533333333333333       -1.799618164517147       -1.799618164517148        0.000000000000001
        0.666666666666667        0.566666666666667       -1.799618164517148       -1.799618164517149        0.000000000000001
        0.600000000000000        0.600000000000000        0.000000000000000        0.000000000000000        0.000000000000000
        0.633333333333333        0.633333333333333        0.931550909778957        0.931550909778958        0.000000000000001
        0.666666666666667        0.666666666666667        3.476595325132082        3.476595325132084        0.000000000000002
        0.600000000000000        0.700000000000000       -0.000000000000002       -0.000000000000002        0.000000000000000
        0.633333333333333        0.733333333333333        3.117030095167543        3.117030095167545        0.000000000000002
        0.666666666666667        0.766666666666667        6.716266424201838        6.716266424201841        0.000000000000002
        0.600000000000000        0.800000000000000       -0.000000000000003       -0.000000000000002        0.000000000000000
        0.633333333333333        0.833333333333333        3.476595325132082        3.476595325132084        0.000000000000002
        0.666666666666667        0.866666666666667        6.021639740485209        6.021639740485210        0.000000000000001
        0.600000000000000        0.900000000000000       -0.000000000000002       -0.000000000000002        0.000000000000000
        0.633333333333333        0.933333333333333        1.799618164517147        1.799618164517147        0.000000000000000
        0.666666666666667        0.966666666666667        1.799618164517149        1.799618164517148        0.000000000000001
        0.600000000000000        1.000000000000000       -0.000000000000000       -0.000000000000000        0.000000000000000
        0.633333333333333        1.033333333333333       -0.931550909778957       -0.931550909778956        0.000000000000000
        0.666666666666667        1.066666666666667       -3.476595325132081       -3.476595325132080        0.000000000000001
        0.700000000000000        0.000000000000000        9.833296519369385        9.833296519369392        0.000000000000006
        0.733333333333333        0.033333333333333       11.632914683886533       11.632914683886539        0.000000000000005
        0.766666666666667        0.066666666666667       11.632914683886534       11.632914683886536        0.000000000000002
        0.700000000000000        0.100000000000000        6.953190650264167        6.953190650264165        0.000000000000002
        0.733333333333333        0.133333333333333        6.021639740485210        6.021639740485205        0.000000000000005
        0.766666666666667        0.166666666666667        3.476595325132085        3.476595325132081        0.000000000000004
        0.700000000000000        0.200000000000000        0.000000000000001        0.000000000000000        0.000000000000001
        0.733333333333333        0.233333333333333       -3.117030095167545       -3.117030095167544        0.000000000000001
        0.766666666666667        0.266666666666667       -6.716266424201840       -6.716266424201838        0.000000000000002
        0.700000000000000        0.300000000000000       -6.953190650264167       -6.953190650264166        0.000000000000000
        0.733333333333333        0.333333333333333      -10.429785975396251      -10.429785975396251        0.000000000000000
        0.766666666666667        0.366666666666667      -12.974830390749378      -12.974830390749379        0.000000000000001
        0.700000000000000        0.400000000000000       -9.833296519369385       -9.833296519369386        0.000000000000001
        0.733333333333333        0.433333333333333      -11.632914683886534      -11.632914683886535        0.000000000000001
        0.766666666666667        0.466666666666667      -11.632914683886535      -11.632914683886537        0.000000000000002
        0.700000000000000        0.500000000000000       -6.953190650264168       -6.953190650264171        0.000000000000002
        0.733333333333333        0.533333333333333       -6.021639740485211       -6.021639740485214        0.000000000000003
        0.766666666666667        0.566666666666667       -3.476595325132086       -3.476595325132088        0.000000000000002
        0.700000000000000        0.600000000000000       -0.000000000000002       -0.000000000000002        0.000000000000000
        0.733333333333333        0.633333333333333        3.117030095167543        3.117030095167545        0.000000000000002
        0.766666666666667        0.666666666666667        6.716266424201838        6.716266424201841        0.000000000000002
        0.700000000000000        0.700000000000000        6.953190650264166        6.953190650264167        0.000000000000001
        0.733333333333333        0.733333333333333       10.429785975396250       10.429785975396251        0.000000000000001
        0.766666666666667        0.766666666666667       12.974830390749377       12.974830390749379        0.000000000000002
        0.700000000000000        0.800000000000000        9.833296519369385        9.833296519369387        0.000000000000002
        0.733333333333333        0.833333333333333       11.632914683886534       11.632914683886536        0.000000000000002
        0.766666666666667        0.866666666666667       11.632914683886536       11.632914683886537        0.000000000000001
        0.700000000000000        0.900000000000000        6.953190650264169        6.953190650264168        0.000000000000001
        0.733333333333333        0.933333333333333        6.021639740485212        6.021639740485210        0.000000000000003
        0.766666666666667        0.966666666666667        3.476595325132088        3.476595325132086        0.000000000000002
        0.700000000000000        1.000000000000000        0.000000000000003        0.000000000000003        0.000000000000000
        0.733333333333333        1.033333333333333       -3.117030095167542       -3.117030095167540        0.000000000000002
        0.766666666666667        1.066666666666667       -6.716266424201837       -6.716266424201834        0.000000000000003
        0.800000000000000        0.000000000000000       13.906381300528338       13.906381300528347        0.000000000000009
        0.833333333333333        0.033333333333333       12.974830390749380       12.974830390749387        0.000000000000007
        0.866666666666667        0.066666666666667       10.429785975396255       10.429785975396255        0.000000000000000
        0.800000000000000        0.100000000000000        9.833296519369388        9.833296519369385        0.000000000000003
        0.833333333333333        0.133333333333333        6.716266424201842        6.716266424201837        0.000000000000005
        0.866666666666667        0.166666666666667        3.117030095167547        3.117030095167544        0.000000000000004
        0.800000000000000        0.200000000000000        0.000000000000001        0.000000000000000        0.000000000000001
        0.833333333333333        0.233333333333333       -3.476595325132084       -3.476595325132082        0.000000000000001
        0.866666666666667        0.266666666666667       -6.021639740485210       -6.021639740485208        0.000000000000002
        0.800000000000000        0.300000000000000       -9.833296519369386       -9.833296519369386        0.000000000000000
        0.833333333333333        0.333333333333333      -11.632914683886535      -11.632914683886536        0.000000000000001
        0.866666666666667        0.366666666666667      -11.632914683886536      -11.632914683886536        0.000000000000001
        0.800000000000000        0.400000000000000      -13.906381300528338      -13.906381300528339        0.000000000000001
        0.833333333333333        0.433333333333333      -12.974830390749380      -12.974830390749382        0.000000000000001
        0.866666666666667        0.466666666666667      -10.429785975396256      -10.429785975396256        0.000000000000001
        0.800000000000000        0.500000000000000       -9.833296519369389       -9.833296519369392        0.000000000000004
        0.833333333333333        0.533333333333333       -6.716266424201844       -6.716266424201847        0.000000000000003
        0.866666666666667        0.566666666666667       -3.117030095167549       -3.117030095167550        0.000000000000001
        0.800000000000000        0.600000000000000       -0.000000000000003       -0.000000000000002        0.000000000000000
        0.833333333333333        0.633333333333333        3.476595325132082        3.476595325132084        0.000000000000002
        0.866666666666667        0.666666666666667        6.021639740485209        6.021639740485210        0.000000000000001
        0.800000000000000        0.700000000000000        9.833296519369385        9.833296519369387        0.000000000000002
        0.833333333333333        0.733333333333333       11.632914683886534       11.632914683886536        0.000000000000002
        0.866666666666667        0.766666666666667       11.632914683886536       11.632914683886537        0.000000000000001
        0.800000000000000        0.800000000000000       13.906381300528338       13.906381300528341        0.000000000000003
        0.833333333333333        0.833333333333333       12.974830390749381       12.974830390749383        0.000000000000003
        0.866666666666667        0.866666666666667       10.429785975396256       10.429785975396256        0.000000000000001
        0.800000000000000        0.900000000000000        9.833296519369390        9.833296519369389        0.000000000000001
        0.833333333333333        0.933333333333333        6.716266424201845        6.716266424201842        0.000000000000003
        0.866666666666667        0.966666666666667        3.117030095167550        3.117030095167548        0.000000000000002
        0.800000000000000        1.000000000000000        0.000000000000004        0.000000000000004        0.000000000000000
        0.833333333333333        1.033333333333333       -3.476595325132081       -3.476595325132078        0.000000000000002
        0.866666666666667        1.066666666666667       -6.021639740485208       -6.021639740485204        0.000000000000003
        0.900000000000000        0.000000000000000        9.833296519369390        9.833296519369393        0.000000000000003
        0.933333333333333        0.033333333333333        6.716266424201845        6.716266424201844        0.000000000000001
        0.966666666666667        0.066666666666667        3.117030095167550        3.117030095167547        0.000000000000002
        0.900000000000000        0.100000000000000        6.953190650264171        6.953190650264166        0.000000000000004
        0.933333333333333        0.133333333333333        3.476595325132086        3.476595325132082        0.000000000000005
        0.966666666666667        0.166666666666667        0.931550909778960        0.931550909778958        0.000000000000002
        0.900000000000000        0.200000000000000        0.000000000000001        0.000000000000000        0.000000000000001
        0.933333333333333        0.233333333333333       -1.799618164517148       -1.799618164517146        0.000000000000002
        0.966666666666667        0.266666666666667       -1.799618164517149       -1.799618164517147        0.000000000000002
        0.900000000000000        0.300000000000000       -6.953190650264170       -6.953190650264167        0.000000000000003
        0.933333333333333        0.333333333333333       -6.021639740485213       -6.021639740485209        0.000000000000003
        0.966666666666667        0.366666666666667       -3.476595325132088       -3.476595325132085        0.000000000000003
        0.900000000000000        0.400000000000000       -9.833296519369390       -9.833296519369387        0.000000000000003
        0.933333333333333        0.433333333333333       -6.716266424201845       -6.716266424201841        0.000000000000004
        0.966666666666667        0.466666666666667       -3.117030095167550       -3.117030095167548        0.000000000000002
        0.900000000000000        0.500000000000000       -6.953190650264172       -6.953190650264172        0.000000000000000
        0.933333333333333        0.533333333333333       -3.476595325132087       -3.476595325132087        0.000000000000001
        0.966666666666667        0.566666666666667       -0.931550909778960       -0.931550909778960        0.000000000000000
        0.900000000000000        0.600000000000000       -0.000000000000002       -0.000000000000002        0.000000000000000
        0.933333333333333        0.633333333333333        1.799618164517147        1.799618164517147        0.000000000000000
        0.966666666666667        0.666666666666667        1.799618164517149        1.799618164517148        0.000000000000001
        0.900000000000000        0.700000000000000        6.953190650264169        6.953190650264168        0.000000000000001
        0.933333333333333        0.733333333333333        6.021639740485212        6.021639740485210        0.000000000000003
        0.966666666666667        0.766666666666667        3.476595325132088        3.476595325132086        0.000000000000002
        0.900000000000000        0.800000000000000        9.833296519369390        9.833296519369389        0.000000000000001
        0.933333333333333        0.833333333333333        6.716266424201845        6.716266424201842        0.000000000000003
        0.966666666666667        0.866666666666667        3.117030095167550        3.117030095167548        0.000000000000002
        0.900000000000000        0.900000000000000        6.953190650264173        6.953190650264169        0.000000000000004
        0.933333333333333        0.933333333333333        3.476595325132088        3.476595325132084        0.000000000000004
        0.966666666666667        0.966666666666667        0.931550909778961        0.931550909778959        0.000000000000001
        0.900000000000000        1.000000000000000        0.000000000000003        0.000000000000003        0.000000000000000
        0.933333333333333        1.033333333333333       -1.799618164517146       -1.799618164517144        0.000000000000002
        0.966666666666667        1.066666666666667       -1.799618164517149       -1.799618164517146        0.000000000000002
        1.000000000000000        0.000000000000000        0.000000000000004        0.000000000000004        0.000000000000000
        1.033333333333333        0.033333333333333       -3.476595325132080       -3.476595325132079        0.000000000000001
        1.066666666666667        0.066666666666667       -6.021639740485207       -6.021639740485204        0.000000000000003
        1.000000000000000        0.100000000000000        0.000000000000003        0.000000000000003        0.000000000000000
        1.033333333333333        0.133333333333333       -1.799618164517146       -1.799618164517143        0.000000000000003
        1.066666666666667        0.166666666666667       -1.799618164517147       -1.799618164517144        0.000000000000003
        1.000000000000000        0.200000000000000        0.000000000000000        0.000000000000000        0.000000000000000
        1.033333333333333        0.233333333333333        0.931550909778957        0.931550909778956        0.000000000000001
        1.066666666666667        0.266666666666667        3.476595325132082        3.476595325132079        0.000000000000003
        1.000000000000000        0.300000000000000       -0.000000000000003       -0.000000000000003        0.000000000000000
        1.033333333333333        0.333333333333333        3.117030095167542        3.117030095167540        0.000000000000002
        1.066666666666667        0.366666666666667        6.716266424201837        6.716266424201834        0.000000000000004
        1.000000000000000        0.400000000000000       -0.000000000000004       -0.000000000000004        0.000000000000000
        1.033333333333333        0.433333333333333        3.476595325132080        3.476595325132078        0.000000000000003
        1.066666666666667        0.466666666666667        6.021639740485207        6.021639740485205        0.000000000000003
        1.000000000000000        0.500000000000000       -0.000000000000003       -0.000000000000003        0.000000000000000
        1.033333333333333        0.533333333333333        1.799618164517146        1.799618164517145        0.000000000000001
        1.066666666666667        0.566666666666667        1.799618164517148        1.799618164517147        0.000000000000000
        1.000000000000000        0.600000000000000       -0.000000000000000       -0.000000000000000        0.000000000000000
        1.033333333333333        0.633333333333333       -0.931550909778957       -0.931550909778956        0.000000000000000
        1.066666666666667        0.666666666666667       -3.476595325132081       -3.476595325132080        0.000000000000001
        1.000000000000000        0.700000000000000        0.000000000000003        0.000000000000003        0.000000000000000
        1.033333333333333        0.733333333333333       -3.117030095167542       -3.117030095167540        0.000000000000002
        1.066666666666667        0.766666666666667       -6.716266424201837       -6.716266424201834        0.000000000000003
        1.000000000000000        0.800000000000000        0.000000000000004        0.000000000000004        0.000000000000000
        1.033333333333333        0.833333333333333       -3.476595325132081       -3.476595325132078        0.000000000000002
        1.066666666666667        0.866666666666667       -6.021639740485208       -6.021639740485204        0.000000000000003
        1.000000000000000        0.900000000000000        0.000000000000003        0.000000000000003        0.000000000000000
        1.033333333333333        0.933333333333333       -1.799618164517146       -1.799618164517144        0.000000000000002
        1.066666666666667        0.966666666666667       -1.799618164517149       -1.799618164517146        0.000000000000002
        1.000000000000000        1.000000000000000        0.000000000000000        0.000000000000000        0.000000000000000
        1.033333333333333        1.033333333333333        0.931550909778956        0.931550909778955        0.000000000000001
        1.066666666666667        1.066666666666667        3.476595325132080        3.476595325132077        0.000000000000004
