        0.000000000000000        0.000000000000000       60.628763625127006       60.628763625127074        0.000000000000068
        0.033333333333333        0.033333333333333       56.567406562264454       56.567406562264502        0.000000000000048
        0.066666666666667        0.066666666666667       45.471572718845256       45.471572718845261        0.000000000000006
        0.000000000000000        0.100000000000000       42.871009894283595       42.871009894283602        0.000000000000007
        0.033333333333333        0.133333333333333       29.281444300742707       29.281444300742696        0.000000000000011
        0.066666666666667        0.166666666666667       13.589565593540891       13.589565593540877        0.000000000000014
        0.000000000000000        0.200000000000000        0.000000000000004        0.000000000000000        0.000000000000004
        0.033333333333333        0.233333333333333      -15.157190906281747      -15.157190906281747        0.000000000000000
        0.066666666666667        0.266666666666667      -26.253024749700947      -26.253024749700941        0.000000000000007
        0.000000000000000        0.300000000000000      -42.871009894283590      -42.871009894283608        0.000000000000018
        0.033333333333333        0.333333333333333      -50.716949247884499      -50.716949247884518        0.000000000000019
        0.066666666666667        0.366666666666667      -50.716949247884501      -50.716949247884503        0.000000000000002
        0.000000000000000        0.400000000000000      -60.628763625127006      -60.628763625127038        0.000000000000033
        0.033333333333333        0.433333333333333      -56.567406562264456      -56.567406562264480        0.000000000000024
        0.066666666666667        0.466666666666667      -45.471572718845259      -45.471572718845267        0.000000000000008
        0.000000000000000        0.500000000000000      -42.871009894283600      -42.871009894283635        0.000000000000035
        0.033333333333333        0.533333333333333      -29.281444300742714      -29.281444300742737        0.000000000000023
        0.066666666666667        0.566666666666667      -13.589565593540897      -13.589565593540904        0.000000000000006
        0.000000000000000        0.600000000000000       -0.000000000000011       -0.000000000000009        0.000000000000002
        0.033333333333333        0.633333333333333       15.157190906281741       15.157190906281754        0.000000000000013
        0.066666666666667        0.666666666666667       26.253024749700942       26.253024749700950        0.000000000000008
        0.000000000000000        0.700000000000000       42.871009894283584       42.871009894283613        0.000000000000028
        0.033333333333333        0.733333333333333       50.716949247884496       50.716949247884520        0.000000000000024
        0.066666666666667        0.766666666666667       50.716949247884499       50.716949247884507        0.000000000000007
        0.000000000000000        0.800000000000000       60.628763625127006       60.628763625127047        0.000000000000041
        0.033333333333333        0.833333333333333       56.567406562264458       56.567406562264487        0.000000000000030
        0.066666666666667        0.866666666666667       45.471572718845262       45.471572718845264        0.000000000000002
        0.000000000000000        0.900000000000000       42.871009894283605       42.871009894283618        0.000000000000013
        0.033333333333333        0.933333333333333       29.281444300742720       29.281444300742717        0.000000000000003
        0.066666666666667        0.966666666666667       13.589565593540904       13.589565593540894        0.000000000000009
        0.000000000000000        1.000000000000000        0.000000000000019        0.000000000000019        0.000000000000000
        0.033333333333333        1.033333333333333      -15.157190906281734      -15.157190906281729        0.000000000000005
        0.066666666666667        1.066666666666667      -26.253024749700936      -26.253024749700924        0.000000000000012
        0.100000000000000        0.000000000000000       42.871009894283595       42.871009894283602        0.000000000000007
        0.133333333333333        0.033333333333333       29.281444300742707       29.281444300742696        0.000000000000011
        0.166666666666667        0.066666666666667       13.589565593540891       13.589565593540877        0.000000000000014
        0.100000000000000        0.100000000000000       30.314381812563505       30.314381812563481        0.000000000000024
        0.133333333333333        0.133333333333333       15.157190906281754       15.157190906281729        0.000000000000024
        0.166666666666667        0.166666666666667        4.061357062862554        4.061357062862545        0.000000000000009
        0.100000000000000        0.200000000000000        0.000000000000003        0.000000000000000        0.000000000000003
        0.133333333333333        0.233333333333333       -7.845939353600907       -7.845939353600897        0.000000000000010
        0.166666666666667        0.266666666666667       -7.845939353600909       -7.845939353600898        0.000000000000011
        0.100000000000000        0.300000000000000      -30.314381812563501      -30.314381812563485        0.000000000000016
        0.133333333333333        0.333333333333333      -26.253024749700951      -26.253024749700929        0.000000000000022
        0.166666666666667        0.366666666666667      -15.157190906281754      -15.157190906281737        0.000000000000017
        0.100000000000000        0.400000000000000      -42.871009894283595      -42.871009894283577        0.000000000000018
        0.133333333333333        0.433333333333333      -29.281444300742708      -29.281444300742685        0.000000000000023
        0.166666666666667        0.466666666666667      -13.589565593540892      -13.589565593540879        0.000000000000014
        0.100000000000000        0.500000000000000      -30.314381812563509      -30.314381812563504        0.000000000000004
        0.133333333333333        0.533333333333333      -15.157190906281757      -15.157190906281750        0.000000000000006
        0.166666666666667        0.566666666666667       -4.061357062862556       -4.061357062862553        0.000000000000003
        0.100000000000000        0.600000000000000       -0.000000000000008       -0.000000000000007        0.000000000000001
        0.133333333333333        0.633333333333333        7.845939353600903        7.845939353600900        0.000000000000003
        0.166666666666667        0.666666666666667        7.845939353600907        7.845939353600900        0.000000000000007
        0.100000000000000        0.700000000000000       30.314381812563497       30.314381812563489        0.000000000000009
        0.133333333333333        0.733333333333333       26.253024749700949       26.253024749700929        0.000000000000020
        0.166666666666667        0.766666666666667       15.157190906281753       15.157190906281738        0.000000000000016
        0.100000000000000        0.800000000000000       42.871009894283595       42.871009894283583        0.000000000000012
        0.133333333333333        0.833333333333333       29.281444300742709       29.281444300742689        0.000000000000020
        0.166666666666667        0.866666666666667       13.589565593540893       13.589565593540878        0.000000000000015
        0.100000000000000        0.900000000000000       30.314381812563512       30.314381812563493        0.000000000000020
        0.133333333333333        0.933333333333333       15.157190906281760       15.157190906281740        0.000000000000020
        0.166666666666667        0.966666666666667        4.061357062862557        4.061357062862550        0.000000000000008
        0.100000000000000        1.000000000000000        0.000000000000013        0.000000000000013        0.000000000000000
        0.133333333333333        1.033333333333333       -7.845939353600900       -7.845939353600887        0.000000000000012
        0.166666666666667        1.066666666666667       -7.845939353600905       -7.845939353600893        0.000000000000013
        0.200000000000000        0.000000000000000        0.000000000000004        0.000000000000000        0.000000000000004
        0.233333333333333        0.033333333333333      -15.157190906281747      -15.157190906281747        0.000000000000000
        0.266666666666667        0.066666666666667      -26.253024749700947      -26.253024749700941        0.000000000000007
        0.200000000000000        0.100000000000000        0.000000000000003        0.000000000000000        0.000000000000003
        0.233333333333333        0.133333333333333       -7.845939353600907       -7.845939353600897        0.000000000000010
        0.266666666666667        0.166666666666667       -7.845939353600909       -7.845939353600898        0.000000000000011
        0.200000000000000        0.200000000000000        0.000000000000000       -0.000000000000000        0.000000000000000
        0.233333333333333        0.233333333333333        4.061357062862550        4.061357062862546        0.000000000000004
        0.266666666666667        0.266666666666667       15.157190906281747       15.157190906281738        0.000000000000010
        0.200000000000000        0.300000000000000       -0.000000000000003       -0.000000000000000        0.000000000000003
        0.233333333333333        0.333333333333333       13.589565593540884       13.589565593540877        0.000000000000007
        0.266666666666667        0.366666666666667       29.281444300742700       29.281444300742690        0.000000000000010
        0.200000000000000        0.400000000000000       -0.000000000000004       -0.000000000000000        0.000000000000004
        0.233333333333333        0.433333333333333       15.157190906281748       15.157190906281741        0.000000000000007
        0.266666666666667        0.466666666666667       26.253024749700949       26.253024749700944        0.000000000000006
        0.200000000000000        0.500000000000000       -0.000000000000003       -0.000000000000000        0.000000000000003
        0.233333333333333        0.533333333333333        7.845939353600908        7.845939353600908        0.000000000000001
        0.266666666666667        0.566666666666667        7.845939353600912        7.845939353600913        0.000000000000001
        0.200000000000000        0.600000000000000       -0.000000000000000       -0.000000000000000        0.000000000000000
        0.233333333333333        0.633333333333333       -4.061357062862548       -4.061357062862548        0.000000000000000
        0.266666666666667        0.666666666666667      -15.157190906281744      -15.157190906281743        0.000000000000001
        0.200000000000000        0.700000000000000        0.000000000000003        0.000000000000000        0.000000000000003
        0.233333333333333        0.733333333333333      -13.589565593540883      -13.589565593540878        0.000000000000006
        0.266666666666667        0.766666666666667      -29.281444300742699      -29.281444300742692        0.000000000000007
        0.200000000000000        0.800000000000000        0.000000000000004        0.000000000000000        0.000000000000004
        0.233333333333333        0.833333333333333      -15.157190906281748      -15.157190906281743        0.000000000000005
        0.266666666666667        0.866666666666667      -26.253024749700951      -26.253024749700942        0.000000000000009
        0.200000000000000        0.900000000000000        0.000000000000003        0.000000000000000        0.000000000000003
        0.233333333333333        0.933333333333333       -7.845939353600910       -7.845939353600902        0.000000000000008
        0.266666666666667        0.966666666666667       -7.845939353600916       -7.845939353600908        0.000000000000008
        0.200000000000000        1.000000000000000        0.000000000000000        0.000000000000000        0.000000000000000
        0.233333333333333        1.033333333333333        4.061357062862546        4.061357062862541        0.000000000000005
        0.266666666666667        1.066666666666667       15.157190906281741       15.157190906281728        0.000000000000013
        0.300000000000000        0.000000000000000      -42.871009894283590      -42.871009894283608        0.000000000000018
        0.333333333333333        0.033333333333333      -50.716949247884499      -50.716949247884518        0.000000000000019
        0.366666666666667        0.066666666666667      -50.716949247884501      -50.716949247884503        0.000000000000002
        0.300000000000000        0.100000000000000      -30.314381812563501      -30.314381812563485        0.000000000000016
        0.333333333333333        0.133333333333333      -26.253024749700951      -26.253024749700929        0.000000000000022
        0.366666666666667        0.166666666666667      -15.157190906281754      -15.157190906281737        0.000000000000017
        0.300000000000000        0.200000000000000       -0.000000000000003       -0.000000000000000        0.000000000000003
        0.333333333333333        0.233333333333333       13.589565593540884       13.589565593540877        0.000000000000007
        0.366666666666667        0.266666666666667       29.281444300742700       29.281444300742690        0.000000000000010
        0.300000000000000        0.300000000000000       30.314381812563497       30.314381812563489        0.000000000000009
        0.333333333333333        0.333333333333333       45.471572718845249       45.471572718845245        0.000000000000004
        0.366666666666667        0.366666666666667       56.567406562264450       56.567406562264448        0.000000000000002
        0.300000000000000        0.400000000000000       42.871009894283590       42.871009894283583        0.000000000000007
        0.333333333333333        0.433333333333333       50.716949247884501       50.716949247884499        0.000000000000002
        0.366666666666667        0.466666666666667       50.716949247884505       50.716949247884509        0.000000000000004
        0.300000000000000        0.500000000000000       30.314381812563505       30.314381812563508        0.000000000000003
        0.333333333333333        0.533333333333333       26.253024749700957       26.253024749700965        0.000000000000009
        0.366666666666667        0.566666666666667       15.157190906281761       15.157190906281766        0.000000000000006
        0.300000000000000        0.600000000000000        0.000000000000008        0.000000000000007        0.000000000000001
        0.333333333333333        0.633333333333333      -13.589565593540878      -13.589565593540883        0.000000000000005
        0.366666666666667        0.666666666666667      -29.281444300742694      -29.281444300742700        0.000000000000006
        0.300000000000000        0.700000000000000      -30.314381812563494      -30.314381812563492        0.000000000000001
        0.333333333333333        0.733333333333333      -45.471572718845246      -45.471572718845246        0.000000000000000
        0.366666666666667        0.766666666666667      -56.567406562264448      -56.567406562264452        0.000000000000003
        0.300000000000000        0.800000000000000      -42.871009894283590      -42.871009894283589        0.000000000000001
        0.333333333333333        0.833333333333333      -50.716949247884502      -50.716949247884505        0.000000000000003
        0.366666666666667        0.866666666666667      -50.716949247884508      -50.716949247884506        0.000000000000002
        0.300000000000000        0.900000000000000      -30.314381812563509      -30.314381812563496        0.000000000000012
        0.333333333333333        0.933333333333333      -26.253024749700962      -26.253024749700947        0.000000000000015
        0.366666666666667        0.966666666666667      -15.157190906281768      -15.157190906281756        0.000000000000012
        0.300000000000000        1.000000000000000       -0.000000000000013       -0.000000000000013        0.000000000000000
        0.333333333333333        1.033333333333333       13.589565593540872       13.589565593540861        0.000000000000011
        0.366666666666667        1.066666666666667       29.281444300742688       29.281444300742672        0.000000000000016
        0.400000000000000        0.000000000000000      -60.628763625127006      -60.628763625127038        0.000000000000033
        0.433333333333333        0.033333333333333      -56.567406562264456      -56.567406562264480        0.000000000000024
        0.466666666666667        0.066666666666667      -45.471572718845259      -45.471572718845267        0.000000000000008
        0.400000000000000        0.100000000000000      -42.871009894283595      -42.871009894283577        0.000000000000018
        0.433333333333333        0.133333333333333      -29.281444300742708      -29.281444300742685        0.000000000000023
        0.466666666666667        0.166666666666667      -13.589565593540892      -13.589565593540879        0.000000000000014
        0.400000000000000        0.200000000000000       -0.000000000000004       -0.000000000000000        0.000000000000004
        0.433333333333333        0.233333333333333       15.157190906281748       15.157190906281741        0.000000000000007
        0.466666666666667        0.266666666666667       26.253024749700949       26.253024749700944        0.000000000000006
        0.400000000000000        0.300000000000000       42.871009894283590       42.871009894283583        0.000000000000007
        0.433333333333333        0.333333333333333       50.716949247884501       50.716949247884499        0.000000000000002
        0.466666666666667        0.366666666666667       50.716949247884505       50.716949247884509        0.000000000000004
        0.400000000000000        0.400000000000000       60.628763625127006       60.628763625127003        0.000000000000003
        0.433333333333333        0.433333333333333       56.567406562264458       56.567406562264459        0.000000000000001
        0.466666666666667        0.466666666666667       45.471572718845262       45.471572718845272        0.000000000000010
        0.400000000000000        0.500000000000000       42.871009894283600       42.871009894283610        0.000000000000010
        0.433333333333333        0.533333333333333       29.281444300742715       29.281444300742726        0.000000000000011
        0.466666666666667        0.566666666666667       13.589565593540898       13.589565593540905        0.000000000000007
        0.400000000000000        0.600000000000000        0.000000000000011        0.000000000000009        0.000000000000002
        0.433333333333333        0.633333333333333      -15.157190906281741      -15.157190906281748        0.000000000000007
        0.466666666666667        0.666666666666667      -26.253024749700944      -26.253024749700953        0.000000000000009
        0.400000000000000        0.700000000000000      -42.871009894283584      -42.871009894283588        0.000000000000003
        0.433333333333333        0.733333333333333      -50.716949247884497      -50.716949247884500        0.000000000000003
        0.466666666666667        0.766666666666667      -50.716949247884503      -50.716949247884512        0.000000000000009
        0.400000000000000        0.800000000000000      -60.628763625127006      -60.628763625127012        0.000000000000006
        0.433333333333333        0.833333333333333      -56.567406562264460      -56.567406562264466        0.000000000000006
        0.466666666666667        0.866666666666667      -45.471572718845265      -45.471572718845269        0.000000000000004
        0.400000000000000        0.900000000000000      -42.871009894283605      -42.871009894283593        0.000000000000012
        0.433333333333333        0.933333333333333      -29.281444300742721      -29.281444300742705        0.000000000000015
        0.466666666666667        0.966666666666667      -13.589565593540905      -13.589565593540896        0.000000000000009
        0.400000000000000        1.000000000000000       -0.000000000000019       -0.000000000000019        0.000000000000000
        0.433333333333333        1.033333333333333       15.157190906281734       15.157190906281723        0.000000000000011
        0.466666666666667        1.066666666666667       26.253024749700938       26.253024749700927        0.000000000000011
        0.500000000000000        0.000000000000000      -42.871009894283600      -42.871009894283635        0.000000000000035
        0.533333333333333        0.033333333333333      -29.281444300742714      -29.281444300742737        0.000000000000023
        0.566666666666667        0.066666666666667      -13.589565593540897      -13.589565593540904        0.000000000000006
        0.500000000000000        0.100000000000000      -30.314381812563509      -30.314381812563504        0.000000000000004
        0.533333333333333        0.133333333333333      -15.157190906281757      -15.157190906281750        0.000000000000006
        0.566666666666667        0.166666666666667       -4.061357062862556       -4.061357062862553        0.000000000000003
        0.500000000000000        0.200000000000000       -0.000000000000003       -0.000000000000000        0.000000000000003
        0.533333333333333        0.233333333333333        7.845939353600908        7.845939353600908        0.000000000000001
        0.566666666666667        0.266666666666667        7.845939353600912        7.845939353600913        0.000000000000001
        0.500000000000000        0.300000000000000       30.314381812563505       30.314381812563508        0.000000000000003
        0.533333333333333        0.333333333333333       26.253024749700957       26.253024749700965        0.000000000000009
        0.566666666666667        0.366666666666667       15.157190906281761       15.157190906281766        0.000000000000006
        0.500000000000000        0.400000000000000       42.871009894283600       42.871009894283610        0.000000000000010
        0.533333333333333        0.433333333333333       29.281444300742715       29.281444300742726        0.000000000000011
        0.566666666666667        0.466666666666667       13.589565593540898       13.589565593540905        0.000000000000007
        0.500000000000000        0.500000000000000       30.314381812563512       30.314381812563527        0.000000000000015
        0.533333333333333        0.533333333333333       15.157190906281760       15.157190906281771        0.000000000000011
        0.566666666666667        0.566666666666667        4.061357062862557        4.061357062862561        0.000000000000003
        0.500000000000000        0.600000000000000        0.000000000000008        0.000000000000007        0.000000000000001
        0.533333333333333        0.633333333333333       -7.845939353600905       -7.845939353600911        0.000000000000006
        0.566666666666667        0.666666666666667       -7.845939353600911       -7.845939353600916        0.000000000000005
        0.500000000000000        0.700000000000000      -30.314381812563501      -30.314381812563512        0.000000000000010
        0.533333333333333        0.733333333333333      -26.253024749700955      -26.253024749700966        0.000000000000011
        0.566666666666667        0.766666666666667      -15.157190906281760      -15.157190906281767        0.000000000000007
        0.500000000000000        0.800000000000000      -42.871009894283600      -42.871009894283616        0.000000000000016
        0.533333333333333        0.833333333333333      -29.281444300742715      -29.281444300742729        0.000000000000014
        0.566666666666667        0.866666666666667      -13.589565593540899      -13.589565593540904        0.000000000000005
        0.500000000000000        0.900000000000000      -30.314381812563516      -30.314381812563516        0.000000000000000
        0.533333333333333        0.933333333333333      -15.157190906281763      -15.157190906281761        0.000000000000002
        0.566666666666667        0.966666666666667       -4.061357062862559       -4.061357062862558        0.000000000000001
        0.500000000000000        1.000000000000000       -0.000000000000013       -0.000000000000013        0.000000000000000
        0.533333333333333        1.033333333333333        7.845939353600901        7.845939353600898        0.000000000000003
        0.566666666666667        1.066666666666667        7.845939353600909        7.845939353600908        0.000000000000001
        0.600000000000000        0.000000000000000       -0.000000000000011       -0.000000000000009        0.000000000000002
        0.633333333333333        0.033333333333333       15.157190906281741       15.157190906281754        0.000000000000013
        0.666666666666667        0.066666666666667       26.253024749700942       26.253024749700950        0.000000000000008
        0.600000000000000        0.100000000000000       -0.000000000000008       -0.000000000000007        0.000000000000001
        0.633333333333333        0.133333333333333        7.845939353600903        7.845939353600900        0.000000000000003
        0.666666666666667        0.166666666666667        7.845939353600907        7.845939353600900        0.000000000000007
        0.600000000000000        0.200000000000000       -0.000000000000000       -0.000000000000000        0.000000000000000
        0.633333333333333        0.233333333333333       -4.061357062862548       -4.061357062862548        0.000000000000000
        0.666666666666667        0.266666666666667      -15.157190906281744      -15.157190906281743        0.000000000000001
        0.600000000000000        0.300000000000000        0.000000000000008        0.000000000000007        0.000000000000001
        0.633333333333333        0.333333333333333      -13.589565593540878      -13.589565593540883        0.000000000000005
        0.666666666666667        0.366666666666667      -29.281444300742694      -29.281444300742700        0.000000000000006
        0.600000000000000        0.400000000000000        0.000000000000011        0.000000000000009        0.000000000000002
        0.633333333333333        0.433333333333333      -15.157190906281741      -15.157190906281748        0.000000000000007
        0.666666666666667        0.466666666666667      -26.253024749700944      -26.253024749700953        0.000000000000009
        0.600000000000000        0.500000000000000        0.000000000000008        0.000000000000007        0.000000000000001
        0.633333333333333        0.533333333333333       -7.845939353600905       -7.845939353600911        0.000000000000006
        0.666666666666667        0.566666666666667       -7.845939353600911       -7.845939353600916        0.000000000000005
        0.600000000000000        0.600000000000000        0.000000000000000        0.000000000000000        0.000000000000000
        0.633333333333333        0.633333333333333        4.061357062862546        4.061357062862550        0.000000000000004
        0.666666666666667        0.666666666666667       15.157190906281741       15.157190906281748        0.000000000000007
        0.600000000000000        0.700000000000000       -0.000000000000008       -0.000000000000007        0.000000000000001
        0.633333333333333        0.733333333333333       13.589565593540877       13.589565593540884        0.000000000000007
        0.666666666666667        0.766666666666667       29.281444300742693       29.281444300742702        0.000000000000009
        0.600000000000000        0.800000000000000       -0.000000000000011       -0.000000000000009        0.000000000000002
        0.633333333333333        0.833333333333333       15.157190906281742       15.157190906281750        0.000000000000008
        0.666666666666667        0.866666666666667       26.253024749700946       26.253024749700951        0.000000000000006
        0.600000000000000        0.900000000000000       -0.000000000000008       -0.000000000000007        0.000000000000001
        0.633333333333333        0.933333333333333        7.845939353600907        7.845939353600906        0.000000000000001
        0.666666666666667        0.966666666666667        7.845939353600914        7.845939353600910        0.000000000000004
        0.600000000000000        1.000000000000000       -0.000000000000000       -0.000000000000000        0.000000000000000
        0.633333333333333        1.033333333333333       -4.061357062862544       -4.061357062862543        0.000000000000001
        0.666666666666667        1.066666666666667      -15.157190906281738      -15.157190906281733        0.000000000000005
        0.700000000000000        0.000000000000000       42.871009894283584       42.871009894283613        0.000000000000028
        0.733333333333333        0.033333333333333       50.716949247884496       50.716949247884520        0.000000000000024
        0.766666666666667        0.066666666666667       50.716949247884499       50.716949247884507        0.000000000000007
        0.700000000000000        0.100000000000000       30.314381812563497       30.314381812563489        0.000000000000009
        0.733333333333333        0.133333333333333       26.253024749700949       26.253024749700929        0.000000000000020
        0.766666666666667        0.166666666666667       15.157190906281753       15.157190906281738        0.000000000000016
        0.700000000000000        0.200000000000000        0.000000000000003        0.000000000000000        0.000000000000003
        0.733333333333333        0.233333333333333      -13.589565593540883      -13.589565593540878        0.000000000000006
        0.766666666666667        0.266666666666667      -29.281444300742699      -29.281444300742692        0.000000000000007
        0.700000000000000        0.300000000000000      -30.314381812563494      -30.314381812563492        0.000000000000001
        0.733333333333333        0.333333333333333      -45.471572718845246      -45.471572718845246        0.000000000000000
        0.766666666666667        0.366666666666667      -56.567406562264448      -56.567406562264452        0.000000000000003
        0.700000000000000        0.400000000000000      -42.871009894283584      -42.871009894283588        0.000000000000003
        0.733333333333333        0.433333333333333      -50.716949247884497      -50.716949247884500        0.000000000000003
        0.766666666666667        0.466666666666667      -50.716949247884503      -50.716949247884512        0.000000000000009
        0.700000000000000        0.500000000000000      -30.314381812563501      -30.314381812563512        0.000000000000010
        0.733333333333333        0.533333333333333      -26.253024749700955      -26.253024749700966        0.000000000000011
        0.766666666666667        0.566666666666667      -15.157190906281760      -15.157190906281767        0.000000000000007
        0.700000000000000        0.600000000000000       -0.000000000000008       -0.000000000000007        0.000000000000001
        0.733333333333333        0.633333333333333       13.589565593540877       13.589565593540884        0.000000000000007
        0.766666666666667        0.666666666666667       29.281444300742693       29.281444300742702        0.000000000000009
        0.700000000000000        0.700000000000000       30.314381812563490       30.314381812563496        0.000000000000006
        0.733333333333333        0.733333333333333       45.471572718845243       45.471572718845247        0.000000000000004
        0.766666666666667        0.766666666666667       56.567406562264447       56.567406562264455        0.000000000000009
        0.700000000000000        0.800000000000000       42.871009894283584       42.871009894283594        0.000000000000009
        0.733333333333333        0.833333333333333       50.716949247884499       50.716949247884507        0.000000000000008
        0.766666666666667        0.866666666666667       50.716949247884507       50.716949247884509        0.000000000000003
        0.700000000000000        0.900000000000000       30.314381812563505       30.314381812563500        0.000000000000005
        0.733333333333333        0.933333333333333       26.253024749700960       26.253024749700948        0.000000000000013
        0.766666666666667        0.966666666666667       15.157190906281767       15.157190906281757        0.000000000000010
        0.700000000000000        1.000000000000000        0.000000000000013        0.000000000000013        0.000000000000000
        0.733333333333333        1.033333333333333      -13.589565593540871      -13.589565593540861        0.000000000000010
        0.766666666666667        1.066666666666667      -29.281444300742687      -29.281444300742673        0.000000000000013
        0.800000000000000        0.000000000000000       60.628763625127006       60.628763625127047        0.000000000000041
        0.833333333333333        0.033333333333333       56.567406562264458       56.567406562264487        0.000000000000030
        0.866666666666667        0.066666666666667       45.471572718845262       45.471572718845264        0.000000000000002
        0.800000000000000        0.100000000000000       42.871009894283595       42.871009894283583        0.000000000000012
        0.833333333333333        0.133333333333333       29.281444300742709       29.281444300742689        0.000000000000020
        0.866666666666667        0.166666666666667       13.589565593540893       13.589565593540878        0.000000000000015
        0.800000000000000        0.200000000000000        0.000000000000004        0.000000000000000        0.000000000000004
        0.833333333333333        0.233333333333333      -15.157190906281748      -15.157190906281743        0.000000000000005
        0.866666666666667        0.266666666666667      -26.253024749700951      -26.253024749700942        0.000000000000009
        0.800000000000000        0.300000000000000      -42.871009894283590      -42.871009894283589        0.000000000000001
        0.833333333333333        0.333333333333333      -50.716949247884502      -50.716949247884505        0.000000000000003
        0.866666666666667        0.366666666666667      -50.716949247884508      -50.716949247884506        0.000000000000002
        0.800000000000000        0.400000000000000      -60.628763625127006      -60.628763625127012        0.000000000000006
        0.833333333333333        0.433333333333333      -56.567406562264460      -56.567406562264466        0.000000000000006
        0.866666666666667        0.466666666666667      -45.471572718845265      -45.471572718845269        0.000000000000004
        0.800000000000000        0.500000000000000      -42.871009894283600      -42.871009894283616        0.000000000000016
        0.833333333333333        0.533333333333333      -29.281444300742715      -29.281444300742729        0.000000000000014
        0.866666666666667        0.566666666666667      -13.589565593540899      -13.589565593540904        0.000000000000005
        0.800000000000000        0.600000000000000       -0.000000000000011       -0.000000000000009        0.000000000000002
        0.833333333333333        0.633333333333333       15.157190906281742       15.157190906281750        0.000000000000008
        0.866666666666667        0.666666666666667       26.253024749700946       26.253024749700951        0.000000000000006
        0.800000000000000        0.700000000000000       42.871009894283584       42.871009894283594        0.000000000000009
        0.833333333333333        0.733333333333333       50.716949247884499       50.716949247884507        0.000000000000008
        0.866666666666667        0.766666666666667       50.716949247884507       50.716949247884509        0.000000000000003
        0.800000000000000        0.800000000000000       60.628763625127006       60.628763625127020        0.000000000000014
        0.833333333333333        0.833333333333333       56.567406562264461       56.567406562264473        0.000000000000012
        0.866666666666667        0.866666666666667       45.471572718845268       45.471572718845266        0.000000000000002
        0.800000000000000        0.900000000000000       42.871009894283605       42.871009894283600        0.000000000000006
        0.833333333333333        0.933333333333333       29.281444300742722       29.281444300742709        0.000000000000013
        0.866666666666667        0.966666666666667       13.589565593540906       13.589565593540895        0.000000000000011
        0.800000000000000        1.000000000000000        0.000000000000019        0.000000000000019        0.000000000000000
        0.833333333333333        1.033333333333333      -15.157190906281735      -15.157190906281725        0.000000000000010
        0.866666666666667        1.066666666666667      -26.253024749700940      -26.253024749700925        0.000000000000015
        0.900000000000000        0.000000000000000       42.871009894283605       42.871009894283618        0.000000000000013
        0.933333333333333        0.033333333333333       29.281444300742720       29.281444300742717        0.000000000000003
        0.966666666666667        0.066666666666667       13.589565593540904       13.589565593540894        0.000000000000009
        0.900000000000000        0.100000000000000       30.314381812563512       30.314381812563493        0.000000000000020
        0.933333333333333        0.133333333333333       15.157190906281760       15.157190906281740        0.000000000000020
        0.966666666666667        0.166666666666667        4.061357062862557        4.061357062862550        0.000000000000008
        0.900000000000000        0.200000000000000        0.000000000000003        0.000000000000000        0.000000000000003
        0.933333333333333        0.233333333333333       -7.845939353600910       -7.845939353600902        0.000000000000008
        0.966666666666667        0.266666666666667       -7.845939353600916       -7.845939353600908        0.000000000000008
        0.900000000000000        0.300000000000000      -30.314381812563509      -30.314381812563496        0.000000000000012
        0.933333333333333        0.333333333333333      -26.253024749700962      -26.253024749700947        0.000000000000015
        0.966666666666667        0.366666666666667      -15.157190906281768      -15.157190906281756        0.000000000000012
        0.900000000000000        0.400000000000000      -42.871009894283605      -42.871009894283593        0.000000000000012
        0.933333333333333        0.433333333333333      -29.281444300742721      -29.281444300742705        0.000000000000015
        0.966666666666667        0.466666666666667      -13.589565593540905      -13.589565593540896        0.000000000000009
        0.900000000000000        0.500000000000000      -30.314381812563516      -30.314381812563516        0.000000000000000
        0.933333333333333        0.533333333333333      -15.157190906281763      -15.157190906281761        0.000000000000002
        0.966666666666667        0.566666666666667       -4.061357062862559       -4.061357062862558        0.000000000000001
        0.900000000000000        0.600000000000000       -0.000000000000008       -0.000000000000007        0.000000000000001
        0.933333333333333        0.633333333333333        7.845939353600907        7.845939353600906        0.000000000000001
        0.966666666666667        0.666666666666667        7.845939353600914        7.845939353600910        0.000000000000004
        0.900000000000000        0.700000000000000       30.314381812563505       30.314381812563500        0.000000000000005
        0.933333333333333        0.733333333333333       26.253024749700960       26.253024749700948        0.000000000000013
        0.966666666666667        0.766666666666667       15.157190906281767       15.157190906281757        0.000000000000010
        0.900000000000000        0.800000000000000       42.871009894283605       42.871009894283600        0.000000000000006
        0.933333333333333        0.833333333333333       29.281444300742722       29.281444300742709        0.000000000000013
        0.966666666666667        0.866666666666667       13.589565593540906       13.589565593540895        0.000000000000011
        0.900000000000000        0.900000000000000       30.314381812563520       30.314381812563504        0.000000000000016
        0.933333333333333        0.933333333333333       15.157190906281766       15.157190906281750        0.000000000000016
        0.966666666666667        0.966666666666667        4.061357062862561        4.061357062862555        0.000000000000006
        0.900000000000000        1.000000000000000        0.000000000000013        0.000000000000013        0.000000000000000
        0.933333333333333        1.033333333333333       -7.845939353600903       -7.845939353600893        0.000000000000010
        0.966666666666667        1.066666666666667       -7.845939353600913       -7.845939353600903        0.000000000000010
        1.000000000000000        0.000000000000000        0.000000000000019        0.000000000000019        0.000000000000000
        1.033333333333333        0.033333333333333      -15.157190906281734      -15.157190906281729        0.000000000000005
        1.066666666666667        0.066666666666667      -26.253024749700936      -26.253024749700924        0.000000000000012
        1.000000000000000        0.100000000000000        0.000000000000013        0.000000000000013        0.000000000000000
        1.033333333333333        0.133333333333333       -7.845939353600900       -7.845939353600887        0.000000000000012
        1.066666666666667        0.166666666666667       -7.845939353600905       -7.845939353600893        0.000000000000013
        1.000000000000000        0.200000000000000        0.000000000000000        0.000000000000000        0.000000000000000
        1.033333333333333        0.233333333333333        4.061357062862546        4.061357062862541        0.000000000000005
        1.066666666666667        0.266666666666667       15.157190906281741       15.157190906281728        0.000000000000013
        1.000000000000000        0.300000000000000       -0.000000000000013       -0.000000000000013        0.000000000000000
        1.033333333333333        0.333333333333333       13.589565593540872       13.589565593540861        0.000000000000011
        1.066666666666667        0.366666666666667       29.281444300742688       29.281444300742672        0.000000000000016
        1.000000000000000        0.400000000000000       -0.000000000000019       -0.000000000000019        0.000000000000000
        1.033333333333333        0.433333333333333       15.157190906281734       15.157190906281723        0.000000000000011
        1.066666666666667        0.466666666666667       26.253024749700938       26.253024749700927        0.000000000000011
        1.000000000000000        0.500000000000000       -0.000000000000013       -0.000000000000013        0.000000000000000
        1.033333333333333        0.533333333333333        7.845939353600901        7.845939353600898        0.000000000000003
        1.066666666666667        0.566666666666667        7.845939353600909        7.845939353600908        0.000000000000001
        1.000000000000000        0.600000000000000       -0.000000000000000       -0.000000000000000        0.000000000000000
        1.033333333333333        0.633333333333333       -4.061357062862544       -4.061357062862543        0.000000000000001
        1.066666666666667        0.666666666666667      -15.157190906281738      -15.157190906281733        0.000000000000004
        1.000000000000000        0.700000000000000        0.000000000000013        0.000000000000013        0.000000000000000
        1.033333333333333        0.733333333333333      -13.589565593540871      -13.589565593540861        0.000000000000010
        1.066666666666667        0.766666666666667      -29.281444300742687      -29.281444300742673        0.000000000000013
        1.000000000000000        0.800000000000000        0.000000000000019        0.000000000000019        0.000000000000000
        1.033333333333333        0.833333333333333      -15.157190906281735      -15.157190906281725        0.000000000000010
        1.066666666666667        0.866666666666667      -26.253024749700940      -26.253024749700925        0.000000000000015
        1.000000000000000        0.900000000000000        0.000000000000013        0.000000000000013        0.000000000000000
        1.033333333333333        0.933333333333333       -7.845939353600903       -7.845939353600893        0.000000000000010
        1.066666666666667        0.966666666666667       -7.845939353600913       -7.845939353600903        0.000000000000010
        1.000000000000000        1.000000000000000        0.000000000000000        0.000000000000000        0.000000000000000
        1.033333333333333        1.033333333333333        4.061357062862543        4.061357062862536        0.000000000000006
        1.066666666666667        1.066666666666667       15.157190906281734       15.157190906281718        0.000000000000016
