        0.000000000000000        0.000000000000000       13.318689866487335       13.318689866487350        0.000000000000015
        0.033333333333333        0.033333333333333       12.426506817995871       12.426506817995881        0.000000000000011
        0.066666666666667        0.066666666666667        9.989017399865502        9.989017399865503        0.000000000000001
        0.000000000000000        0.100000000000000        9.417735921113748        9.417735921113750        0.000000000000002
        0.033333333333333        0.133333333333333        6.432433257187310        6.432433257187308        0.000000000000002
        0.066666666666667        0.166666666666667        2.985302663926439        2.985302663926436        0.000000000000003
        0.000000000000000        0.200000000000000        0.000000000000001        0.000000000000000        0.000000000000001
        0.033333333333333        0.233333333333333       -3.329672466621833       -3.329672466621833        0.000000000000000
        0.066666666666667        0.266666666666667       -5.767161884752202       -5.767161884752201        0.000000000000001
        0.000000000000000        0.300000000000000       -9.417735921113747       -9.417735921113751        0.000000000000004
        0.033333333333333        0.333333333333333      -11.141301217744183      -11.141301217744188        0.000000000000004
        0.066666666666667        0.366666666666667      -11.141301217744184      -11.141301217744184        0.000000000000001
        0.000000000000000        0.400000000000000      -13.318689866487335      -13.318689866487342        0.000000000000007
        0.033333333333333        0.433333333333333      -12.426506817995871      -12.426506817995876        0.000000000000005
        0.066666666666667        0.466666666666667       -9.989017399865502       -9.989017399865504        0.000000000000002
        0.000000000000000        0.500000000000000       -9.417735921113749       -9.417735921113757        0.000000000000008
        0.033333333333333        0.533333333333333       -6.432433257187312       -6.432433257187317        0.000000000000005
        0.066666666666667        0.566666666666667       -2.985302663926440       -2.985302663926441        0.000000000000001
        0.000000000000000        0.600000000000000       -0.000000000000002       -0.000000000000002        0.000000000000000
        0.033333333333333        0.633333333333333        3.329672466621831        3.329672466621834        0.000000000000003
        0.066666666666667        0.666666666666667        5.767161884752201        5.767161884752203        0.000000000000002
        0.000000000000000        0.700000000000000        9.417735921113746        9.417735921113752        0.000000000000006
        0.033333333333333        0.733333333333333       11.141301217744182       11.141301217744188        0.000000000000005
        0.066666666666667        0.766666666666667       11.141301217744183       11.141301217744185        0.000000000000002
        0.000000000000000        0.800000000000000       13.318689866487335       13.318689866487344        0.000000000000009
        0.033333333333333        0.833333333333333       12.426506817995871       12.426506817995878        0.000000000000007
        0.066666666666667        0.866666666666667        9.989017399865503        9.989017399865503        0.000000000000000
        0.000000000000000        0.900000000000000        9.417735921113751        9.417735921113753        0.000000000000003
        0.033333333333333        0.933333333333333        6.432433257187313        6.432433257187312        0.000000000000001
        0.066666666666667        0.966666666666667        2.985302663926441        2.985302663926439        0.000000000000002
        0.000000000000000        1.000000000000000        0.000000000000004        0.000000000000004        0.000000000000000
        0.033333333333333        1.033333333333333       -3.329672466621830       -3.329672466621829        0.000000000000001
        0.066666666666667        1.066666666666667       -5.767161884752200       -5.767161884752197        0.000000000000003
        0.100000000000000        0.000000000000000        9.417735921113748        9.417735921113750        0.000000000000002
        0.133333333333333        0.033333333333333        6.432433257187310        6.432433257187308        0.000000000000002
        0.166666666666667        0.066666666666667        2.985302663926439        2.985302663926436        0.000000000000003
        0.100000000000000        0.100000000000000        6.659344933243668        6.659344933243663        0.000000000000005
        0.133333333333333        0.133333333333333        3.329672466621834        3.329672466621829        0.000000000000005
        0.166666666666667        0.166666666666667        0.892183048491465        0.892183048491463        0.000000000000002
        0.100000000000000        0.200000000000000        0.000000000000001        0.000000000000000        0.000000000000001
        0.133333333333333        0.233333333333333       -1.723565296630436       -1.723565296630433        0.000000000000002
        0.166666666666667        0.266666666666667       -1.723565296630436       -1.723565296630434        0.000000000000002
        0.100000000000000        0.300000000000000       -6.659344933243667       -6.659344933243664        0.000000000000004
        0.133333333333333        0.333333333333333       -5.767161884752203       -5.767161884752198        0.000000000000005
        0.166666666666667        0.366666666666667       -3.329672466621834       -3.329672466621831        0.000000000000004
        0.100000000000000        0.400000000000000       -9.417735921113748       -9.417735921113744        0.000000000000004
        0.133333333333333        0.433333333333333       -6.432433257187311       -6.432433257187305        0.000000000000005
        0.166666666666667        0.466666666666667       -2.985302663926439       -2.985302663926436        0.000000000000003
        0.100000000000000        0.500000000000000       -6.659344933243669       -6.659344933243668        0.000000000000001
        0.133333333333333        0.533333333333333       -3.329672466621835       -3.329672466621834        0.000000000000001
        0.166666666666667        0.566666666666667       -0.892183048491465       -0.892183048491465        0.000000000000001
        0.100000000000000        0.600000000000000       -0.000000000000002       -0.000000000000001        0.000000000000000
        0.133333333333333        0.633333333333333        1.723565296630435        1.723565296630434        0.000000000000001
        0.166666666666667        0.666666666666667        1.723565296630436        1.723565296630434        0.000000000000002
        0.100000000000000        0.700000000000000        6.659344933243666        6.659344933243664        0.000000000000002
        0.133333333333333        0.733333333333333        5.767161884752203        5.767161884752198        0.000000000000004
        0.166666666666667        0.766666666666667        3.329672466621834        3.329672466621831        0.000000000000003
        0.100000000000000        0.800000000000000        9.417735921113748        9.417735921113746        0.000000000000003
        0.133333333333333        0.833333333333333        6.432433257187311        6.432433257187306        0.000000000000004
        0.166666666666667        0.866666666666667        2.985302663926439        2.985302663926436        0.000000000000003
        0.100000000000000        0.900000000000000        6.659344933243670        6.659344933243665        0.000000000000004
        0.133333333333333        0.933333333333333        3.329672466621836        3.329672466621831        0.000000000000004
        0.166666666666667        0.966666666666667        0.892183048491466        0.892183048491464        0.000000000000002
        0.100000000000000        1.000000000000000        0.000000000000003        0.000000000000003        0.000000000000000
        0.133333333333333        1.033333333333333       -1.723565296630434       -1.723565296630431        0.000000000000003
        0.166666666666667        1.066666666666667       -1.723565296630435       -1.723565296630432        0.000000000000003
        0.200000000000000        0.000000000000000        0.000000000000001        0.000000000000000        0.000000000000001
        0.233333333333333        0.033333333333333       -3.329672466621833       -3.329672466621833        0.000000000000000
        0.266666666666667        0.066666666666667       -5.767161884752202       -5.767161884752201        0.000000000000001
        0.200000000000000        0.100000000000000        0.000000000000001        0.000000000000000        0.000000000000001
        0.233333333333333        0.133333333333333       -1.723565296630436       -1.723565296630433        0.000000000000002
        0.266666666666667        0.166666666666667       -1.723565296630436       -1.723565296630434        0.000000000000002
        0.200000000000000        0.200000000000000        0.000000000000000        0.000000000000000        0.000000000000000
        0.233333333333333        0.233333333333333        0.892183048491464        0.892183048491463        0.000000000000001
        0.266666666666667        0.266666666666667        3.329672466621833        3.329672466621831        0.000000000000002
        0.200000000000000        0.300000000000000       -0.000000000000001       -0.000000000000000        0.000000000000001
        0.233333333333333        0.333333333333333        2.985302663926437        2.985302663926436        0.000000000000001
        0.266666666666667        0.366666666666667        6.432433257187309        6.432433257187307        0.000000000000002
        0.200000000000000        0.400000000000000       -0.000000000000001       -0.000000000000000        0.000000000000001
        0.233333333333333        0.433333333333333        3.329672466621833        3.329672466621832        0.000000000000001
        0.266666666666667        0.466666666666667        5.767161884752203        5.767161884752201        0.000000000000001
        0.200000000000000        0.500000000000000       -0.000000000000001       -0.000000000000000        0.000000000000001
        0.233333333333333        0.533333333333333        1.723565296630436        1.723565296630436        0.000000000000000
        0.266666666666667        0.566666666666667        1.723565296630437        1.723565296630437        0.000000000000000
        0.200000000000000        0.600000000000000       -0.000000000000000       -0.000000000000000        0.000000000000000
        0.233333333333333        0.633333333333333       -0.892183048491464       -0.892183048491464        0.000000000000000
        0.266666666666667        0.666666666666667       -3.329672466621832       -3.329672466621832        0.000000000000000
        0.200000000000000        0.700000000000000        0.000000000000001        0.000000000000000        0.000000000000001
        0.233333333333333        0.733333333333333       -2.985302663926437       -2.985302663926436        0.000000000000001
        0.266666666666667        0.766666666666667       -6.432433257187309       -6.432433257187307        0.000000000000002
        0.200000000000000        0.800000000000000        0.000000000000001        0.000000000000000        0.000000000000001
        0.233333333333333        0.833333333333333       -3.329672466621833       -3.329672466621832        0.000000000000001
        0.266666666666667        0.866666666666667       -5.767161884752203       -5.767161884752201        0.000000000000002
        0.200000000000000        0.900000000000000        0.000000000000001        0.000000000000000        0.000000000000001
        0.233333333333333        0.933333333333333       -1.723565296630436       -1.723565296630435        0.000000000000002
        0.266666666666667        0.966666666666667       -1.723565296630438       -1.723565296630436        0.000000000000002
        0.200000000000000        1.000000000000000        0.000000000000000        0.000000000000000        0.000000000000000
        0.233333333333333        1.033333333333333        0.892183048491463        0.892183048491462        0.000000000000001
        0.266666666666667        1.066666666666667        3.329672466621831        3.329672466621829        0.000000000000003
        0.300000000000000        0.000000000000000       -9.417735921113747       -9.417735921113751        0.000000000000004
        0.333333333333333        0.033333333333333      -11.141301217744183      -11.141301217744188        0.000000000000004
        0.366666666666667        0.066666666666667      -11.141301217744184      -11.141301217744184        0.000000000000001
        0.300000000000000        0.100000000000000       -6.659344933243667       -6.659344933243664        0.000000000000004
        0.333333333333333        0.133333333333333       -5.767161884752203       -5.767161884752198        0.000000000000005
        0.366666666666667        0.166666666666667       -3.329672466621834       -3.329672466621831        0.000000000000004
        0.300000000000000        0.200000000000000       -0.000000000000001       -0.000000000000000        0.000000000000001
        0.333333333333333        0.233333333333333        2.985302663926437        2.985302663926436        0.000000000000001
        0.366666666666667        0.266666666666667        6.432433257187309        6.432433257187307        0.000000000000002
        0.300000000000000        0.300000000000000        6.659344933243666        6.659344933243664        0.000000000000002
        0.333333333333333        0.333333333333333        9.989017399865500        9.989017399865499        0.000000000000001
        0.366666666666667        0.366666666666667       12.426506817995870       12.426506817995869        0.000000000000000
        0.300000000000000        0.400000000000000        9.417735921113747        9.417735921113746        0.000000000000002
        0.333333333333333        0.433333333333333       11.141301217744184       11.141301217744183        0.000000000000000
        0.366666666666667        0.466666666666667       11.141301217744184       11.141301217744185        0.000000000000001
        0.300000000000000        0.500000000000000        6.659344933243668        6.659344933243669        0.000000000000001
        0.333333333333333        0.533333333333333        5.767161884752204        5.767161884752206        0.000000000000002
        0.366666666666667        0.566666666666667        3.329672466621836        3.329672466621837        0.000000000000001
        0.300000000000000        0.600000000000000        0.000000000000002        0.000000000000001        0.000000000000000
        0.333333333333333        0.633333333333333       -2.985302663926436       -2.985302663926437        0.000000000000001
        0.366666666666667        0.666666666666667       -6.432433257187307       -6.432433257187309        0.000000000000001
        0.300000000000000        0.700000000000000       -6.659344933243666       -6.659344933243665        0.000000000000000
        0.333333333333333        0.733333333333333       -9.989017399865500       -9.989017399865500        0.000000000000000
        0.366666666666667        0.766666666666667      -12.426506817995869      -12.426506817995870        0.000000000000001
        0.300000000000000        0.800000000000000       -9.417735921113747       -9.417735921113747        0.000000000000000
        0.333333333333333        0.833333333333333      -11.141301217744184      -11.141301217744185        0.000000000000001
        0.366666666666667        0.866666666666667      -11.141301217744185      -11.141301217744185        0.000000000000000
        0.300000000000000        0.900000000000000       -6.659344933243669       -6.659344933243666        0.000000000000003
        0.333333333333333        0.933333333333333       -5.767161884752205       -5.767161884752202        0.000000000000003
        0.366666666666667        0.966666666666667       -3.329672466621837       -3.329672466621835        0.000000000000003
        0.300000000000000        1.000000000000000       -0.000000000000003       -0.000000000000003        0.000000000000000
        0.333333333333333        1.033333333333333        2.985302663926434        2.985302663926432        0.000000000000002
        0.366666666666667        1.066666666666667        6.432433257187306        6.432433257187303        0.000000000000004
        0.400000000000000        0.000000000000000      -13.318689866487335      -13.318689866487342        0.000000000000007
        0.433333333333333        0.033333333333333      -12.426506817995871      -12.426506817995876        0.000000000000005
        0.466666666666667        0.066666666666667       -9.989017399865502       -9.989017399865504        0.000000000000002
        0.400000000000000        0.100000000000000       -9.417735921113748       -9.417735921113744        0.000000000000004
        0.433333333333333        0.133333333333333       -6.432433257187311       -6.432433257187305        0.000000000000005
        0.466666666666667        0.166666666666667       -2.985302663926439       -2.985302663926436        0.000000000000003
        0.400000000000000        0.200000000000000       -0.000000000000001       -0.000000000000000        0.000000000000001
        0.433333333333333        0.233333333333333        3.329672466621833        3.329672466621832        0.000000000000001
        0.466666666666667        0.266666666666667        5.767161884752203        5.767161884752201        0.000000000000001
        0.400000000000000        0.300000000000000        9.417735921113747        9.417735921113746        0.000000000000002
        0.433333333333333        0.333333333333333       11.141301217744184       11.141301217744183        0.000000000000000
        0.466666666666667        0.366666666666667       11.141301217744184       11.141301217744185        0.000000000000001
        0.400000000000000        0.400000000000000       13.318689866487335       13.318689866487335        0.000000000000001
        0.433333333333333        0.433333333333333       12.426506817995871       12.426506817995872        0.000000000000000
        0.466666666666667        0.466666666666667        9.989017399865503        9.989017399865505        0.000000000000002
        0.400000000000000        0.500000000000000        9.417735921113749        9.417735921113752        0.000000000000002
        0.433333333333333        0.533333333333333        6.432433257187312        6.432433257187314        0.000000000000002
        0.466666666666667        0.566666666666667        2.985302663926440        2.985302663926442        0.000000000000001
        0.400000000000000        0.600000000000000        0.000000000000002        0.000000000000002        0.000000000000000
        0.433333333333333        0.633333333333333       -3.329672466621832       -3.329672466621833        0.000000000000002
        0.466666666666667        0.666666666666667       -5.767161884752201       -5.767161884752203        0.000000000000002
        0.400000000000000        0.700000000000000       -9.417735921113746       -9.417735921113747        0.000000000000001
        0.433333333333333        0.733333333333333      -11.141301217744183      -11.141301217744183        0.000000000000001
        0.466666666666667        0.766666666666667      -11.141301217744184      -11.141301217744186        0.000000000000002
        0.400000000000000        0.800000000000000      -13.318689866487335      -13.318689866487336        0.000000000000001
        0.433333333333333        0.833333333333333      -12.426506817995872      -12.426506817995873        0.000000000000001
        0.466666666666667        0.866666666666667       -9.989017399865504       -9.989017399865505        0.000000000000001
        0.400000000000000        0.900000000000000       -9.417735921113751       -9.417735921113748        0.000000000000003
        0.433333333333333        0.933333333333333       -6.432433257187313       -6.432433257187310        0.000000000000003
        0.466666666666667        0.966666666666667       -2.985302663926442       -2.985302663926440        0.000000000000002
        0.400000000000000        1.000000000000000       -0.000000000000004       -0.000000000000004        0.000000000000000
        0.433333333333333        1.033333333333333        3.329672466621830        3.329672466621827        0.000000000000002
        0.466666666666667        1.066666666666667        5.767161884752200        5.767161884752198        0.000000000000002
        0.500000000000000        0.000000000000000       -9.417735921113749       -9.417735921113757        0.000000000000008
        0.533333333333333        0.033333333333333       -6.432433257187312       -6.432433257187317        0.000000000000005
        0.566666666666667        0.066666666666667       -2.985302663926440       -2.985302663926441        0.000000000000001
        0.500000000000000        0.100000000000000       -6.659344933243669       -6.659344933243668        0.000000000000001
        0.533333333333333        0.133333333333333       -3.329672466621835       -3.329672466621834        0.000000000000001
        0.566666666666667        0.166666666666667       -0.892183048491465       -0.892183048491465        0.000000000000001
        0.500000000000000        0.200000000000000       -0.000000000000001       -0.000000000000000        0.000000000000001
        0.533333333333333        0.233333333333333        1.723565296630436        1.723565296630436        0.000000000000000
        0.566666666666667        0.266666666666667        1.723565296630437        1.723565296630437        0.000000000000000
        0.500000000000000        0.300000000000000        6.659344933243668        6.659344933243669        0.000000000000001
        0.533333333333333        0.333333333333333        5.767161884752204        5.767161884752206        0.000000000000002
        0.566666666666667        0.366666666666667        3.329672466621836        3.329672466621837        0.000000000000001
        0.500000000000000        0.400000000000000        9.417735921113749        9.417735921113752        0.000000000000002
        0.533333333333333        0.433333333333333        6.432433257187312        6.432433257187314        0.000000000000002
        0.566666666666667        0.466666666666667        2.985302663926440        2.985302663926442        0.000000000000001
        0.500000000000000        0.500000000000000        6.659344933243670        6.659344933243673        0.000000000000003
        0.533333333333333        0.533333333333333        3.329672466621836        3.329672466621838        0.000000000000002
        0.566666666666667        0.566666666666667        0.892183048491466        0.892183048491467        0.000000000000001
        0.500000000000000        0.600000000000000        0.000000000000002        0.000000000000001        0.000000000000000
        0.533333333333333        0.633333333333333       -1.723565296630435       -1.723565296630437        0.000000000000001
        0.566666666666667        0.666666666666667       -1.723565296630436       -1.723565296630438        0.000000000000001
        0.500000000000000        0.700000000000000       -6.659344933243667       -6.659344933243669        0.000000000000002
        0.533333333333333        0.733333333333333       -5.767161884752204       -5.767161884752206        0.000000000000002
        0.566666666666667        0.766666666666667       -3.329672466621836       -3.329672466621837        0.000000000000002
        0.500000000000000        0.800000000000000       -9.417735921113749       -9.417735921113753        0.000000000000003
        0.533333333333333        0.833333333333333       -6.432433257187312       -6.432433257187315        0.000000000000003
        0.566666666666667        0.866666666666667       -2.985302663926440       -2.985302663926442        0.000000000000001
        0.500000000000000        0.900000000000000       -6.659344933243670       -6.659344933243670        0.000000000000000
        0.533333333333333        0.933333333333333       -3.329672466621836       -3.329672466621836        0.000000000000001
        0.566666666666667        0.966666666666667       -0.892183048491466       -0.892183048491466        0.000000000000000
        0.500000000000000        1.000000000000000       -0.000000000000003       -0.000000000000003        0.000000000000000
        0.533333333333333        1.033333333333333        1.723565296630434        1.723565296630434        0.000000000000001
        0.566666666666667        1.066666666666667        1.723565296630436        1.723565296630436        0.000000000000000
        0.600000000000000        0.000000000000000       -0.000000000000002       -0.000000000000002        0.000000000000000
        0.633333333333333        0.033333333333333        3.329672466621831        3.329672466621834        0.000000000000003
        0.666666666666667        0.066666666666667        5.767161884752201        5.767161884752203        0.000000000000002
        0.600000000000000        0.100000000000000       -0.000000000000002       -0.000000000000001        0.000000000000000
        0.633333333333333        0.133333333333333        1.723565296630435        1.723565296630434        0.000000000000001
        0.666666666666667        0.166666666666667        1.723565296630436        1.723565296630434        0.000000000000002
        0.600000000000000        0.200000000000000       -0.000000000000000       -0.000000000000000        0.000000000000000
        0.633333333333333        0.233333333333333       -0.892183048491464       -0.892183048491464        0.000000000000000
        0.666666666666667        0.266666666666667       -3.329672466621832       -3.329672466621832        0.000000000000000
        0.600000000000000        0.300000000000000        0.000000000000002        0.000000000000001        0.000000000000000
        0.633333333333333        0.333333333333333       -2.985302663926436       -2.985302663926437        0.000000000000001
        0.666666666666667        0.366666666666667       -6.432433257187307       -6.432433257187309        0.000000000000001
        0.600000000000000        0.400000000000000        0.000000000000002        0.000000000000002        0.000000000000000
        0.633333333333333        0.433333333333333       -3.329672466621832       -3.329672466621833        0.000000000000002
        0.666666666666667        0.466666666666667       -5.767161884752201       -5.767161884752203        0.000000000000002
        0.600000000000000        0.500000000000000        0.000000000000002        0.000000000000001        0.000000000000000
        0.633333333333333        0.533333333333333       -1.723565296630435       -1.723565296630437        0.000000000000001
        0.666666666666667        0.566666666666667       -1.723565296630436       -1.723565296630438        0.000000000000001
        0.600000000000000        0.600000000000000        0.000000000000000        0.000000000000000        0.000000000000000
        0.633333333333333        0.633333333333333        0.892183048491463        0.892183048491464        0.000000000000001
        0.666666666666667        0.666666666666667        3.329672466621831        3.329672466621833        0.000000000000002
        0.600000000000000        0.700000000000000       -0.000000000000002       -0.000000000000001        0.000000000000000
        0.633333333333333        0.733333333333333        2.985302663926436        2.985302663926437        0.000000000000001
        0.666666666666667        0.766666666666667        6.432433257187307        6.432433257187309        0.000000000000002
        0.600000000000000        0.800000000000000       -0.000000000000002       -0.000000000000002        0.000000000000000
        0.633333333333333        0.833333333333333        3.329672466621832        3.329672466621833        0.000000000000002
        0.666666666666667        0.866666666666667        5.767161884752202        5.767161884752203        0.000000000000001
        0.600000000000000        0.900000000000000       -0.000000000000002       -0.000000000000001        0.000000000000000
        0.633333333333333        0.933333333333333        1.723565296630436        1.723565296630435        0.000000000000000
        0.666666666666667        0.966666666666667        1.723565296630437        1.723565296630436        0.000000000000001
        0.600000000000000        1.000000000000000       -0.000000000000000       -0.000000000000000        0.000000000000000
        0.633333333333333        1.033333333333333       -0.892183048491463       -0.892183048491463        0.000000000000000
        0.666666666666667        1.066666666666667       -3.329672466621831       -3.329672466621830        0.000000000000001
        0.700000000000000        0.000000000000000        9.417735921113746        9.417735921113752        0.000000000000006
        0.733333333333333        0.033333333333333       11.141301217744182       11.141301217744188        0.000000000000005
        0.766666666666667        0.066666666666667       11.141301217744183       11.141301217744185        0.000000000000002
        0.700000000000000        0.100000000000000        6.659344933243666        6.659344933243664        0.000000000000002
        0.733333333333333        0.133333333333333        5.767161884752203        5.767161884752198        0.000000000000004
        0.766666666666667        0.166666666666667        3.329672466621834        3.329672466621831        0.000000000000003
        0.700000000000000        0.200000000000000        0.000000000000001        0.000000000000000        0.000000000000001
        0.733333333333333        0.233333333333333       -2.985302663926437       -2.985302663926436        0.000000000000001
        0.766666666666667        0.266666666666667       -6.432433257187309       -6.432433257187307        0.000000000000002
        0.700000000000000        0.300000000000000       -6.659344933243666       -6.659344933243665        0.000000000000000
        0.733333333333333        0.333333333333333       -9.989017399865500       -9.989017399865500        0.000000000000000
        0.766666666666667        0.366666666666667      -12.426506817995869      -12.426506817995870        0.000000000000001
        0.700000000000000        0.400000000000000       -9.417735921113746       -9.417735921113747        0.000000000000001
        0.733333333333333        0.433333333333333      -11.141301217744183      -11.141301217744183        0.000000000000001
        0.766666666666667        0.466666666666667      -11.141301217744184      -11.141301217744186        0.000000000000002
        0.700000000000000        0.500000000000000       -6.659344933243667       -6.659344933243669        0.000000000000002
        0.733333333333333        0.533333333333333       -5.767161884752204       -5.767161884752206        0.000000000000002
        0.766666666666667        0.566666666666667       -3.329672466621836       -3.329672466621837        0.000000000000002
        0.700000000000000        0.600000000000000       -0.000000000000002       -0.000000000000001        0.000000000000000
        0.733333333333333        0.633333333333333        2.985302663926436        2.985302663926437        0.000000000000001
        0.766666666666667        0.666666666666667        6.432433257187307        6.432433257187309        0.000000000000002
        0.700000000000000        0.700000000000000        6.659344933243665        6.659344933243666        0.000000000000001
        0.733333333333333        0.733333333333333        9.989017399865499        9.989017399865500        0.000000000000001
        0.766666666666667        0.766666666666667       12.426506817995869       12.426506817995871        0.000000000000002
        0.700000000000000        0.800000000000000        9.417735921113746        9.417735921113748        0.000000000000002
        0.733333333333333        0.833333333333333       11.141301217744183       11.141301217744185        0.000000000000002
        0.766666666666667        0.866666666666667       11.141301217744185       11.141301217744185        0.000000000000001
        0.700000000000000        0.900000000000000        6.659344933243668        6.659344933243667        0.000000000000001
        0.733333333333333        0.933333333333333        5.767161884752205        5.767161884752202        0.000000000000003
        0.766666666666667        0.966666666666667        3.329672466621837        3.329672466621835        0.000000000000002
        0.700000000000000        1.000000000000000        0.000000000000003        0.000000000000003        0.000000000000000
        0.733333333333333        1.033333333333333       -2.985302663926434       -2.985302663926432        0.000000000000002
        0.766666666666667        1.066666666666667       -6.432433257187306       -6.432433257187303        0.000000000000003
        0.800000000000000        0.000000000000000       13.318689866487335       13.318689866487344        0.000000000000009
        0.833333333333333        0.033333333333333       12.426506817995871       12.426506817995878        0.000000000000007
        0.866666666666667        0.066666666666667        9.989017399865503        9.989017399865503        0.000000000000000
        0.800000000000000        0.100000000000000        9.417735921113748        9.417735921113746        0.000000000000003
        0.833333333333333        0.133333333333333        6.432433257187311        6.432433257187306        0.000000000000004
        0.866666666666667        0.166666666666667        2.985302663926439        2.985302663926436        0.000000000000003
        0.800000000000000        0.200000000000000        0.000000000000001        0.000000000000000        0.000000000000001
        0.833333333333333        0.233333333333333       -3.329672466621833       -3.329672466621832        0.000000000000001
        0.866666666666667        0.266666666666667       -5.767161884752203       -5.767161884752201        0.000000000000002
        0.800000000000000        0.300000000000000       -9.417735921113747       -9.417735921113747        0.000000000000000
        0.833333333333333        0.333333333333333      -11.141301217744184      -11.141301217744185        0.000000000000001
        0.866666666666667        0.366666666666667      -11.141301217744185      -11.141301217744185        0.000000000000000
        0.800000000000000        0.400000000000000      -13.318689866487335      -13.318689866487336        0.000000000000001
        0.833333333333333        0.433333333333333      -12.426506817995872      -12.426506817995873        0.000000000000001
        0.866666666666667        0.466666666666667       -9.989017399865504       -9.989017399865505        0.000000000000001
        0.800000000000000        0.500000000000000       -9.417735921113749       -9.417735921113753        0.000000000000003
        0.833333333333333        0.533333333333333       -6.432433257187312       -6.432433257187315        0.000000000000003
        0.866666666666667        0.566666666666667       -2.985302663926440       -2.985302663926442        0.000000000000001
        0.800000000000000        0.600000000000000       -0.000000000000002       -0.000000000000002        0.000000000000000
        0.833333333333333        0.633333333333333        3.329672466621832        3.329672466621833        0.000000000000002
        0.866666666666667        0.666666666666667        5.767161884752202        5.767161884752203        0.000000000000001
        0.800000000000000        0.700000000000000        9.417735921113746        9.417735921113748        0.000000000000002
        0.833333333333333        0.733333333333333       11.141301217744183       11.141301217744185        0.000000000000002
        0.866666666666667        0.766666666666667       11.141301217744185       11.141301217744185        0.000000000000001
        0.800000000000000        0.800000000000000       13.318689866487335       13.318689866487338        0.000000000000003
        0.833333333333333        0.833333333333333       12.426506817995872       12.426506817995875        0.000000000000003
        0.866666666666667        0.866666666666667        9.989017399865504        9.989017399865504        0.000000000000000
        0.800000000000000        0.900000000000000        9.417735921113751        9.417735921113749        0.000000000000001
        0.833333333333333        0.933333333333333        6.432433257187314        6.432433257187311        0.000000000000003
        0.866666666666667        0.966666666666667        2.985302663926442        2.985302663926440        0.000000000000002
        0.800000000000000        1.000000000000000        0.000000000000004        0.000000000000004        0.000000000000000
        0.833333333333333        1.033333333333333       -3.329672466621830       -3.329672466621828        0.000000000000002
        0.866666666666667        1.066666666666667       -5.767161884752200       -5.767161884752197        0.000000000000003
        0.900000000000000        0.000000000000000        9.417735921113751        9.417735921113753        0.000000000000003
        0.933333333333333        0.033333333333333        6.432433257187313        6.432433257187312        0.000000000000001
        0.966666666666667        0.066666666666667        2.985302663926441        2.985302663926439        0.000000000000002
        0.900000000000000        0.100000000000000        6.659344933243670        6.659344933243665        0.000000000000004
        0.933333333333333        0.133333333333333        3.329672466621836        3.329672466621831        0.000000000000004
        0.966666666666667        0.166666666666667        0.892183048491466        0.892183048491464        0.000000000000002
        0.900000000000000        0.200000000000000        0.000000000000001        0.000000000000000        0.000000000000001
        0.933333333333333        0.233333333333333       -1.723565296630436       -1.723565296630435        0.000000000000002
        0.966666666666667        0.266666666666667       -1.723565296630438       -1.723565296630436        0.000000000000002
        0.900000000000000        0.300000000000000       -6.659344933243669       -6.659344933243666        0.000000000000003
        0.933333333333333        0.333333333333333       -5.767161884752205       -5.767161884752202        0.000000000000003
        0.966666666666667        0.366666666666667       -3.329672466621837       -3.329672466621835        0.000000000000003
        0.900000000000000        0.400000000000000       -9.417735921113751       -9.417735921113748        0.000000000000003
        0.933333333333333        0.433333333333333       -6.432433257187313       -6.432433257187310        0.000000000000003
        0.966666666666667        0.466666666666667       -2.985302663926442       -2.985302663926440        0.000000000000002
        0.900000000000000        0.500000000000000       -6.659344933243670       -6.659344933243670        0.000000000000000
        0.933333333333333        0.533333333333333       -3.329672466621836       -3.329672466621836        0.000000000000001
        0.966666666666667        0.566666666666667       -0.892183048491466       -0.892183048491466        0.000000000000000
        0.900000000000000        0.600000000000000       -0.000000000000002       -0.000000000000001        0.000000000000000
        0.933333333333333        0.633333333333333        1.723565296630436        1.723565296630435        0.000000000000000
        0.966666666666667        0.666666666666667        1.723565296630437        1.723565296630436        0.000000000000001
        0.900000000000000        0.700000000000000        6.659344933243668        6.659344933243667        0.000000000000001
        0.933333333333333        0.733333333333333        5.767161884752205        5.767161884752202        0.000000000000003
        0.966666666666667        0.766666666666667        3.329672466621837        3.329672466621835        0.000000000000002
        0.900000000000000        0.800000000000000        9.417735921113751        9.417735921113749        0.000000000000001
        0.933333333333333        0.833333333333333        6.432433257187314        6.432433257187311        0.000000000000003
        0.966666666666667        0.866666666666667        2.985302663926442        2.985302663926440        0.000000000000002
        0.900000000000000        0.900000000000000        6.659344933243671        6.659344933243668        0.000000000000003
        0.933333333333333        0.933333333333333        3.329672466621837        3.329672466621834        0.000000000000004
        0.966666666666667        0.966666666666667        0.892183048491467        0.892183048491465        0.000000000000001
        0.900000000000000        1.000000000000000        0.000000000000003        0.000000000000003        0.000000000000000
        0.933333333333333        1.033333333333333       -1.723565296630435       -1.723565296630433        0.000000000000002
        0.966666666666667        1.066666666666667       -1.723565296630437       -1.723565296630435        0.000000000000002
        1.000000000000000        0.000000000000000        0.000000000000004        0.000000000000004        0.000000000000000
        1.033333333333333        0.033333333333333       -3.329672466621830       -3.329672466621829        0.000000000000001
        1.066666666666667        0.066666666666667       -5.767161884752200       -5.767161884752197        0.000000000000003
        1.000000000000000        0.100000000000000        0.000000000000003        0.000000000000003        0.000000000000000
        1.033333333333333        0.133333333333333       -1.723565296630434       -1.723565296630431        0.000000000000003
        1.066666666666667        0.166666666666667       -1.723565296630435       -1.723565296630432        0.000000000000003
        1.000000000000000        0.200000000000000        0.000000000000000        0.000000000000000        0.000000000000000
        1.033333333333333        0.233333333333333        0.892183048491463        0.892183048491462        0.000000000000001
        1.066666666666667        0.266666666666667        3.329672466621831        3.329672466621829        0.000000000000003
        1.000000000000000        0.300000000000000       -0.000000000000003       -0.000000000000003        0.000000000000000
        1.033333333333333        0.333333333333333        2.985302663926434        2.985302663926432        0.000000000000002
        1.066666666666667        0.366666666666667        6.432433257187306        6.432433257187303        0.000000000000004
        1.000000000000000        0.400000000000000       -0.000000000000004       -0.000000000000004        0.000000000000000
        1.033333333333333        0.433333333333333        3.329672466621830        3.329672466621827        0.000000000000002
        1.066666666666667        0.466666666666667        5.767161884752200        5.767161884752198        0.000000000000002
        1.000000000000000        0.500000000000000       -0.000000000000003       -0.000000000000003        0.000000000000000
        1.033333333333333        0.533333333333333        1.723565296630434        1.723565296630434        0.000000000000001
        1.066666666666667        0.566666666666667        1.723565296630436        1.723565296630436        0.000000000000000
        1.000000000000000        0.600000000000000       -0.000000000000000       -0.000000000000000        0.000000000000000
        1.033333333333333        0.633333333333333       -0.892183048491463       -0.892183048491463        0.000000000000000
        1.066666666666667        0.666666666666667       -3.329672466621831       -3.329672466621830        0.000000000000001
        1.000000000000000        0.700000000000000        0.000000000000003        0.000000000000003        0.000000000000000
        1.033333333333333        0.733333333333333       -2.985302663926434       -2.985302663926432        0.000000000000002
        1.066666666666667        0.766666666666667       -6.432433257187306       -6.432433257187303        0.000000000000003
        1.000000000000000        0.800000000000000        0.000000000000004        0.000000000000004        0.000000000000000
        1.033333333333333        0.833333333333333       -3.329672466621830       -3.329672466621828        0.000000000000002
        1.066666666666667        0.866666666666667       -5.767161884752200       -5.767161884752197        0.000000000000003
        1.000000000000000        0.900000000000000        0.000000000000003        0.000000000000003        0.000000000000000
        1.033333333333333        0.933333333333333       -1.723565296630435       -1.723565296630433        0.000000000000002
        1.066666666666667        0.966666666666667       -1.723565296630437       -1.723565296630435        0.000000000000002
        1.000000000000000        1.000000000000000        0.000000000000000        0.000000000000000        0.000000000000000
        1.033333333333333        1.033333333333333        0.892183048491463        0.892183048491461        0.000000000000001
        1.066666666666667        1.066666666666667        3.329672466621830        3.329672466621826        0.000000000000004
