        0.000000000000000        0.000000000000000       12.747968586646510       12.747968586646525        0.000000000000014
        0.033333333333333        0.033333333333333       11.894016614664197       11.894016614664207        0.000000000000010
        0.066666666666667        0.066666666666667        9.560976439984883        9.560976439984884        0.000000000000001
        0.000000000000000        0.100000000000000        9.014175033970836        9.014175033970837        0.000000000000002
        0.033333333333333        0.133333333333333        6.156796045281809        6.156796045281806        0.000000000000002
        0.066666666666667        0.166666666666667        2.857378988689028        2.857378988689025        0.000000000000003
        0.000000000000000        0.200000000000000        0.000000000000001        0.000000000000000        0.000000000000001
        0.033333333333333        0.233333333333333       -3.186992146661627       -3.186992146661627        0.000000000000000
        0.066666666666667        0.266666666666667       -5.520032321340941       -5.520032321340940        0.000000000000001
        0.000000000000000        0.300000000000000       -9.014175033970835       -9.014175033970838        0.000000000000004
        0.033333333333333        0.333333333333333      -10.663883562267225      -10.663883562267229        0.000000000000004
        0.066666666666667        0.366666666666667      -10.663883562267226      -10.663883562267226        0.000000000000000
        0.000000000000000        0.400000000000000      -12.747968586646510      -12.747968586646517        0.000000000000007
        0.033333333333333        0.433333333333333      -11.894016614664198      -11.894016614664203        0.000000000000005
        0.066666666666667        0.466666666666667       -9.560976439984884       -9.560976439984885        0.000000000000002
        0.000000000000000        0.500000000000000       -9.014175033970837       -9.014175033970844        0.000000000000007
        0.033333333333333        0.533333333333333       -6.156796045281810       -6.156796045281815        0.000000000000005
        0.066666666666667        0.566666666666667       -2.857378988689029       -2.857378988689030        0.000000000000001
        0.000000000000000        0.600000000000000       -0.000000000000002       -0.000000000000002        0.000000000000000
        0.033333333333333        0.633333333333333        3.186992146661625        3.186992146661628        0.000000000000003
        0.066666666666667        0.666666666666667        5.520032321340940        5.520032321340942        0.000000000000002
        0.000000000000000        0.700000000000000        9.014175033970834        9.014175033970839        0.000000000000006
        0.033333333333333        0.733333333333333       10.663883562267225       10.663883562267230        0.000000000000005
        0.066666666666667        0.766666666666667       10.663883562267225       10.663883562267227        0.000000000000001
        0.000000000000000        0.800000000000000       12.747968586646510       12.747968586646519        0.000000000000009
        0.033333333333333        0.833333333333333       11.894016614664198       11.894016614664204        0.000000000000006
        0.066666666666667        0.866666666666667        9.560976439984884        9.560976439984885        0.000000000000000
        0.000000000000000        0.900000000000000        9.014175033970838        9.014175033970841        0.000000000000003
        0.033333333333333        0.933333333333333        6.156796045281811        6.156796045281811        0.000000000000001
        0.066666666666667        0.966666666666667        2.857378988689030        2.857378988689028        0.000000000000002
        0.000000000000000        1.000000000000000        0.000000000000004        0.000000000000004        0.000000000000000
        0.033333333333333        1.033333333333333       -3.186992146661624       -3.186992146661623        0.000000000000001
        0.066666666666667        1.066666666666667       -5.520032321340939       -5.520032321340936        0.000000000000003
        0.100000000000000        0.000000000000000        9.014175033970836        9.014175033970837        0.000000000000002
        0.133333333333333        0.033333333333333        6.156796045281809        6.156796045281806        0.000000000000002
        0.166666666666667        0.066666666666667        2.857378988689028        2.857378988689025        0.000000000000003
        0.100000000000000        0.100000000000000        6.373984293323256        6.373984293323251        0.000000000000005
        0.133333333333333        0.133333333333333        3.186992146661628        3.186992146661623        0.000000000000005
        0.166666666666667        0.166666666666667        0.853951971982314        0.853951971982312        0.000000000000002
        0.100000000000000        0.200000000000000        0.000000000000001        0.000000000000000        0.000000000000001
        0.133333333333333        0.233333333333333       -1.649708528296390       -1.649708528296388        0.000000000000002
        0.166666666666667        0.266666666666667       -1.649708528296391       -1.649708528296388        0.000000000000002
        0.100000000000000        0.300000000000000       -6.373984293323255       -6.373984293323251        0.000000000000003
        0.133333333333333        0.333333333333333       -5.520032321340942       -5.520032321340937        0.000000000000005
        0.166666666666667        0.366666666666667       -3.186992146661628       -3.186992146661625        0.000000000000004
        0.100000000000000        0.400000000000000       -9.014175033970836       -9.014175033970832        0.000000000000004
        0.133333333333333        0.433333333333333       -6.156796045281809       -6.156796045281804        0.000000000000005
        0.166666666666667        0.466666666666667       -2.857378988689028       -2.857378988689025        0.000000000000003
        0.100000000000000        0.500000000000000       -6.373984293323256       -6.373984293323255        0.000000000000001
        0.133333333333333        0.533333333333333       -3.186992146661629       -3.186992146661627        0.000000000000001
        0.166666666666667        0.566666666666667       -0.853951971982314       -0.853951971982313        0.000000000000001
        0.100000000000000        0.600000000000000       -0.000000000000002       -0.000000000000001        0.000000000000000
        0.133333333333333        0.633333333333333        1.649708528296389        1.649708528296389        0.000000000000001
        0.166666666666667        0.666666666666667        1.649708528296390        1.649708528296389        0.000000000000001
        0.100000000000000        0.700000000000000        6.373984293323254        6.373984293323252        0.000000000000002
        0.133333333333333        0.733333333333333        5.520032321340942        5.520032321340937        0.000000000000004
        0.166666666666667        0.766666666666667        3.186992146661628        3.186992146661625        0.000000000000003
        0.100000000000000        0.800000000000000        9.014175033970836        9.014175033970833        0.000000000000002
        0.133333333333333        0.833333333333333        6.156796045281809        6.156796045281805        0.000000000000004
        0.166666666666667        0.866666666666667        2.857378988689028        2.857378988689025        0.000000000000003
        0.100000000000000        0.900000000000000        6.373984293323257        6.373984293323253        0.000000000000004
        0.133333333333333        0.933333333333333        3.186992146661629        3.186992146661625        0.000000000000004
        0.166666666666667        0.966666666666667        0.853951971982314        0.853951971982313        0.000000000000002
        0.100000000000000        1.000000000000000        0.000000000000003        0.000000000000003        0.000000000000000
        0.133333333333333        1.033333333333333       -1.649708528296389       -1.649708528296386        0.000000000000003
        0.166666666666667        1.066666666666667       -1.649708528296390       -1.649708528296387        0.000000000000003
        0.200000000000000        0.000000000000000        0.000000000000001        0.000000000000000        0.000000000000001
        0.233333333333333        0.033333333333333       -3.186992146661627       -3.186992146661627        0.000000000000000
        0.266666666666667        0.066666666666667       -5.520032321340941       -5.520032321340940        0.000000000000001
        0.200000000000000        0.100000000000000        0.000000000000001        0.000000000000000        0.000000000000001
        0.233333333333333        0.133333333333333       -1.649708528296390       -1.649708528296388        0.000000000000002
        0.266666666666667        0.166666666666667       -1.649708528296391       -1.649708528296388        0.000000000000002
        0.200000000000000        0.200000000000000        0.000000000000000       -0.000000000000000        0.000000000000000
        0.233333333333333        0.233333333333333        0.853951971982313        0.853951971982312        0.000000000000001
        0.266666666666667        0.266666666666667        3.186992146661627        3.186992146661625        0.000000000000002
        0.200000000000000        0.300000000000000       -0.000000000000001       -0.000000000000000        0.000000000000001
        0.233333333333333        0.333333333333333        2.857378988689026        2.857378988689025        0.000000000000001
        0.266666666666667        0.366666666666667        6.156796045281807        6.156796045281805        0.000000000000002
        0.200000000000000        0.400000000000000       -0.000000000000001       -0.000000000000000        0.000000000000001
        0.233333333333333        0.433333333333333        3.186992146661627        3.186992146661625        0.000000000000001
        0.266666666666667        0.466666666666667        5.520032321340942        5.520032321340940        0.000000000000001
        0.200000000000000        0.500000000000000       -0.000000000000001       -0.000000000000000        0.000000000000001
        0.233333333333333        0.533333333333333        1.649708528296391        1.649708528296390        0.000000000000000
        0.266666666666667        0.566666666666667        1.649708528296391        1.649708528296391        0.000000000000000
        0.200000000000000        0.600000000000000       -0.000000000000000       -0.000000000000000        0.000000000000000
        0.233333333333333        0.633333333333333       -0.853951971982312       -0.853951971982312        0.000000000000000
        0.266666666666667        0.666666666666667       -3.186992146661626       -3.186992146661626        0.000000000000000
        0.200000000000000        0.700000000000000        0.000000000000001        0.000000000000000        0.000000000000001
        0.233333333333333        0.733333333333333       -2.857378988689026       -2.857378988689025        0.000000000000001
        0.266666666666667        0.766666666666667       -6.156796045281807       -6.156796045281806        0.000000000000001
        0.200000000000000        0.800000000000000        0.000000000000001        0.000000000000000        0.000000000000001
        0.233333333333333        0.833333333333333       -3.186992146661627       -3.186992146661626        0.000000000000001
        0.266666666666667        0.866666666666667       -5.520032321340942       -5.520032321340940        0.000000000000002
        0.200000000000000        0.900000000000000        0.000000000000001        0.000000000000000        0.000000000000001
        0.233333333333333        0.933333333333333       -1.649708528296391       -1.649708528296389        0.000000000000002
        0.266666666666667        0.966666666666667       -1.649708528296392       -1.649708528296390        0.000000000000002
        0.200000000000000        1.000000000000000        0.000000000000000        0.000000000000000        0.000000000000000
        0.233333333333333        1.033333333333333        0.853951971982312        0.853951971982311        0.000000000000001
        0.266666666666667        1.066666666666667        3.186992146661625        3.186992146661623        0.000000000000003
        0.300000000000000        0.000000000000000       -9.014175033970835       -9.014175033970838        0.000000000000004
        0.333333333333333        0.033333333333333      -10.663883562267225      -10.663883562267229        0.000000000000004
        0.366666666666667        0.066666666666667      -10.663883562267226      -10.663883562267226        0.000000000000000
        0.300000000000000        0.100000000000000       -6.373984293323255       -6.373984293323251        0.000000000000003
        0.333333333333333        0.133333333333333       -5.520032321340942       -5.520032321340937        0.000000000000005
        0.366666666666667        0.166666666666667       -3.186992146661628       -3.186992146661625        0.000000000000004
        0.300000000000000        0.200000000000000       -0.000000000000001       -0.000000000000000        0.000000000000001
        0.333333333333333        0.233333333333333        2.857378988689026        2.857378988689025        0.000000000000001
        0.366666666666667        0.266666666666667        6.156796045281807        6.156796045281805        0.000000000000002
        0.300000000000000        0.300000000000000        6.373984293323254        6.373984293323252        0.000000000000002
        0.333333333333333        0.333333333333333        9.560976439984882        9.560976439984881        0.000000000000001
        0.366666666666667        0.366666666666667       11.894016614664196       11.894016614664196        0.000000000000000
        0.300000000000000        0.400000000000000        9.014175033970835        9.014175033970833        0.000000000000002
        0.333333333333333        0.433333333333333       10.663883562267226       10.663883562267225        0.000000000000000
        0.366666666666667        0.466666666666667       10.663883562267227       10.663883562267228        0.000000000000001
        0.300000000000000        0.500000000000000        6.373984293323256        6.373984293323256        0.000000000000001
        0.333333333333333        0.533333333333333        5.520032321340943        5.520032321340945        0.000000000000002
        0.366666666666667        0.566666666666667        3.186992146661630        3.186992146661631        0.000000000000001
        0.300000000000000        0.600000000000000        0.000000000000002        0.000000000000001        0.000000000000000
        0.333333333333333        0.633333333333333       -2.857378988689025       -2.857378988689026        0.000000000000001
        0.366666666666667        0.666666666666667       -6.156796045281806       -6.156796045281807        0.000000000000001
        0.300000000000000        0.700000000000000       -6.373984293323253       -6.373984293323253        0.000000000000000
        0.333333333333333        0.733333333333333       -9.560976439984881       -9.560976439984881        0.000000000000000
        0.366666666666667        0.766666666666667      -11.894016614664196      -11.894016614664197        0.000000000000001
        0.300000000000000        0.800000000000000       -9.014175033970835       -9.014175033970834        0.000000000000000
        0.333333333333333        0.833333333333333      -10.663883562267226      -10.663883562267227        0.000000000000001
        0.366666666666667        0.866666666666667      -10.663883562267227      -10.663883562267227        0.000000000000000
        0.300000000000000        0.900000000000000       -6.373984293323256       -6.373984293323254        0.000000000000003
        0.333333333333333        0.933333333333333       -5.520032321340944       -5.520032321340941        0.000000000000003
        0.366666666666667        0.966666666666667       -3.186992146661631       -3.186992146661629        0.000000000000002
        0.300000000000000        1.000000000000000       -0.000000000000003       -0.000000000000003        0.000000000000000
        0.333333333333333        1.033333333333333        2.857378988689024        2.857378988689021        0.000000000000002
        0.366666666666667        1.066666666666667        6.156796045281805        6.156796045281801        0.000000000000003
        0.400000000000000        0.000000000000000      -12.747968586646510      -12.747968586646517        0.000000000000007
        0.433333333333333        0.033333333333333      -11.894016614664198      -11.894016614664203        0.000000000000005
        0.466666666666667        0.066666666666667       -9.560976439984884       -9.560976439984885        0.000000000000002
        0.400000000000000        0.100000000000000       -9.014175033970836       -9.014175033970832        0.000000000000004
        0.433333333333333        0.133333333333333       -6.156796045281809       -6.156796045281804        0.000000000000005
        0.466666666666667        0.166666666666667       -2.857378988689028       -2.857378988689025        0.000000000000003
        0.400000000000000        0.200000000000000       -0.000000000000001       -0.000000000000000        0.000000000000001
        0.433333333333333        0.233333333333333        3.186992146661627        3.186992146661625        0.000000000000001
        0.466666666666667        0.266666666666667        5.520032321340942        5.520032321340940        0.000000000000001
        0.400000000000000        0.300000000000000        9.014175033970835        9.014175033970833        0.000000000000002
        0.433333333333333        0.333333333333333       10.663883562267226       10.663883562267225        0.000000000000000
        0.466666666666667        0.366666666666667       10.663883562267227       10.663883562267228        0.000000000000001
        0.400000000000000        0.400000000000000       12.747968586646510       12.747968586646510        0.000000000000001
        0.433333333333333        0.433333333333333       11.894016614664198       11.894016614664198        0.000000000000000
        0.466666666666667        0.466666666666667        9.560976439984884        9.560976439984886        0.000000000000002
        0.400000000000000        0.500000000000000        9.014175033970837        9.014175033970839        0.000000000000002
        0.433333333333333        0.533333333333333        6.156796045281810        6.156796045281813        0.000000000000002
        0.466666666666667        0.566666666666667        2.857378988689029        2.857378988689031        0.000000000000001
        0.400000000000000        0.600000000000000        0.000000000000002        0.000000000000002        0.000000000000000
        0.433333333333333        0.633333333333333       -3.186992146661625       -3.186992146661627        0.000000000000001
        0.466666666666667        0.666666666666667       -5.520032321340940       -5.520032321340942        0.000000000000002
        0.400000000000000        0.700000000000000       -9.014175033970834       -9.014175033970834        0.000000000000001
        0.433333333333333        0.733333333333333      -10.663883562267225      -10.663883562267226        0.000000000000001
        0.466666666666667        0.766666666666667      -10.663883562267226      -10.663883562267228        0.000000000000002
        0.400000000000000        0.800000000000000      -12.747968586646510      -12.747968586646512        0.000000000000001
        0.433333333333333        0.833333333333333      -11.894016614664198      -11.894016614664200        0.000000000000001
        0.466666666666667        0.866666666666667       -9.560976439984885       -9.560976439984886        0.000000000000001
        0.400000000000000        0.900000000000000       -9.014175033970838       -9.014175033970835        0.000000000000003
        0.433333333333333        0.933333333333333       -6.156796045281812       -6.156796045281808        0.000000000000003
        0.466666666666667        0.966666666666667       -2.857378988689031       -2.857378988689029        0.000000000000002
        0.400000000000000        1.000000000000000       -0.000000000000004       -0.000000000000004        0.000000000000000
        0.433333333333333        1.033333333333333        3.186992146661624        3.186992146661622        0.000000000000002
        0.466666666666667        1.066666666666667        5.520032321340939        5.520032321340937        0.000000000000002
        0.500000000000000        0.000000000000000       -9.014175033970837       -9.014175033970844        0.000000000000007
        0.533333333333333        0.033333333333333       -6.156796045281810       -6.156796045281815        0.000000000000005
        0.566666666666667        0.066666666666667       -2.857378988689029       -2.857378988689030        0.000000000000001
        0.500000000000000        0.100000000000000       -6.373984293323256       -6.373984293323255        0.000000000000001
        0.533333333333333        0.133333333333333       -3.186992146661629       -3.186992146661627        0.000000000000001
        0.566666666666667        0.166666666666667       -0.853951971982314       -0.853951971982313        0.000000000000001
        0.500000000000000        0.200000000000000       -0.000000000000001       -0.000000000000000        0.000000000000001
        0.533333333333333        0.233333333333333        1.649708528296391        1.649708528296390        0.000000000000000
        0.566666666666667        0.266666666666667        1.649708528296391        1.649708528296391        0.000000000000000
        0.500000000000000        0.300000000000000        6.373984293323256        6.373984293323256        0.000000000000001
        0.533333333333333        0.333333333333333        5.520032321340943        5.520032321340945        0.000000000000002
        0.566666666666667        0.366666666666667        3.186992146661630        3.186992146661631        0.000000000000001
        0.500000000000000        0.400000000000000        9.014175033970837        9.014175033970839        0.000000000000002
        0.533333333333333        0.433333333333333        6.156796045281810        6.156796045281813        0.000000000000002
        0.566666666666667        0.466666666666667        2.857378988689029        2.857378988689031        0.000000000000001
        0.500000000000000        0.500000000000000        6.373984293323257        6.373984293323260        0.000000000000003
        0.533333333333333        0.533333333333333        3.186992146661629        3.186992146661632        0.000000000000002
        0.566666666666667        0.566666666666667        0.853951971982314        0.853951971982315        0.000000000000001
        0.500000000000000        0.600000000000000        0.000000000000002        0.000000000000001        0.000000000000000
        0.533333333333333        0.633333333333333       -1.649708528296390       -1.649708528296391        0.000000000000001
        0.566666666666667        0.666666666666667       -1.649708528296391       -1.649708528296392        0.000000000000001
        0.500000000000000        0.700000000000000       -6.373984293323255       -6.373984293323257        0.000000000000002
        0.533333333333333        0.733333333333333       -5.520032321340943       -5.520032321340945        0.000000000000002
        0.566666666666667        0.766666666666667       -3.186992146661629       -3.186992146661631        0.000000000000001
        0.500000000000000        0.800000000000000       -9.014175033970837       -9.014175033970840        0.000000000000003
        0.533333333333333        0.833333333333333       -6.156796045281810       -6.156796045281813        0.000000000000003
        0.566666666666667        0.866666666666667       -2.857378988689030       -2.857378988689031        0.000000000000001
        0.500000000000000        0.900000000000000       -6.373984293323258       -6.373984293323258        0.000000000000000
        0.533333333333333        0.933333333333333       -3.186992146661630       -3.186992146661630        0.000000000000000
        0.566666666666667        0.966666666666667       -0.853951971982315       -0.853951971982314        0.000000000000000
        0.500000000000000        1.000000000000000       -0.000000000000003       -0.000000000000003        0.000000000000000
        0.533333333333333        1.033333333333333        1.649708528296389        1.649708528296388        0.000000000000001
        0.566666666666667        1.066666666666667        1.649708528296391        1.649708528296390        0.000000000000000
        0.600000000000000        0.000000000000000       -0.000000000000002       -0.000000000000002        0.000000000000000
        0.633333333333333        0.033333333333333        3.186992146661625        3.186992146661628        0.000000000000003
        0.666666666666667        0.066666666666667        5.520032321340940        5.520032321340942        0.000000000000002
        0.600000000000000        0.100000000000000       -0.000000000000002       -0.000000000000001        0.000000000000000
        0.633333333333333        0.133333333333333        1.649708528296389        1.649708528296389        0.000000000000001
        0.666666666666667        0.166666666666667        1.649708528296390        1.649708528296389        0.000000000000001
        0.600000000000000        0.200000000000000       -0.000000000000000       -0.000000000000000        0.000000000000000
        0.633333333333333        0.233333333333333       -0.853951971982312       -0.853951971982312        0.000000000000000
        0.666666666666667        0.266666666666667       -3.186992146661626       -3.186992146661626        0.000000000000000
        0.600000000000000        0.300000000000000        0.000000000000002        0.000000000000001        0.000000000000000
        0.633333333333333        0.333333333333333       -2.857378988689025       -2.857378988689026        0.000000000000001
        0.666666666666667        0.366666666666667       -6.156796045281806       -6.156796045281807        0.000000000000001
        0.600000000000000        0.400000000000000        0.000000000000002        0.000000000000002        0.000000000000000
        0.633333333333333        0.433333333333333       -3.186992146661625       -3.186992146661627        0.000000000000001
        0.666666666666667        0.466666666666667       -5.520032321340940       -5.520032321340942        0.000000000000002
        0.600000000000000        0.500000000000000        0.000000000000002        0.000000000000001        0.000000000000000
        0.633333333333333        0.533333333333333       -1.649708528296390       -1.649708528296391        0.000000000000001
        0.666666666666667        0.566666666666667       -1.649708528296391       -1.649708528296392        0.000000000000001
        0.600000000000000        0.600000000000000        0.000000000000000        0.000000000000000        0.000000000000000
        0.633333333333333        0.633333333333333        0.853951971982312        0.853951971982313        0.000000000000001
        0.666666666666667        0.666666666666667        3.186992146661625        3.186992146661627        0.000000000000001
        0.600000000000000        0.700000000000000       -0.000000000000002       -0.000000000000001        0.000000000000000
        0.633333333333333        0.733333333333333        2.857378988689025        2.857378988689026        0.000000000000001
        0.666666666666667        0.766666666666667        6.156796045281806        6.156796045281808        0.000000000000002
        0.600000000000000        0.800000000000000       -0.000000000000002       -0.000000000000002        0.000000000000000
        0.633333333333333        0.833333333333333        3.186992146661626        3.186992146661627        0.000000000000002
        0.666666666666667        0.866666666666667        5.520032321340941        5.520032321340942        0.000000000000001
        0.600000000000000        0.900000000000000       -0.000000000000002       -0.000000000000001        0.000000000000000
        0.633333333333333        0.933333333333333        1.649708528296390        1.649708528296390        0.000000000000000
        0.666666666666667        0.966666666666667        1.649708528296392        1.649708528296391        0.000000000000001
        0.600000000000000        1.000000000000000       -0.000000000000000       -0.000000000000000        0.000000000000000
        0.633333333333333        1.033333333333333       -0.853951971982312       -0.853951971982311        0.000000000000000
        0.666666666666667        1.066666666666667       -3.186992146661625       -3.186992146661624        0.000000000000001
        0.700000000000000        0.000000000000000        9.014175033970834        9.014175033970839        0.000000000000006
        0.733333333333333        0.033333333333333       10.663883562267225       10.663883562267230        0.000000000000005
        0.766666666666667        0.066666666666667       10.663883562267225       10.663883562267227        0.000000000000001
        0.700000000000000        0.100000000000000        6.373984293323254        6.373984293323252        0.000000000000002
        0.733333333333333        0.133333333333333        5.520032321340942        5.520032321340937        0.000000000000004
        0.766666666666667        0.166666666666667        3.186992146661628        3.186992146661625        0.000000000000003
        0.700000000000000        0.200000000000000        0.000000000000001        0.000000000000000        0.000000000000001
        0.733333333333333        0.233333333333333       -2.857378988689026       -2.857378988689025        0.000000000000001
        0.766666666666667        0.266666666666667       -6.156796045281807       -6.156796045281806        0.000000000000001
        0.700000000000000        0.300000000000000       -6.373984293323253       -6.373984293323253        0.000000000000000
        0.733333333333333        0.333333333333333       -9.560976439984881       -9.560976439984881        0.000000000000000
        0.766666666666667        0.366666666666667      -11.894016614664196      -11.894016614664197        0.000000000000001
        0.700000000000000        0.400000000000000       -9.014175033970834       -9.014175033970834        0.000000000000001
        0.733333333333333        0.433333333333333      -10.663883562267225      -10.663883562267226        0.000000000000001
        0.766666666666667        0.466666666666667      -10.663883562267226      -10.663883562267228        0.000000000000002
        0.700000000000000        0.500000000000000       -6.373984293323255       -6.373984293323257        0.000000000000002
        0.733333333333333        0.533333333333333       -5.520032321340943       -5.520032321340945        0.000000000000002
        0.766666666666667        0.566666666666667       -3.186992146661629       -3.186992146661631        0.000000000000001
        0.700000000000000        0.600000000000000       -0.000000000000002       -0.000000000000001        0.000000000000000
        0.733333333333333        0.633333333333333        2.857378988689025        2.857378988689026        0.000000000000001
        0.766666666666667        0.666666666666667        6.156796045281806        6.156796045281808        0.000000000000002
        0.700000000000000        0.700000000000000        6.373984293323252        6.373984293323254        0.000000000000001
        0.733333333333333        0.733333333333333        9.560976439984880        9.560976439984881        0.000000000000001
        0.766666666666667        0.766666666666667       11.894016614664196       11.894016614664197        0.000000000000002
        0.700000000000000        0.800000000000000        9.014175033970834        9.014175033970836        0.000000000000002
        0.733333333333333        0.833333333333333       10.663883562267225       10.663883562267227        0.000000000000002
        0.766666666666667        0.866666666666667       10.663883562267227       10.663883562267228        0.000000000000001
        0.700000000000000        0.900000000000000        6.373984293323256        6.373984293323255        0.000000000000001
        0.733333333333333        0.933333333333333        5.520032321340944        5.520032321340941        0.000000000000003
        0.766666666666667        0.966666666666667        3.186992146661631        3.186992146661629        0.000000000000002
        0.700000000000000        1.000000000000000        0.000000000000003        0.000000000000003        0.000000000000000
        0.733333333333333        1.033333333333333       -2.857378988689023       -2.857378988689021        0.000000000000002
        0.766666666666667        1.066666666666667       -6.156796045281804       -6.156796045281802        0.000000000000003
        0.800000000000000        0.000000000000000       12.747968586646510       12.747968586646519        0.000000000000009
        0.833333333333333        0.033333333333333       11.894016614664198       11.894016614664204        0.000000000000006
        0.866666666666667        0.066666666666667        9.560976439984884        9.560976439984885        0.000000000000000
        0.800000000000000        0.100000000000000        9.014175033970836        9.014175033970833        0.000000000000002
        0.833333333333333        0.133333333333333        6.156796045281809        6.156796045281805        0.000000000000004
        0.866666666666667        0.166666666666667        2.857378988689028        2.857378988689025        0.000000000000003
        0.800000000000000        0.200000000000000        0.000000000000001        0.000000000000000        0.000000000000001
        0.833333333333333        0.233333333333333       -3.186992146661627       -3.186992146661626        0.000000000000001
        0.866666666666667        0.266666666666667       -5.520032321340942       -5.520032321340940        0.000000000000002
        0.800000000000000        0.300000000000000       -9.014175033970835       -9.014175033970834        0.000000000000000
        0.833333333333333        0.333333333333333      -10.663883562267226      -10.663883562267227        0.000000000000001
        0.866666666666667        0.366666666666667      -10.663883562267227      -10.663883562267227        0.000000000000000
        0.800000000000000        0.400000000000000      -12.747968586646510      -12.747968586646512        0.000000000000001
        0.833333333333333        0.433333333333333      -11.894016614664198      -11.894016614664200        0.000000000000001
        0.866666666666667        0.466666666666667       -9.560976439984885       -9.560976439984886        0.000000000000001
        0.800000000000000        0.500000000000000       -9.014175033970837       -9.014175033970840        0.000000000000003
        0.833333333333333        0.533333333333333       -6.156796045281810       -6.156796045281813        0.000000000000003
        0.866666666666667        0.566666666666667       -2.857378988689030       -2.857378988689031        0.000000000000001
        0.800000000000000        0.600000000000000       -0.000000000000002       -0.000000000000002        0.000000000000000
        0.833333333333333        0.633333333333333        3.186992146661626        3.186992146661627        0.000000000000002
        0.866666666666667        0.666666666666667        5.520032321340941        5.520032321340942        0.000000000000001
        0.800000000000000        0.700000000000000        9.014175033970834        9.014175033970836        0.000000000000002
        0.833333333333333        0.733333333333333       10.663883562267225       10.663883562267227        0.000000000000002
        0.866666666666667        0.766666666666667       10.663883562267227       10.663883562267228        0.000000000000001
        0.800000000000000        0.800000000000000       12.747968586646510       12.747968586646513        0.000000000000003
        0.833333333333333        0.833333333333333       11.894016614664199       11.894016614664201        0.000000000000002
        0.866666666666667        0.866666666666667        9.560976439984886        9.560976439984885        0.000000000000000
        0.800000000000000        0.900000000000000        9.014175033970838        9.014175033970837        0.000000000000001
        0.833333333333333        0.933333333333333        6.156796045281812        6.156796045281809        0.000000000000003
        0.866666666666667        0.966666666666667        2.857378988689031        2.857378988689029        0.000000000000002
        0.800000000000000        1.000000000000000        0.000000000000004        0.000000000000004        0.000000000000000
        0.833333333333333        1.033333333333333       -3.186992146661624       -3.186992146661622        0.000000000000002
        0.866666666666667        1.066666666666667       -5.520032321340940       -5.520032321340937        0.000000000000003
        0.900000000000000        0.000000000000000        9.014175033970838        9.014175033970841        0.000000000000003
        0.933333333333333        0.033333333333333        6.156796045281811        6.156796045281811        0.000000000000001
        0.966666666666667        0.066666666666667        2.857378988689030        2.857378988689028        0.000000000000002
        0.900000000000000        0.100000000000000        6.373984293323257        6.373984293323253        0.000000000000004
        0.933333333333333        0.133333333333333        3.186992146661629        3.186992146661625        0.000000000000004
        0.966666666666667        0.166666666666667        0.853951971982314        0.853951971982313        0.000000000000002
        0.900000000000000        0.200000000000000        0.000000000000001        0.000000000000000        0.000000000000001
        0.933333333333333        0.233333333333333       -1.649708528296391       -1.649708528296389        0.000000000000002
        0.966666666666667        0.266666666666667       -1.649708528296392       -1.649708528296390        0.000000000000002
        0.900000000000000        0.300000000000000       -6.373984293323256       -6.373984293323254        0.000000000000003
        0.933333333333333        0.333333333333333       -5.520032321340944       -5.520032321340941        0.000000000000003
        0.966666666666667        0.366666666666667       -3.186992146661631       -3.186992146661629        0.000000000000002
        0.900000000000000        0.400000000000000       -9.014175033970838       -9.014175033970835        0.000000000000003
        0.933333333333333        0.433333333333333       -6.156796045281812       -6.156796045281808        0.000000000000003
        0.966666666666667        0.466666666666667       -2.857378988689031       -2.857378988689029        0.000000000000002
        0.900000000000000        0.500000000000000       -6.373984293323258       -6.373984293323258        0.000000000000000
        0.933333333333333        0.533333333333333       -3.186992146661630       -3.186992146661630        0.000000000000001
        0.966666666666667        0.566666666666667       -0.853951971982315       -0.853951971982314        0.000000000000000
        0.900000000000000        0.600000000000000       -0.000000000000002       -0.000000000000001        0.000000000000000
        0.933333333333333        0.633333333333333        1.649708528296390        1.649708528296390        0.000000000000000
        0.966666666666667        0.666666666666667        1.649708528296392        1.649708528296391        0.000000000000001
        0.900000000000000        0.700000000000000        6.373984293323256        6.373984293323255        0.000000000000001
        0.933333333333333        0.733333333333333        5.520032321340944        5.520032321340941        0.000000000000003
        0.966666666666667        0.766666666666667        3.186992146661631        3.186992146661629        0.000000000000002
        0.900000000000000        0.800000000000000        9.014175033970838        9.014175033970837        0.000000000000001
        0.933333333333333        0.833333333333333        6.156796045281812        6.156796045281809        0.000000000000003
        0.966666666666667        0.866666666666667        2.857378988689031        2.857378988689029        0.000000000000002
        0.900000000000000        0.900000000000000        6.373984293323259        6.373984293323255        0.000000000000003
        0.933333333333333        0.933333333333333        3.186992146661631        3.186992146661627        0.000000000000003
        0.966666666666667        0.966666666666667        0.853951971982315        0.853951971982314        0.000000000000001
        0.900000000000000        1.000000000000000        0.000000000000003        0.000000000000003        0.000000000000000
        0.933333333333333        1.033333333333333       -1.649708528296389       -1.649708528296387        0.000000000000002
        0.966666666666667        1.066666666666667       -1.649708528296391       -1.649708528296389        0.000000000000002
        1.000000000000000        0.000000000000000        0.000000000000004        0.000000000000004        0.000000000000000
        1.033333333333333        0.033333333333333       -3.186992146661624       -3.186992146661623        0.000000000000001
        1.066666666666667        0.066666666666667       -5.520032321340939       -5.520032321340936        0.000000000000003
        1.000000000000000        0.100000000000000        0.000000000000003        0.000000000000003        0.000000000000000
        1.033333333333333        0.133333333333333       -1.649708528296389       -1.649708528296386        0.000000000000003
        1.066666666666667        0.166666666666667       -1.649708528296390       -1.649708528296387        0.000000000000003
        1.000000000000000        0.200000000000000        0.000000000000000        0.000000000000000        0.000000000000000
        1.033333333333333        0.233333333333333        0.853951971982312        0.853951971982311        0.000000000000001
        1.066666666666667        0.266666666666667        3.186992146661625        3.186992146661623        0.000000000000003
        1.000000000000000        0.300000000000000       -0.000000000000003       -0.000000000000003        0.000000000000000
        1.033333333333333        0.333333333333333        2.857378988689024        2.857378988689021        0.000000000000002
        1.066666666666667        0.366666666666667        6.156796045281805        6.156796045281801        0.000000000000003
        1.000000000000000        0.400000000000000       -0.000000000000004       -0.000000000000004        0.000000000000000
        1.033333333333333        0.433333333333333        3.186992146661624        3.186992146661622        0.000000000000002
        1.066666666666667        0.466666666666667        5.520032321340939        5.520032321340937        0.000000000000002
        1.000000000000000        0.500000000000000       -0.000000000000003       -0.000000000000003        0.000000000000000
        1.033333333333333        0.533333333333333        1.649708528296389        1.649708528296388        0.000000000000001
        1.066666666666667        0.566666666666667        1.649708528296391        1.649708528296390        0.000000000000000
        1.000000000000000        0.600000000000000       -0.000000000000000       -0.000000000000000        0.000000000000000
        1.033333333333333        0.633333333333333       -0.853951971982312       -0.853951971982311        0.000000000000000
        1.066666666666667        0.666666666666667       -3.186992146661625       -3.186992146661624        0.000000000000001
        1.000000000000000        0.700000000000000        0.000000000000003        0.000000000000003        0.000000000000000
        1.033333333333333        0.733333333333333       -2.857378988689023       -2.857378988689021        0.000000000000002
        1.066666666666667        0.766666666666667       -6.156796045281804       -6.156796045281802        0.000000000000003
        1.000000000000000        0.800000000000000        0.000000000000004        0.000000000000004        0.000000000000000
        1.033333333333333        0.833333333333333       -3.186992146661624       -3.186992146661622        0.000000000000002
        1.066666666666667        0.866666666666667       -5.520032321340940       -5.520032321340937        0.000000000000003
        1.000000000000000        0.900000000000000        0.000000000000003        0.000000000000003        0.000000000000000
        1.033333333333333        0.933333333333333       -1.649708528296389       -1.649708528296387        0.000000000000002
        1.066666666666667        0.966666666666667       -1.649708528296391       -1.649708528296389        0.000000000000002
        1.000000000000000        1.000000000000000        0.000000000000000        0.000000000000000        0.000000000000000
        1.033333333333333        1.033333333333333        0.853951971982311        0.853951971982310        0.000000000000001
        1.066666666666667        1.066666666666667        3.186992146661624        3.186992146661621        0.000000000000003
