        0.000000000000000        0.000000000000000       12.194179071211559       12.194179071211573        0.000000000000014
        0.033333333333333        0.033333333333333       11.377323962588651       11.377323962588660        0.000000000000010
        0.066666666666667        0.066666666666667        9.145634303408670        9.145634303408671        0.000000000000001
        0.000000000000000        0.100000000000000        8.622586712256770        8.622586712256771        0.000000000000001
        0.033333333333333        0.133333333333333        5.889336247638445        5.889336247638443        0.000000000000002
        0.066666666666667        0.166666666666667        2.733250464618326        2.733250464618323        0.000000000000003
        0.000000000000000        0.200000000000000        0.000000000000001        0.000000000000000        0.000000000000001
        0.033333333333333        0.233333333333333       -3.048544767802889       -3.048544767802889        0.000000000000000
        0.066666666666667        0.266666666666667       -5.280234426982870       -5.280234426982869        0.000000000000001
        0.000000000000000        0.300000000000000       -8.622586712256769       -8.622586712256772        0.000000000000004
        0.033333333333333        0.333333333333333      -10.200629603766829      -10.200629603766833        0.000000000000004
        0.066666666666667        0.366666666666667      -10.200629603766829      -10.200629603766829        0.000000000000000
        0.000000000000000        0.400000000000000      -12.194179071211559      -12.194179071211566        0.000000000000007
        0.033333333333333        0.433333333333333      -11.377323962588651      -11.377323962588656        0.000000000000005
        0.066666666666667        0.466666666666667       -9.145634303408670       -9.145634303408672        0.000000000000002
        0.000000000000000        0.500000000000000       -8.622586712256771       -8.622586712256778        0.000000000000007
        0.033333333333333        0.533333333333333       -5.889336247638446       -5.889336247638451        0.000000000000005
        0.066666666666667        0.566666666666667       -2.733250464618327       -2.733250464618328        0.000000000000001
        0.000000000000000        0.600000000000000       -0.000000000000002       -0.000000000000002        0.000000000000000
        0.033333333333333        0.633333333333333        3.048544767802888        3.048544767802890        0.000000000000003
        0.066666666666667        0.666666666666667        5.280234426982869        5.280234426982871        0.000000000000002
        0.000000000000000        0.700000000000000        8.622586712256768        8.622586712256773        0.000000000000006
        0.033333333333333        0.733333333333333       10.200629603766828       10.200629603766833        0.000000000000005
        0.066666666666667        0.766666666666667       10.200629603766829       10.200629603766830        0.000000000000001
        0.000000000000000        0.800000000000000       12.194179071211559       12.194179071211568        0.000000000000008
        0.033333333333333        0.833333333333333       11.377323962588651       11.377323962588657        0.000000000000006
        0.066666666666667        0.866666666666667        9.145634303408671        9.145634303408672        0.000000000000000
        0.000000000000000        0.900000000000000        8.622586712256772        8.622586712256775        0.000000000000003
        0.033333333333333        0.933333333333333        5.889336247638447        5.889336247638447        0.000000000000001
        0.066666666666667        0.966666666666667        2.733250464618328        2.733250464618326        0.000000000000002
        0.000000000000000        1.000000000000000        0.000000000000004        0.000000000000004        0.000000000000000
        0.033333333333333        1.033333333333333       -3.048544767802886       -3.048544767802885        0.000000000000001
        0.066666666666667        1.066666666666667       -5.280234426982868       -5.280234426982866        0.000000000000002
        0.100000000000000        0.000000000000000        8.622586712256770        8.622586712256771        0.000000000000001
        0.133333333333333        0.033333333333333        5.889336247638445        5.889336247638443        0.000000000000002
        0.166666666666667        0.066666666666667        2.733250464618326        2.733250464618323        0.000000000000003
        0.100000000000000        0.100000000000000        6.097089535605780        6.097089535605775        0.000000000000005
        0.133333333333333        0.133333333333333        3.048544767802890        3.048544767802885        0.000000000000005
        0.166666666666667        0.166666666666667        0.816855108622909        0.816855108622907        0.000000000000002
        0.100000000000000        0.200000000000000        0.000000000000001        0.000000000000000        0.000000000000001
        0.133333333333333        0.233333333333333       -1.578042891510059       -1.578042891510057        0.000000000000002
        0.166666666666667        0.266666666666667       -1.578042891510060       -1.578042891510058        0.000000000000002
        0.100000000000000        0.300000000000000       -6.097089535605779       -6.097089535605776        0.000000000000003
        0.133333333333333        0.333333333333333       -5.280234426982871       -5.280234426982867        0.000000000000004
        0.166666666666667        0.366666666666667       -3.048544767802890       -3.048544767802887        0.000000000000003
        0.100000000000000        0.400000000000000       -8.622586712256770       -8.622586712256766        0.000000000000004
        0.133333333333333        0.433333333333333       -5.889336247638445       -5.889336247638440        0.000000000000005
        0.166666666666667        0.466666666666667       -2.733250464618326       -2.733250464618323        0.000000000000003
        0.100000000000000        0.500000000000000       -6.097089535605781       -6.097089535605780        0.000000000000001
        0.133333333333333        0.533333333333333       -3.048544767802891       -3.048544767802890        0.000000000000001
        0.166666666666667        0.566666666666667       -0.816855108622910       -0.816855108622909        0.000000000000001
        0.100000000000000        0.600000000000000       -0.000000000000002       -0.000000000000001        0.000000000000000
        0.133333333333333        0.633333333333333        1.578042891510059        1.578042891510058        0.000000000000001
        0.166666666666667        0.666666666666667        1.578042891510059        1.578042891510058        0.000000000000001
        0.100000000000000        0.700000000000000        6.097089535605779        6.097089535605777        0.000000000000002
        0.133333333333333        0.733333333333333        5.280234426982871        5.280234426982867        0.000000000000004
        0.166666666666667        0.766666666666667        3.048544767802890        3.048544767802887        0.000000000000003
        0.100000000000000        0.800000000000000        8.622586712256770        8.622586712256767        0.000000000000002
        0.133333333333333        0.833333333333333        5.889336247638445        5.889336247638441        0.000000000000004
        0.166666666666667        0.866666666666667        2.733250464618326        2.733250464618323        0.000000000000003
        0.100000000000000        0.900000000000000        6.097089535605782        6.097089535605778        0.000000000000004
        0.133333333333333        0.933333333333333        3.048544767802892        3.048544767802888        0.000000000000004
        0.166666666666667        0.966666666666667        0.816855108622910        0.816855108622908        0.000000000000002
        0.100000000000000        1.000000000000000        0.000000000000003        0.000000000000003        0.000000000000000
        0.133333333333333        1.033333333333333       -1.578042891510058       -1.578042891510055        0.000000000000002
        0.166666666666667        1.066666666666667       -1.578042891510059       -1.578042891510057        0.000000000000003
        0.200000000000000        0.000000000000000        0.000000000000001        0.000000000000000        0.000000000000001
        0.233333333333333        0.033333333333333       -3.048544767802889       -3.048544767802889        0.000000000000000
        0.266666666666667        0.066666666666667       -5.280234426982870       -5.280234426982869        0.000000000000001
        0.200000000000000        0.100000000000000        0.000000000000001        0.000000000000000        0.000000000000001
        0.233333333333333        0.133333333333333       -1.578042891510059       -1.578042891510057        0.000000000000002
        0.266666666666667        0.166666666666667       -1.578042891510060       -1.578042891510058        0.000000000000002
        0.200000000000000        0.200000000000000        0.000000000000000        0.000000000000000        0.000000000000000
        0.233333333333333        0.233333333333333        0.816855108622908        0.816855108622908        0.000000000000001
        0.266666666666667        0.266666666666667        3.048544767802889        3.048544767802887        0.000000000000002
        0.200000000000000        0.300000000000000       -0.000000000000001       -0.000000000000000        0.000000000000001
        0.233333333333333        0.333333333333333        2.733250464618324        2.733250464618323        0.000000000000001
        0.266666666666667        0.366666666666667        5.889336247638443        5.889336247638441        0.000000000000002
        0.200000000000000        0.400000000000000       -0.000000000000001       -0.000000000000000        0.000000000000001
        0.233333333333333        0.433333333333333        3.048544767802889        3.048544767802888        0.000000000000001
        0.266666666666667        0.466666666666667        5.280234426982871        5.280234426982869        0.000000000000001
        0.200000000000000        0.500000000000000       -0.000000000000001       -0.000000000000000        0.000000000000001
        0.233333333333333        0.533333333333333        1.578042891510060        1.578042891510060        0.000000000000000
        0.266666666666667        0.566666666666667        1.578042891510060        1.578042891510061        0.000000000000000
        0.200000000000000        0.600000000000000       -0.000000000000000       -0.000000000000000        0.000000000000000
        0.233333333333333        0.633333333333333       -0.816855108622908       -0.816855108622908        0.000000000000000
        0.266666666666667        0.666666666666667       -3.048544767802888       -3.048544767802888        0.000000000000000
        0.200000000000000        0.700000000000000        0.000000000000001        0.000000000000000        0.000000000000001
        0.233333333333333        0.733333333333333       -2.733250464618324       -2.733250464618323        0.000000000000001
        0.266666666666667        0.766666666666667       -5.889336247638443       -5.889336247638442        0.000000000000001
        0.200000000000000        0.800000000000000        0.000000000000001        0.000000000000000        0.000000000000001
        0.233333333333333        0.833333333333333       -3.048544767802889       -3.048544767802888        0.000000000000001
        0.266666666666667        0.866666666666667       -5.280234426982871       -5.280234426982869        0.000000000000002
        0.200000000000000        0.900000000000000        0.000000000000001        0.000000000000000        0.000000000000001
        0.233333333333333        0.933333333333333       -1.578042891510060       -1.578042891510058        0.000000000000002
        0.266666666666667        0.966666666666667       -1.578042891510061       -1.578042891510060        0.000000000000002
        0.200000000000000        1.000000000000000        0.000000000000000        0.000000000000000        0.000000000000000
        0.233333333333333        1.033333333333333        0.816855108622908        0.816855108622907        0.000000000000001
        0.266666666666667        1.066666666666667        3.048544767802888        3.048544767802885        0.000000000000003
        0.300000000000000        0.000000000000000       -8.622586712256769       -8.622586712256772        0.000000000000004
        0.333333333333333        0.033333333333333      -10.200629603766829      -10.200629603766833        0.000000000000004
        0.366666666666667        0.066666666666667      -10.200629603766829      -10.200629603766829        0.000000000000000
        0.300000000000000        0.100000000000000       -6.097089535605779       -6.097089535605776        0.000000000000003
        0.333333333333333        0.133333333333333       -5.280234426982871       -5.280234426982867        0.000000000000004
        0.366666666666667        0.166666666666667       -3.048544767802890       -3.048544767802887        0.000000000000003
        0.300000000000000        0.200000000000000       -0.000000000000001       -0.000000000000000        0.000000000000001
        0.333333333333333        0.233333333333333        2.733250464618324        2.733250464618323        0.000000000000001
        0.366666666666667        0.266666666666667        5.889336247638443        5.889336247638441        0.000000000000002
        0.300000000000000        0.300000000000000        6.097089535605779        6.097089535605777        0.000000000000002
        0.333333333333333        0.333333333333333        9.145634303408669        9.145634303408668        0.000000000000001
        0.366666666666667        0.366666666666667       11.377323962588650       11.377323962588650        0.000000000000000
        0.300000000000000        0.400000000000000        8.622586712256769        8.622586712256767        0.000000000000001
        0.333333333333333        0.433333333333333       10.200629603766829       10.200629603766829        0.000000000000000
        0.366666666666667        0.466666666666667       10.200629603766830       10.200629603766831        0.000000000000001
        0.300000000000000        0.500000000000000        6.097089535605780        6.097089535605781        0.000000000000001
        0.333333333333333        0.533333333333333        5.280234426982872        5.280234426982874        0.000000000000002
        0.366666666666667        0.566666666666667        3.048544767802892        3.048544767802893        0.000000000000001
        0.300000000000000        0.600000000000000        0.000000000000002        0.000000000000001        0.000000000000000
        0.333333333333333        0.633333333333333       -2.733250464618323       -2.733250464618324        0.000000000000001
        0.366666666666667        0.666666666666667       -5.889336247638442       -5.889336247638443        0.000000000000001
        0.300000000000000        0.700000000000000       -6.097089535605778       -6.097089535605778        0.000000000000000
        0.333333333333333        0.733333333333333       -9.145634303408668       -9.145634303408668        0.000000000000000
        0.366666666666667        0.766666666666667      -11.377323962588650      -11.377323962588650        0.000000000000001
        0.300000000000000        0.800000000000000       -8.622586712256769       -8.622586712256769        0.000000000000000
        0.333333333333333        0.833333333333333      -10.200629603766829      -10.200629603766830        0.000000000000001
        0.366666666666667        0.866666666666667      -10.200629603766830      -10.200629603766830        0.000000000000000
        0.300000000000000        0.900000000000000       -6.097089535605781       -6.097089535605778        0.000000000000002
        0.333333333333333        0.933333333333333       -5.280234426982873       -5.280234426982870        0.000000000000003
        0.366666666666667        0.966666666666667       -3.048544767802893       -3.048544767802891        0.000000000000002
        0.300000000000000        1.000000000000000       -0.000000000000003       -0.000000000000003        0.000000000000000
        0.333333333333333        1.033333333333333        2.733250464618322        2.733250464618320        0.000000000000002
        0.366666666666667        1.066666666666667        5.889336247638441        5.889336247638438        0.000000000000003
        0.400000000000000        0.000000000000000      -12.194179071211559      -12.194179071211566        0.000000000000007
        0.433333333333333        0.033333333333333      -11.377323962588651      -11.377323962588656        0.000000000000005
        0.466666666666667        0.066666666666667       -9.145634303408670       -9.145634303408672        0.000000000000002
        0.400000000000000        0.100000000000000       -8.622586712256770       -8.622586712256766        0.000000000000004
        0.433333333333333        0.133333333333333       -5.889336247638445       -5.889336247638440        0.000000000000005
        0.466666666666667        0.166666666666667       -2.733250464618326       -2.733250464618323        0.000000000000003
        0.400000000000000        0.200000000000000       -0.000000000000001       -0.000000000000000        0.000000000000001
        0.433333333333333        0.233333333333333        3.048544767802889        3.048544767802888        0.000000000000001
        0.466666666666667        0.266666666666667        5.280234426982871        5.280234426982869        0.000000000000001
        0.400000000000000        0.300000000000000        8.622586712256769        8.622586712256767        0.000000000000001
        0.433333333333333        0.333333333333333       10.200629603766829       10.200629603766829        0.000000000000000
        0.466666666666667        0.366666666666667       10.200629603766830       10.200629603766831        0.000000000000001
        0.400000000000000        0.400000000000000       12.194179071211559       12.194179071211559        0.000000000000001
        0.433333333333333        0.433333333333333       11.377323962588651       11.377323962588652        0.000000000000000
        0.466666666666667        0.466666666666667        9.145634303408671        9.145634303408673        0.000000000000002
        0.400000000000000        0.500000000000000        8.622586712256771        8.622586712256773        0.000000000000002
        0.433333333333333        0.533333333333333        5.889336247638446        5.889336247638449        0.000000000000002
        0.466666666666667        0.566666666666667        2.733250464618327        2.733250464618328        0.000000000000001
        0.400000000000000        0.600000000000000        0.000000000000002        0.000000000000002        0.000000000000000
        0.433333333333333        0.633333333333333       -3.048544767802888       -3.048544767802889        0.000000000000001
        0.466666666666667        0.666666666666667       -5.280234426982869       -5.280234426982871        0.000000000000002
        0.400000000000000        0.700000000000000       -8.622586712256768       -8.622586712256768        0.000000000000001
        0.433333333333333        0.733333333333333      -10.200629603766828      -10.200629603766829        0.000000000000001
        0.466666666666667        0.766666666666667      -10.200629603766829      -10.200629603766831        0.000000000000002
        0.400000000000000        0.800000000000000      -12.194179071211559      -12.194179071211561        0.000000000000001
        0.433333333333333        0.833333333333333      -11.377323962588652      -11.377323962588653        0.000000000000001
        0.466666666666667        0.866666666666667       -9.145634303408672       -9.145634303408673        0.000000000000001
        0.400000000000000        0.900000000000000       -8.622586712256772       -8.622586712256769        0.000000000000002
        0.433333333333333        0.933333333333333       -5.889336247638448       -5.889336247638444        0.000000000000003
        0.466666666666667        0.966666666666667       -2.733250464618328       -2.733250464618327        0.000000000000002
        0.400000000000000        1.000000000000000       -0.000000000000004       -0.000000000000004        0.000000000000000
        0.433333333333333        1.033333333333333        3.048544767802886        3.048544767802884        0.000000000000002
        0.466666666666667        1.066666666666667        5.280234426982868        5.280234426982866        0.000000000000002
        0.500000000000000        0.000000000000000       -8.622586712256771       -8.622586712256778        0.000000000000007
        0.533333333333333        0.033333333333333       -5.889336247638446       -5.889336247638451        0.000000000000005
        0.566666666666667        0.066666666666667       -2.733250464618327       -2.733250464618328        0.000000000000001
        0.500000000000000        0.100000000000000       -6.097089535605781       -6.097089535605780        0.000000000000001
        0.533333333333333        0.133333333333333       -3.048544767802891       -3.048544767802890        0.000000000000001
        0.566666666666667        0.166666666666667       -0.816855108622910       -0.816855108622909        0.000000000000001
        0.500000000000000        0.200000000000000       -0.000000000000001       -0.000000000000000        0.000000000000001
        0.533333333333333        0.233333333333333        1.578042891510060        1.578042891510060        0.000000000000000
        0.566666666666667        0.266666666666667        1.578042891510060        1.578042891510061        0.000000000000000
        0.500000000000000        0.300000000000000        6.097089535605780        6.097089535605781        0.000000000000001
        0.533333333333333        0.333333333333333        5.280234426982872        5.280234426982874        0.000000000000002
        0.566666666666667        0.366666666666667        3.048544767802892        3.048544767802893        0.000000000000001
        0.500000000000000        0.400000000000000        8.622586712256771        8.622586712256773        0.000000000000002
        0.533333333333333        0.433333333333333        5.889336247638446        5.889336247638449        0.000000000000002
        0.566666666666667        0.466666666666667        2.733250464618327        2.733250464618328        0.000000000000001
        0.500000000000000        0.500000000000000        6.097089535605782        6.097089535605785        0.000000000000003
        0.533333333333333        0.533333333333333        3.048544767802892        3.048544767802894        0.000000000000002
        0.566666666666667        0.566666666666667        0.816855108622910        0.816855108622911        0.000000000000001
        0.500000000000000        0.600000000000000        0.000000000000002        0.000000000000001        0.000000000000000
        0.533333333333333        0.633333333333333       -1.578042891510059       -1.578042891510060        0.000000000000001
        0.566666666666667        0.666666666666667       -1.578042891510060       -1.578042891510061        0.000000000000001
        0.500000000000000        0.700000000000000       -6.097089535605779       -6.097089535605781        0.000000000000002
        0.533333333333333        0.733333333333333       -5.280234426982872       -5.280234426982874        0.000000000000002
        0.566666666666667        0.766666666666667       -3.048544767802892       -3.048544767802893        0.000000000000001
        0.500000000000000        0.800000000000000       -8.622586712256771       -8.622586712256774        0.000000000000003
        0.533333333333333        0.833333333333333       -5.889336247638447       -5.889336247638449        0.000000000000003
        0.566666666666667        0.866666666666667       -2.733250464618327       -2.733250464618328        0.000000000000001
        0.500000000000000        0.900000000000000       -6.097089535605782       -6.097089535605782        0.000000000000000
        0.533333333333333        0.933333333333333       -3.048544767802892       -3.048544767802892        0.000000000000000
        0.566666666666667        0.966666666666667       -0.816855108622910       -0.816855108622910        0.000000000000000
        0.500000000000000        1.000000000000000       -0.000000000000003       -0.000000000000003        0.000000000000000
        0.533333333333333        1.033333333333333        1.578042891510058        1.578042891510058        0.000000000000001
        0.566666666666667        1.066666666666667        1.578042891510060        1.578042891510060        0.000000000000000
        0.600000000000000        0.000000000000000       -0.000000000000002       -0.000000000000002        0.000000000000000
        0.633333333333333        0.033333333333333        3.048544767802888        3.048544767802890        0.000000000000003
        0.666666666666667        0.066666666666667        5.280234426982869        5.280234426982871        0.000000000000002
        0.600000000000000        0.100000000000000       -0.000000000000002       -0.000000000000001        0.000000000000000
        0.633333333333333        0.133333333333333        1.578042891510059        1.578042891510058        0.000000000000001
        0.666666666666667        0.166666666666667        1.578042891510059        1.578042891510058        0.000000000000001
        0.600000000000000        0.200000000000000       -0.000000000000000       -0.000000000000000        0.000000000000000
        0.633333333333333        0.233333333333333       -0.816855108622908       -0.816855108622908        0.000000000000000
        0.666666666666667        0.266666666666667       -3.048544767802888       -3.048544767802888        0.000000000000000
        0.600000000000000        0.300000000000000        0.000000000000002        0.000000000000001        0.000000000000000
        0.633333333333333        0.333333333333333       -2.733250464618323       -2.733250464618324        0.000000000000001
        0.666666666666667        0.366666666666667       -5.889336247638442       -5.889336247638443        0.000000000000001
        0.600000000000000        0.400000000000000        0.000000000000002        0.000000000000002        0.000000000000000
        0.633333333333333        0.433333333333333       -3.048544767802888       -3.048544767802889        0.000000000000001
        0.666666666666667        0.466666666666667       -5.280234426982869       -5.280234426982871        0.000000000000002
        0.600000000000000        0.500000000000000        0.000000000000002        0.000000000000001        0.000000000000000
        0.633333333333333        0.533333333333333       -1.578042891510059       -1.578042891510060        0.000000000000001
        0.666666666666667        0.566666666666667       -1.578042891510060       -1.578042891510061        0.000000000000001
        0.600000000000000        0.600000000000000        0.000000000000000        0.000000000000000        0.000000000000000
        0.633333333333333        0.633333333333333        0.816855108622908        0.816855108622908        0.000000000000001
        0.666666666666667        0.666666666666667        3.048544767802888        3.048544767802889        0.000000000000001
        0.600000000000000        0.700000000000000       -0.000000000000002       -0.000000000000001        0.000000000000000
        0.633333333333333        0.733333333333333        2.733250464618323        2.733250464618324        0.000000000000001
        0.666666666666667        0.766666666666667        5.889336247638442        5.889336247638444        0.000000000000002
        0.600000000000000        0.800000000000000       -0.000000000000002       -0.000000000000002        0.000000000000000
        0.633333333333333        0.833333333333333        3.048544767802888        3.048544767802890        0.000000000000002
        0.666666666666667        0.866666666666667        5.280234426982870        5.280234426982871        0.000000000000001
        0.600000000000000        0.900000000000000       -0.000000000000002       -0.000000000000001        0.000000000000000
        0.633333333333333        0.933333333333333        1.578042891510059        1.578042891510059        0.000000000000000
        0.666666666666667        0.966666666666667        1.578042891510061        1.578042891510060        0.000000000000001
        0.600000000000000        1.000000000000000       -0.000000000000000       -0.000000000000000        0.000000000000000
        0.633333333333333        1.033333333333333       -0.816855108622907       -0.816855108622907        0.000000000000000
        0.666666666666667        1.066666666666667       -3.048544767802887       -3.048544767802886        0.000000000000001
        0.700000000000000        0.000000000000000        8.622586712256768        8.622586712256773        0.000000000000006
        0.733333333333333        0.033333333333333       10.200629603766828       10.200629603766833        0.000000000000005
        0.766666666666667        0.066666666666667       10.200629603766829       10.200629603766830        0.000000000000001
        0.700000000000000        0.100000000000000        6.097089535605779        6.097089535605777        0.000000000000002
        0.733333333333333        0.133333333333333        5.280234426982871        5.280234426982867        0.000000000000004
        0.766666666666667        0.166666666666667        3.048544767802890        3.048544767802887        0.000000000000003
        0.700000000000000        0.200000000000000        0.000000000000001        0.000000000000000        0.000000000000001
        0.733333333333333        0.233333333333333       -2.733250464618324       -2.733250464618323        0.000000000000001
        0.766666666666667        0.266666666666667       -5.889336247638443       -5.889336247638442        0.000000000000001
        0.700000000000000        0.300000000000000       -6.097089535605778       -6.097089535605778        0.000000000000000
        0.733333333333333        0.333333333333333       -9.145634303408668       -9.145634303408668        0.000000000000000
        0.766666666666667        0.366666666666667      -11.377323962588650      -11.377323962588650        0.000000000000001
        0.700000000000000        0.400000000000000       -8.622586712256768       -8.622586712256768        0.000000000000001
        0.733333333333333        0.433333333333333      -10.200629603766828      -10.200629603766829        0.000000000000001
        0.766666666666667        0.466666666666667      -10.200629603766829      -10.200629603766831        0.000000000000002
        0.700000000000000        0.500000000000000       -6.097089535605779       -6.097089535605781        0.000000000000002
        0.733333333333333        0.533333333333333       -5.280234426982872       -5.280234426982874        0.000000000000002
        0.766666666666667        0.566666666666667       -3.048544767802892       -3.048544767802893        0.000000000000001
        0.700000000000000        0.600000000000000       -0.000000000000002       -0.000000000000001        0.000000000000000
        0.733333333333333        0.633333333333333        2.733250464618323        2.733250464618324        0.000000000000001
        0.766666666666667        0.666666666666667        5.889336247638442        5.889336247638444        0.000000000000002
        0.700000000000000        0.700000000000000        6.097089535605777        6.097089535605778        0.000000000000001
        0.733333333333333        0.733333333333333        9.145634303408667        9.145634303408668        0.000000000000001
        0.766666666666667        0.766666666666667       11.377323962588649       11.377323962588651        0.000000000000002
        0.700000000000000        0.800000000000000        8.622586712256768        8.622586712256770        0.000000000000002
        0.733333333333333        0.833333333333333       10.200629603766829       10.200629603766830        0.000000000000002
        0.766666666666667        0.866666666666667       10.200629603766830       10.200629603766831        0.000000000000001
        0.700000000000000        0.900000000000000        6.097089535605780        6.097089535605779        0.000000000000001
        0.733333333333333        0.933333333333333        5.280234426982873        5.280234426982870        0.000000000000003
        0.766666666666667        0.966666666666667        3.048544767802893        3.048544767802891        0.000000000000002
        0.700000000000000        1.000000000000000        0.000000000000003        0.000000000000003        0.000000000000000
        0.733333333333333        1.033333333333333       -2.733250464618321       -2.733250464618320        0.000000000000002
        0.766666666666667        1.066666666666667       -5.889336247638441       -5.889336247638438        0.000000000000003
        0.800000000000000        0.000000000000000       12.194179071211559       12.194179071211568        0.000000000000008
        0.833333333333333        0.033333333333333       11.377323962588651       11.377323962588657        0.000000000000006
        0.866666666666667        0.066666666666667        9.145634303408671        9.145634303408672        0.000000000000000
        0.800000000000000        0.100000000000000        8.622586712256770        8.622586712256767        0.000000000000002
        0.833333333333333        0.133333333333333        5.889336247638445        5.889336247638441        0.000000000000004
        0.866666666666667        0.166666666666667        2.733250464618326        2.733250464618323        0.000000000000003
        0.800000000000000        0.200000000000000        0.000000000000001        0.000000000000000        0.000000000000001
        0.833333333333333        0.233333333333333       -3.048544767802889       -3.048544767802888        0.000000000000001
        0.866666666666667        0.266666666666667       -5.280234426982871       -5.280234426982869        0.000000000000002
        0.800000000000000        0.300000000000000       -8.622586712256769       -8.622586712256769        0.000000000000000
        0.833333333333333        0.333333333333333      -10.200629603766829      -10.200629603766830        0.000000000000001
        0.866666666666667        0.366666666666667      -10.200629603766830      -10.200629603766830        0.000000000000000
        0.800000000000000        0.400000000000000      -12.194179071211559      -12.194179071211561        0.000000000000001
        0.833333333333333        0.433333333333333      -11.377323962588652      -11.377323962588653        0.000000000000001
        0.866666666666667        0.466666666666667       -9.145634303408672       -9.145634303408673        0.000000000000001
        0.800000000000000        0.500000000000000       -8.622586712256771       -8.622586712256774        0.000000000000003
        0.833333333333333        0.533333333333333       -5.889336247638447       -5.889336247638449        0.000000000000003
        0.866666666666667        0.566666666666667       -2.733250464618327       -2.733250464618328        0.000000000000001
        0.800000000000000        0.600000000000000       -0.000000000000002       -0.000000000000002        0.000000000000000
        0.833333333333333        0.633333333333333        3.048544767802888        3.048544767802890        0.000000000000002
        0.866666666666667        0.666666666666667        5.280234426982870        5.280234426982871        0.000000000000001
        0.800000000000000        0.700000000000000        8.622586712256768        8.622586712256770        0.000000000000002
        0.833333333333333        0.733333333333333       10.200629603766829       10.200629603766830        0.000000000000002
        0.866666666666667        0.766666666666667       10.200629603766830       10.200629603766831        0.000000000000001
        0.800000000000000        0.800000000000000       12.194179071211559       12.194179071211562        0.000000000000003
        0.833333333333333        0.833333333333333       11.377323962588652       11.377323962588655        0.000000000000002
        0.866666666666667        0.866666666666667        9.145634303408672        9.145634303408672        0.000000000000000
        0.800000000000000        0.900000000000000        8.622586712256772        8.622586712256771        0.000000000000001
        0.833333333333333        0.933333333333333        5.889336247638448        5.889336247638445        0.000000000000003
        0.866666666666667        0.966666666666667        2.733250464618329        2.733250464618326        0.000000000000002
        0.800000000000000        1.000000000000000        0.000000000000004        0.000000000000004        0.000000000000000
        0.833333333333333        1.033333333333333       -3.048544767802886       -3.048544767802884        0.000000000000002
        0.866666666666667        1.066666666666667       -5.280234426982869       -5.280234426982866        0.000000000000003
        0.900000000000000        0.000000000000000        8.622586712256772        8.622586712256775        0.000000000000003
        0.933333333333333        0.033333333333333        5.889336247638447        5.889336247638447        0.000000000000001
        0.966666666666667        0.066666666666667        2.733250464618328        2.733250464618326        0.000000000000002
        0.900000000000000        0.100000000000000        6.097089535605782        6.097089535605778        0.000000000000004
        0.933333333333333        0.133333333333333        3.048544767802892        3.048544767802888        0.000000000000004
        0.966666666666667        0.166666666666667        0.816855108622910        0.816855108622908        0.000000000000002
        0.900000000000000        0.200000000000000        0.000000000000001        0.000000000000000        0.000000000000001
        0.933333333333333        0.233333333333333       -1.578042891510060       -1.578042891510058        0.000000000000002
        0.966666666666667        0.266666666666667       -1.578042891510061       -1.578042891510060        0.000000000000002
        0.900000000000000        0.300000000000000       -6.097089535605781       -6.097089535605778        0.000000000000002
        0.933333333333333        0.333333333333333       -5.280234426982873       -5.280234426982870        0.000000000000003
        0.966666666666667        0.366666666666667       -3.048544767802893       -3.048544767802891        0.000000000000002
        0.900000000000000        0.400000000000000       -8.622586712256772       -8.622586712256769        0.000000000000002
        0.933333333333333        0.433333333333333       -5.889336247638448       -5.889336247638444        0.000000000000003
        0.966666666666667        0.466666666666667       -2.733250464618328       -2.733250464618327        0.000000000000002
        0.900000000000000        0.500000000000000       -6.097089535605782       -6.097089535605782        0.000000000000000
        0.933333333333333        0.533333333333333       -3.048544767802892       -3.048544767802892        0.000000000000000
        0.966666666666667        0.566666666666667       -0.816855108622910       -0.816855108622910        0.000000000000000
        0.900000000000000        0.600000000000000       -0.000000000000002       -0.000000000000001        0.000000000000000
        0.933333333333333        0.633333333333333        1.578042891510059        1.578042891510059        0.000000000000000
        0.966666666666667        0.666666666666667        1.578042891510061        1.578042891510060        0.000000000000001
        0.900000000000000        0.700000000000000        6.097089535605780        6.097089535605779        0.000000000000001
        0.933333333333333        0.733333333333333        5.280234426982873        5.280234426982870        0.000000000000003
        0.966666666666667        0.766666666666667        3.048544767802893        3.048544767802891        0.000000000000002
        0.900000000000000        0.800000000000000        8.622586712256772        8.622586712256771        0.000000000000001
        0.933333333333333        0.833333333333333        5.889336247638448        5.889336247638445        0.000000000000003
        0.966666666666667        0.866666666666667        2.733250464618329        2.733250464618326        0.000000000000002
        0.900000000000000        0.900000000000000        6.097089535605783        6.097089535605780        0.000000000000003
        0.933333333333333        0.933333333333333        3.048544767802893        3.048544767802890        0.000000000000003
        0.966666666666667        0.966666666666667        0.816855108622911        0.816855108622909        0.000000000000001
        0.900000000000000        1.000000000000000        0.000000000000003        0.000000000000003        0.000000000000000
        0.933333333333333        1.033333333333333       -1.578042891510059       -1.578042891510057        0.000000000000002
        0.966666666666667        1.066666666666667       -1.578042891510061       -1.578042891510059        0.000000000000002
        1.000000000000000        0.000000000000000        0.000000000000004        0.000000000000004        0.000000000000000
        1.033333333333333        0.033333333333333       -3.048544767802886       -3.048544767802885        0.000000000000001
        1.066666666666667        0.066666666666667       -5.280234426982868       -5.280234426982866        0.000000000000002
        1.000000000000000        0.100000000000000        0.000000000000003        0.000000000000003        0.000000000000000
        1.033333333333333        0.133333333333333       -1.578042891510058       -1.578042891510055        0.000000000000002
        1.066666666666667        0.166666666666667       -1.578042891510059       -1.578042891510057        0.000000000000003
        1.000000000000000        0.200000000000000        0.000000000000000        0.000000000000000        0.000000000000000
        1.033333333333333        0.233333333333333        0.816855108622908        0.816855108622907        0.000000000000001
        1.066666666666667        0.266666666666667        3.048544767802888        3.048544767802885        0.000000000000003
        1.000000000000000        0.300000000000000       -0.000000000000003       -0.000000000000003        0.000000000000000
        1.033333333333333        0.333333333333333        2.733250464618322        2.733250464618320        0.000000000000002
        1.066666666666667        0.366666666666667        5.889336247638441        5.889336247638438        0.000000000000003
        1.000000000000000        0.400000000000000       -0.000000000000004       -0.000000000000004        0.000000000000000
        1.033333333333333        0.433333333333333        3.048544767802886        3.048544767802884        0.000000000000002
        1.066666666666667        0.466666666666667        5.280234426982868        5.280234426982866        0.000000000000002
        1.000000000000000        0.500000000000000       -0.000000000000003       -0.000000000000003        0.000000000000000
        1.033333333333333        0.533333333333333        1.578042891510058        1.578042891510058        0.000000000000001
        1.066666666666667        0.566666666666667        1.578042891510060        1.578042891510060        0.000000000000000
        1.000000000000000        0.600000000000000       -0.000000000000000       -0.000000000000000        0.000000000000000
        1.033333333333333        0.633333333333333       -0.816855108622907       -0.816855108622907        0.000000000000000
        1.066666666666667        0.666666666666667       -3.048544767802887       -3.048544767802886        0.000000000000001
        1.000000000000000        0.700000000000000        0.000000000000003        0.000000000000003        0.000000000000000
        1.033333333333333        0.733333333333333       -2.733250464618321       -2.733250464618320        0.000000000000002
        1.066666666666667        0.766666666666667       -5.889336247638441       -5.889336247638438        0.000000000000003
        1.000000000000000        0.800000000000000        0.000000000000004        0.000000000000004        0.000000000000000
        1.033333333333333        0.833333333333333       -3.048544767802886       -3.048544767802884        0.000000000000002
        1.066666666666667        0.866666666666667       -5.280234426982869       -5.280234426982866        0.000000000000003
        1.000000000000000        0.900000000000000        0.000000000000003        0.000000000000003        0.000000000000000
        1.033333333333333        0.933333333333333       -1.578042891510059       -1.578042891510057        0.000000000000002
        1.066666666666667        0.966666666666667       -1.578042891510061       -1.578042891510059        0.000000000000002
        1.000000000000000        1.000000000000000        0.000000000000000        0.000000000000000        0.000000000000000
        1.033333333333333        1.033333333333333        0.816855108622907        0.816855108622906        0.000000000000001
        1.066666666666667        1.066666666666667        3.048544767802886        3.048544767802883        0.000000000000003
