        0.000000000000000        0.000000000000000       11.657253945271418       11.657253945271431        0.000000000000013
        0.033333333333333        0.033333333333333       10.876366000121420       10.876366000121429        0.000000000000009
        0.066666666666667        0.066666666666667        8.742940458953564        8.742940458953565        0.000000000000001
        0.000000000000000        0.100000000000000        8.242923314715055        8.242923314715056        0.000000000000001
        0.033333333333333        0.133333333333333        5.630021324673898        5.630021324673896        0.000000000000002
        0.066666666666667        0.166666666666667        2.612901990041157        2.612901990041154        0.000000000000003
        0.000000000000000        0.200000000000000        0.000000000000001        0.000000000000000        0.000000000000001
        0.033333333333333        0.233333333333333       -2.914313486317854       -2.914313486317854        0.000000000000000
        0.066666666666667        0.266666666666667       -5.047739027485710       -5.047739027485708        0.000000000000001
        0.000000000000000        0.300000000000000       -8.242923314715054       -8.242923314715057        0.000000000000003
        0.033333333333333        0.333333333333333       -9.751482982031425       -9.751482982031429        0.000000000000004
        0.066666666666667        0.366666666666667       -9.751482982031425       -9.751482982031426        0.000000000000000
        0.000000000000000        0.400000000000000      -11.657253945271418      -11.657253945271425        0.000000000000006
        0.033333333333333        0.433333333333333      -10.876366000121420      -10.876366000121425        0.000000000000005
        0.066666666666667        0.466666666666667       -8.742940458953565       -8.742940458953566        0.000000000000001
        0.000000000000000        0.500000000000000       -8.242923314715056       -8.242923314715063        0.000000000000007
        0.033333333333333        0.533333333333333       -5.630021324673900       -5.630021324673904        0.000000000000004
        0.066666666666667        0.566666666666667       -2.612901990041158       -2.612901990041160        0.000000000000001
        0.000000000000000        0.600000000000000       -0.000000000000002       -0.000000000000002        0.000000000000000
        0.033333333333333        0.633333333333333        2.914313486317853        2.914313486317855        0.000000000000003
        0.066666666666667        0.666666666666667        5.047739027485709        5.047739027485710        0.000000000000002
        0.000000000000000        0.700000000000000        8.242923314715053        8.242923314715058        0.000000000000005
        0.033333333333333        0.733333333333333        9.751482982031424        9.751482982031429        0.000000000000005
        0.066666666666667        0.766666666666667        9.751482982031425        9.751482982031426        0.000000000000001
        0.000000000000000        0.800000000000000       11.657253945271418       11.657253945271426        0.000000000000008
        0.033333333333333        0.833333333333333       10.876366000121420       10.876366000121426        0.000000000000006
        0.066666666666667        0.866666666666667        8.742940458953565        8.742940458953566        0.000000000000000
        0.000000000000000        0.900000000000000        8.242923314715057        8.242923314715059        0.000000000000003
        0.033333333333333        0.933333333333333        5.630021324673901        5.630021324673900        0.000000000000001
        0.066666666666667        0.966666666666667        2.612901990041160        2.612901990041158        0.000000000000002
        0.000000000000000        1.000000000000000        0.000000000000004        0.000000000000004        0.000000000000000
        0.033333333333333        1.033333333333333       -2.914313486317851       -2.914313486317850        0.000000000000001
        0.066666666666667        1.066666666666667       -5.047739027485708       -5.047739027485705        0.000000000000002
        0.100000000000000        0.000000000000000        8.242923314715055        8.242923314715056        0.000000000000001
        0.133333333333333        0.033333333333333        5.630021324673898        5.630021324673896        0.000000000000002
        0.166666666666667        0.066666666666667        2.612901990041157        2.612901990041154        0.000000000000003
        0.100000000000000        0.100000000000000        5.828626972635710        5.828626972635705        0.000000000000005
        0.133333333333333        0.133333333333333        2.914313486317855        2.914313486317850        0.000000000000005
        0.166666666666667        0.166666666666667        0.780887945149999        0.780887945149997        0.000000000000002
        0.100000000000000        0.200000000000000        0.000000000000001        0.000000000000000        0.000000000000000
        0.133333333333333        0.233333333333333       -1.508559667316370       -1.508559667316368        0.000000000000002
        0.166666666666667        0.266666666666667       -1.508559667316371       -1.508559667316369        0.000000000000002
        0.100000000000000        0.300000000000000       -5.828626972635709       -5.828626972635706        0.000000000000003
        0.133333333333333        0.333333333333333       -5.047739027485710       -5.047739027485706        0.000000000000004
        0.166666666666667        0.366666666666667       -2.914313486317855       -2.914313486317852        0.000000000000003
        0.100000000000000        0.400000000000000       -8.242923314715055       -8.242923314715052        0.000000000000003
        0.133333333333333        0.433333333333333       -5.630021324673899       -5.630021324673894        0.000000000000004
        0.166666666666667        0.466666666666667       -2.612901990041157       -2.612901990041155        0.000000000000003
        0.100000000000000        0.500000000000000       -5.828626972635710       -5.828626972635709        0.000000000000001
        0.133333333333333        0.533333333333333       -2.914313486317856       -2.914313486317854        0.000000000000001
        0.166666666666667        0.566666666666667       -0.780887945150000       -0.780887945149999        0.000000000000001
        0.100000000000000        0.600000000000000       -0.000000000000002       -0.000000000000001        0.000000000000000
        0.133333333333333        0.633333333333333        1.508559667316370        1.508559667316369        0.000000000000001
        0.166666666666667        0.666666666666667        1.508559667316370        1.508559667316369        0.000000000000001
        0.100000000000000        0.700000000000000        5.828626972635708        5.828626972635706        0.000000000000002
        0.133333333333333        0.733333333333333        5.047739027485710        5.047739027485706        0.000000000000004
        0.166666666666667        0.766666666666667        2.914313486317855        2.914313486317852        0.000000000000003
        0.100000000000000        0.800000000000000        8.242923314715055        8.242923314715053        0.000000000000002
        0.133333333333333        0.833333333333333        5.630021324673899        5.630021324673895        0.000000000000004
        0.166666666666667        0.866666666666667        2.612901990041158        2.612901990041155        0.000000000000003
        0.100000000000000        0.900000000000000        5.828626972635711        5.828626972635707        0.000000000000004
        0.133333333333333        0.933333333333333        2.914313486317856        2.914313486317852        0.000000000000004
        0.166666666666667        0.966666666666667        0.780887945150000        0.780887945149998        0.000000000000001
        0.100000000000000        1.000000000000000        0.000000000000003        0.000000000000003        0.000000000000000
        0.133333333333333        1.033333333333333       -1.508559667316369       -1.508559667316367        0.000000000000002
        0.166666666666667        1.066666666666667       -1.508559667316370       -1.508559667316368        0.000000000000002
        0.200000000000000        0.000000000000000        0.000000000000001        0.000000000000000        0.000000000000001
        0.233333333333333        0.033333333333333       -2.914313486317854       -2.914313486317854        0.000000000000000
        0.266666666666667        0.066666666666667       -5.047739027485710       -5.047739027485708        0.000000000000001
        0.200000000000000        0.100000000000000        0.000000000000001        0.000000000000000        0.000000000000000
        0.233333333333333        0.133333333333333       -1.508559667316370       -1.508559667316368        0.000000000000002
        0.266666666666667        0.166666666666667       -1.508559667316371       -1.508559667316369        0.000000000000002
        0.200000000000000        0.200000000000000        0.000000000000000       -0.000000000000000        0.000000000000000
        0.233333333333333        0.233333333333333        0.780887945149998        0.780887945149998        0.000000000000001
        0.266666666666667        0.266666666666667        2.914313486317854        2.914313486317852        0.000000000000002
        0.200000000000000        0.300000000000000       -0.000000000000001       -0.000000000000000        0.000000000000000
        0.233333333333333        0.333333333333333        2.612901990041156        2.612901990041155        0.000000000000001
        0.266666666666667        0.366666666666667        5.630021324673897        5.630021324673895        0.000000000000002
        0.200000000000000        0.400000000000000       -0.000000000000001       -0.000000000000000        0.000000000000001
        0.233333333333333        0.433333333333333        2.914313486317854        2.914313486317853        0.000000000000001
        0.266666666666667        0.466666666666667        5.047739027485710        5.047739027485709        0.000000000000001
        0.200000000000000        0.500000000000000       -0.000000000000001       -0.000000000000000        0.000000000000000
        0.233333333333333        0.533333333333333        1.508559667316371        1.508559667316371        0.000000000000000
        0.266666666666667        0.566666666666667        1.508559667316371        1.508559667316372        0.000000000000000
        0.200000000000000        0.600000000000000       -0.000000000000000       -0.000000000000000        0.000000000000000
        0.233333333333333        0.633333333333333       -0.780887945149998       -0.780887945149998        0.000000000000000
        0.266666666666667        0.666666666666667       -2.914313486317853       -2.914313486317853        0.000000000000000
        0.200000000000000        0.700000000000000        0.000000000000001        0.000000000000000        0.000000000000000
        0.233333333333333        0.733333333333333       -2.612901990041156       -2.612901990041155        0.000000000000001
        0.266666666666667        0.766666666666667       -5.630021324673897       -5.630021324673896        0.000000000000001
        0.200000000000000        0.800000000000000        0.000000000000001        0.000000000000000        0.000000000000001
        0.233333333333333        0.833333333333333       -2.914313486317854       -2.914313486317853        0.000000000000001
        0.266666666666667        0.866666666666667       -5.047739027485710       -5.047739027485709        0.000000000000002
        0.200000000000000        0.900000000000000        0.000000000000001        0.000000000000000        0.000000000000000
        0.233333333333333        0.933333333333333       -1.508559667316371       -1.508559667316370        0.000000000000001
        0.266666666666667        0.966666666666667       -1.508559667316372       -1.508559667316371        0.000000000000002
        0.200000000000000        1.000000000000000        0.000000000000000        0.000000000000000        0.000000000000000
        0.233333333333333        1.033333333333333        0.780887945149998        0.780887945149997        0.000000000000001
        0.266666666666667        1.066666666666667        2.914313486317853        2.914313486317850        0.000000000000002
        0.300000000000000        0.000000000000000       -8.242923314715054       -8.242923314715057        0.000000000000003
        0.333333333333333        0.033333333333333       -9.751482982031425       -9.751482982031429        0.000000000000004
        0.366666666666667        0.066666666666667       -9.751482982031425       -9.751482982031426        0.000000000000000
        0.300000000000000        0.100000000000000       -5.828626972635709       -5.828626972635706        0.000000000000003
        0.333333333333333        0.133333333333333       -5.047739027485710       -5.047739027485706        0.000000000000004
        0.366666666666667        0.166666666666667       -2.914313486317855       -2.914313486317852        0.000000000000003
        0.300000000000000        0.200000000000000       -0.000000000000001       -0.000000000000000        0.000000000000000
        0.333333333333333        0.233333333333333        2.612901990041156        2.612901990041155        0.000000000000001
        0.366666666666667        0.266666666666667        5.630021324673897        5.630021324673895        0.000000000000002
        0.300000000000000        0.300000000000000        5.828626972635708        5.828626972635706        0.000000000000002
        0.333333333333333        0.333333333333333        8.742940458953563        8.742940458953562        0.000000000000001
        0.366666666666667        0.366666666666667       10.876366000121419       10.876366000121418        0.000000000000000
        0.300000000000000        0.400000000000000        8.242923314715054        8.242923314715053        0.000000000000001
        0.333333333333333        0.433333333333333        9.751482982031425        9.751482982031425        0.000000000000000
        0.366666666666667        0.466666666666667        9.751482982031426        9.751482982031427        0.000000000000001
        0.300000000000000        0.500000000000000        5.828626972635710        5.828626972635710        0.000000000000001
        0.333333333333333        0.533333333333333        5.047739027485711        5.047739027485713        0.000000000000002
        0.366666666666667        0.566666666666667        2.914313486317856        2.914313486317857        0.000000000000001
        0.300000000000000        0.600000000000000        0.000000000000002        0.000000000000001        0.000000000000000
        0.333333333333333        0.633333333333333       -2.612901990041155       -2.612901990041156        0.000000000000001
        0.366666666666667        0.666666666666667       -5.630021324673896       -5.630021324673897        0.000000000000001
        0.300000000000000        0.700000000000000       -5.828626972635707       -5.828626972635707        0.000000000000000
        0.333333333333333        0.733333333333333       -8.742940458953562       -8.742940458953562        0.000000000000000
        0.366666666666667        0.766666666666667      -10.876366000121419      -10.876366000121419        0.000000000000001
        0.300000000000000        0.800000000000000       -8.242923314715054       -8.242923314715054        0.000000000000000
        0.333333333333333        0.833333333333333       -9.751482982031425       -9.751482982031426        0.000000000000001
        0.366666666666667        0.866666666666667       -9.751482982031427       -9.751482982031426        0.000000000000000
        0.300000000000000        0.900000000000000       -5.828626972635710       -5.828626972635708        0.000000000000002
        0.333333333333333        0.933333333333333       -5.047739027485713       -5.047739027485710        0.000000000000003
        0.366666666666667        0.966666666666667       -2.914313486317858       -2.914313486317855        0.000000000000002
        0.300000000000000        1.000000000000000       -0.000000000000003       -0.000000000000003        0.000000000000000
        0.333333333333333        1.033333333333333        2.612901990041153        2.612901990041151        0.000000000000002
        0.366666666666667        1.066666666666667        5.630021324673895        5.630021324673892        0.000000000000003
        0.400000000000000        0.000000000000000      -11.657253945271418      -11.657253945271425        0.000000000000006
        0.433333333333333        0.033333333333333      -10.876366000121420      -10.876366000121425        0.000000000000005
        0.466666666666667        0.066666666666667       -8.742940458953565       -8.742940458953566        0.000000000000001
        0.400000000000000        0.100000000000000       -8.242923314715055       -8.242923314715052        0.000000000000003
        0.433333333333333        0.133333333333333       -5.630021324673899       -5.630021324673894        0.000000000000004
        0.466666666666667        0.166666666666667       -2.612901990041157       -2.612901990041155        0.000000000000003
        0.400000000000000        0.200000000000000       -0.000000000000001       -0.000000000000000        0.000000000000001
        0.433333333333333        0.233333333333333        2.914313486317854        2.914313486317853        0.000000000000001
        0.466666666666667        0.266666666666667        5.047739027485710        5.047739027485709        0.000000000000001
        0.400000000000000        0.300000000000000        8.242923314715054        8.242923314715053        0.000000000000001
        0.433333333333333        0.333333333333333        9.751482982031425        9.751482982031425        0.000000000000000
        0.466666666666667        0.366666666666667        9.751482982031426        9.751482982031427        0.000000000000001
        0.400000000000000        0.400000000000000       11.657253945271418       11.657253945271418        0.000000000000001
        0.433333333333333        0.433333333333333       10.876366000121420       10.876366000121420        0.000000000000000
        0.466666666666667        0.466666666666667        8.742940458953565        8.742940458953567        0.000000000000002
        0.400000000000000        0.500000000000000        8.242923314715056        8.242923314715058        0.000000000000002
        0.433333333333333        0.533333333333333        5.630021324673900        5.630021324673902        0.000000000000002
        0.466666666666667        0.566666666666667        2.612901990041159        2.612901990041160        0.000000000000001
        0.400000000000000        0.600000000000000        0.000000000000002        0.000000000000002        0.000000000000000
        0.433333333333333        0.633333333333333       -2.914313486317853       -2.914313486317854        0.000000000000001
        0.466666666666667        0.666666666666667       -5.047739027485709       -5.047739027485711        0.000000000000002
        0.400000000000000        0.700000000000000       -8.242923314715053       -8.242923314715054        0.000000000000001
        0.433333333333333        0.733333333333333       -9.751482982031424       -9.751482982031425        0.000000000000001
        0.466666666666667        0.766666666666667       -9.751482982031426       -9.751482982031427        0.000000000000002
        0.400000000000000        0.800000000000000      -11.657253945271418      -11.657253945271420        0.000000000000001
        0.433333333333333        0.833333333333333      -10.876366000121421      -10.876366000121422        0.000000000000001
        0.466666666666667        0.866666666666667       -8.742940458953566       -8.742940458953567        0.000000000000001
        0.400000000000000        0.900000000000000       -8.242923314715057       -8.242923314715055        0.000000000000002
        0.433333333333333        0.933333333333333       -5.630021324673901       -5.630021324673898        0.000000000000003
        0.466666666666667        0.966666666666667       -2.612901990041160       -2.612901990041158        0.000000000000002
        0.400000000000000        1.000000000000000       -0.000000000000004       -0.000000000000004        0.000000000000000
        0.433333333333333        1.033333333333333        2.914313486317851        2.914313486317849        0.000000000000002
        0.466666666666667        1.066666666666667        5.047739027485708        5.047739027485706        0.000000000000002
        0.500000000000000        0.000000000000000       -8.242923314715056       -8.242923314715063        0.000000000000007
        0.533333333333333        0.033333333333333       -5.630021324673900       -5.630021324673904        0.000000000000004
        0.566666666666667        0.066666666666667       -2.612901990041158       -2.612901990041160        0.000000000000001
        0.500000000000000        0.100000000000000       -5.828626972635710       -5.828626972635709        0.000000000000001
        0.533333333333333        0.133333333333333       -2.914313486317856       -2.914313486317854        0.000000000000001
        0.566666666666667        0.166666666666667       -0.780887945150000       -0.780887945149999        0.000000000000001
        0.500000000000000        0.200000000000000       -0.000000000000001       -0.000000000000000        0.000000000000000
        0.533333333333333        0.233333333333333        1.508559667316371        1.508559667316371        0.000000000000000
        0.566666666666667        0.266666666666667        1.508559667316371        1.508559667316372        0.000000000000000
        0.500000000000000        0.300000000000000        5.828626972635710        5.828626972635710        0.000000000000001
        0.533333333333333        0.333333333333333        5.047739027485711        5.047739027485713        0.000000000000002
        0.566666666666667        0.366666666666667        2.914313486317856        2.914313486317857        0.000000000000001
        0.500000000000000        0.400000000000000        8.242923314715056        8.242923314715058        0.000000000000002
        0.533333333333333        0.433333333333333        5.630021324673900        5.630021324673902        0.000000000000002
        0.566666666666667        0.466666666666667        2.612901990041159        2.612901990041160        0.000000000000001
        0.500000000000000        0.500000000000000        5.828626972635711        5.828626972635714        0.000000000000003
        0.533333333333333        0.533333333333333        2.914313486317856        2.914313486317858        0.000000000000002
        0.566666666666667        0.566666666666667        0.780887945150000        0.780887945150001        0.000000000000001
        0.500000000000000        0.600000000000000        0.000000000000002        0.000000000000001        0.000000000000000
        0.533333333333333        0.633333333333333       -1.508559667316370       -1.508559667316371        0.000000000000001
        0.566666666666667        0.666666666666667       -1.508559667316371       -1.508559667316372        0.000000000000001
        0.500000000000000        0.700000000000000       -5.828626972635709       -5.828626972635711        0.000000000000002
        0.533333333333333        0.733333333333333       -5.047739027485711       -5.047739027485713        0.000000000000002
        0.566666666666667        0.766666666666667       -2.914313486317856       -2.914313486317858        0.000000000000001
        0.500000000000000        0.800000000000000       -8.242923314715056       -8.242923314715059        0.000000000000003
        0.533333333333333        0.833333333333333       -5.630021324673900       -5.630021324673903        0.000000000000003
        0.566666666666667        0.866666666666667       -2.612901990041159       -2.612901990041160        0.000000000000001
        0.500000000000000        0.900000000000000       -5.828626972635712       -5.828626972635712        0.000000000000000
        0.533333333333333        0.933333333333333       -2.914313486317857       -2.914313486317856        0.000000000000000
        0.566666666666667        0.966666666666667       -0.780887945150000       -0.780887945150000        0.000000000000000
        0.500000000000000        1.000000000000000       -0.000000000000003       -0.000000000000003        0.000000000000000
        0.533333333333333        1.033333333333333        1.508559667316369        1.508559667316369        0.000000000000001
        0.566666666666667        1.066666666666667        1.508559667316371        1.508559667316371        0.000000000000000
        0.600000000000000        0.000000000000000       -0.000000000000002       -0.000000000000002        0.000000000000000
        0.633333333333333        0.033333333333333        2.914313486317853        2.914313486317855        0.000000000000003
        0.666666666666667        0.066666666666667        5.047739027485709        5.047739027485710        0.000000000000002
        0.600000000000000        0.100000000000000       -0.000000000000002       -0.000000000000001        0.000000000000000
        0.633333333333333        0.133333333333333        1.508559667316370        1.508559667316369        0.000000000000001
        0.666666666666667        0.166666666666667        1.508559667316370        1.508559667316369        0.000000000000001
        0.600000000000000        0.200000000000000       -0.000000000000000       -0.000000000000000        0.000000000000000
        0.633333333333333        0.233333333333333       -0.780887945149998       -0.780887945149998        0.000000000000000
        0.666666666666667        0.266666666666667       -2.914313486317853       -2.914313486317853        0.000000000000000
        0.600000000000000        0.300000000000000        0.000000000000002        0.000000000000001        0.000000000000000
        0.633333333333333        0.333333333333333       -2.612901990041155       -2.612901990041156        0.000000000000001
        0.666666666666667        0.366666666666667       -5.630021324673896       -5.630021324673897        0.000000000000001
        0.600000000000000        0.400000000000000        0.000000000000002        0.000000000000002        0.000000000000000
        0.633333333333333        0.433333333333333       -2.914313486317853       -2.914313486317854        0.000000000000001
        0.666666666666667        0.466666666666667       -5.047739027485709       -5.047739027485711        0.000000000000002
        0.600000000000000        0.500000000000000        0.000000000000002        0.000000000000001        0.000000000000000
        0.633333333333333        0.533333333333333       -1.508559667316370       -1.508559667316371        0.000000000000001
        0.666666666666667        0.566666666666667       -1.508559667316371       -1.508559667316372        0.000000000000001
        0.600000000000000        0.600000000000000        0.000000000000000        0.000000000000000        0.000000000000000
        0.633333333333333        0.633333333333333        0.780887945149998        0.780887945149998        0.000000000000001
        0.666666666666667        0.666666666666667        2.914313486317853        2.914313486317854        0.000000000000001
        0.600000000000000        0.700000000000000       -0.000000000000002       -0.000000000000001        0.000000000000000
        0.633333333333333        0.733333333333333        2.612901990041154        2.612901990041156        0.000000000000001
        0.666666666666667        0.766666666666667        5.630021324673896        5.630021324673897        0.000000000000002
        0.600000000000000        0.800000000000000       -0.000000000000002       -0.000000000000002        0.000000000000000
        0.633333333333333        0.833333333333333        2.914313486317853        2.914313486317854        0.000000000000002
        0.666666666666667        0.866666666666667        5.047739027485709        5.047739027485710        0.000000000000001
        0.600000000000000        0.900000000000000       -0.000000000000002       -0.000000000000001        0.000000000000000
        0.633333333333333        0.933333333333333        1.508559667316370        1.508559667316370        0.000000000000000
        0.666666666666667        0.966666666666667        1.508559667316372        1.508559667316371        0.000000000000001
        0.600000000000000        1.000000000000000       -0.000000000000000       -0.000000000000000        0.000000000000000
        0.633333333333333        1.033333333333333       -0.780887945149997       -0.780887945149997        0.000000000000000
        0.666666666666667        1.066666666666667       -2.914313486317852       -2.914313486317851        0.000000000000001
        0.700000000000000        0.000000000000000        8.242923314715053        8.242923314715058        0.000000000000005
        0.733333333333333        0.033333333333333        9.751482982031424        9.751482982031429        0.000000000000005
        0.766666666666667        0.066666666666667        9.751482982031425        9.751482982031426        0.000000000000001
        0.700000000000000        0.100000000000000        5.828626972635708        5.828626972635706        0.000000000000002
        0.733333333333333        0.133333333333333        5.047739027485710        5.047739027485706        0.000000000000004
        0.766666666666667        0.166666666666667        2.914313486317855        2.914313486317852        0.000000000000003
        0.700000000000000        0.200000000000000        0.000000000000001        0.000000000000000        0.000000000000000
        0.733333333333333        0.233333333333333       -2.612901990041156       -2.612901990041155        0.000000000000001
        0.766666666666667        0.266666666666667       -5.630021324673897       -5.630021324673896        0.000000000000001
        0.700000000000000        0.300000000000000       -5.828626972635707       -5.828626972635707        0.000000000000000
        0.733333333333333        0.333333333333333       -8.742940458953562       -8.742940458953562        0.000000000000000
        0.766666666666667        0.366666666666667      -10.876366000121419      -10.876366000121419        0.000000000000001
        0.700000000000000        0.400000000000000       -8.242923314715053       -8.242923314715054        0.000000000000001
        0.733333333333333        0.433333333333333       -9.751482982031424       -9.751482982031425        0.000000000000001
        0.766666666666667        0.466666666666667       -9.751482982031426       -9.751482982031427        0.000000000000002
        0.700000000000000        0.500000000000000       -5.828626972635709       -5.828626972635711        0.000000000000002
        0.733333333333333        0.533333333333333       -5.047739027485711       -5.047739027485713        0.000000000000002
        0.766666666666667        0.566666666666667       -2.914313486317856       -2.914313486317858        0.000000000000001
        0.700000000000000        0.600000000000000       -0.000000000000002       -0.000000000000001        0.000000000000000
        0.733333333333333        0.633333333333333        2.612901990041154        2.612901990041156        0.000000000000001
        0.766666666666667        0.666666666666667        5.630021324673896        5.630021324673897        0.000000000000002
        0.700000000000000        0.700000000000000        5.828626972635707        5.828626972635708        0.000000000000001
        0.733333333333333        0.733333333333333        8.742940458953562        8.742940458953562        0.000000000000001
        0.766666666666667        0.766666666666667       10.876366000121418       10.876366000121420        0.000000000000002
        0.700000000000000        0.800000000000000        8.242923314715053        8.242923314715055        0.000000000000002
        0.733333333333333        0.833333333333333        9.751482982031425        9.751482982031426        0.000000000000001
        0.766666666666667        0.866666666666667        9.751482982031426        9.751482982031427        0.000000000000000
        0.700000000000000        0.900000000000000        5.828626972635710        5.828626972635709        0.000000000000001
        0.733333333333333        0.933333333333333        5.047739027485712        5.047739027485710        0.000000000000002
        0.766666666666667        0.966666666666667        2.914313486317858        2.914313486317856        0.000000000000002
        0.700000000000000        1.000000000000000        0.000000000000003        0.000000000000003        0.000000000000000
        0.733333333333333        1.033333333333333       -2.612901990041153       -2.612901990041151        0.000000000000002
        0.766666666666667        1.066666666666667       -5.630021324673895       -5.630021324673892        0.000000000000003
        0.800000000000000        0.000000000000000       11.657253945271418       11.657253945271426        0.000000000000008
        0.833333333333333        0.033333333333333       10.876366000121420       10.876366000121426        0.000000000000006
        0.866666666666667        0.066666666666667        8.742940458953565        8.742940458953566        0.000000000000000
        0.800000000000000        0.100000000000000        8.242923314715055        8.242923314715053        0.000000000000002
        0.833333333333333        0.133333333333333        5.630021324673899        5.630021324673895        0.000000000000004
        0.866666666666667        0.166666666666667        2.612901990041158        2.612901990041155        0.000000000000003
        0.800000000000000        0.200000000000000        0.000000000000001        0.000000000000000        0.000000000000001
        0.833333333333333        0.233333333333333       -2.914313486317854       -2.914313486317853        0.000000000000001
        0.866666666666667        0.266666666666667       -5.047739027485710       -5.047739027485709        0.000000000000002
        0.800000000000000        0.300000000000000       -8.242923314715054       -8.242923314715054        0.000000000000000
        0.833333333333333        0.333333333333333       -9.751482982031425       -9.751482982031426        0.000000000000001
        0.866666666666667        0.366666666666667       -9.751482982031427       -9.751482982031426        0.000000000000000
        0.800000000000000        0.400000000000000      -11.657253945271418      -11.657253945271420        0.000000000000001
        0.833333333333333        0.433333333333333      -10.876366000121421      -10.876366000121422        0.000000000000001
        0.866666666666667        0.466666666666667       -8.742940458953566       -8.742940458953567        0.000000000000001
        0.800000000000000        0.500000000000000       -8.242923314715056       -8.242923314715059        0.000000000000003
        0.833333333333333        0.533333333333333       -5.630021324673900       -5.630021324673903        0.000000000000003
        0.866666666666667        0.566666666666667       -2.612901990041159       -2.612901990041160        0.000000000000001
        0.800000000000000        0.600000000000000       -0.000000000000002       -0.000000000000002        0.000000000000000
        0.833333333333333        0.633333333333333        2.914313486317853        2.914313486317854        0.000000000000002
        0.866666666666667        0.666666666666667        5.047739027485709        5.047739027485710        0.000000000000001
        0.800000000000000        0.700000000000000        8.242923314715053        8.242923314715055        0.000000000000002
        0.833333333333333        0.733333333333333        9.751482982031425        9.751482982031426        0.000000000000001
        0.866666666666667        0.766666666666667        9.751482982031426        9.751482982031427        0.000000000000000
        0.800000000000000        0.800000000000000       11.657253945271418       11.657253945271421        0.000000000000003
        0.833333333333333        0.833333333333333       10.876366000121421       10.876366000121423        0.000000000000002
        0.866666666666667        0.866666666666667        8.742940458953567        8.742940458953566        0.000000000000000
        0.800000000000000        0.900000000000000        8.242923314715057        8.242923314715056        0.000000000000001
        0.833333333333333        0.933333333333333        5.630021324673901        5.630021324673899        0.000000000000002
        0.866666666666667        0.966666666666667        2.612901990041160        2.612901990041158        0.000000000000002
        0.800000000000000        1.000000000000000        0.000000000000004        0.000000000000004        0.000000000000000
        0.833333333333333        1.033333333333333       -2.914313486317851       -2.914313486317849        0.000000000000002
        0.866666666666667        1.066666666666667       -5.047739027485708       -5.047739027485705        0.000000000000003
        0.900000000000000        0.000000000000000        8.242923314715057        8.242923314715060        0.000000000000003
        0.933333333333333        0.033333333333333        5.630021324673901        5.630021324673900        0.000000000000001
        0.966666666666667        0.066666666666667        2.612901990041160        2.612901990041158        0.000000000000002
        0.900000000000000        0.100000000000000        5.828626972635711        5.828626972635707        0.000000000000004
        0.933333333333333        0.133333333333333        2.914313486317856        2.914313486317852        0.000000000000004
        0.966666666666667        0.166666666666667        0.780887945150000        0.780887945149998        0.000000000000001
        0.900000000000000        0.200000000000000        0.000000000000001        0.000000000000000        0.000000000000000
        0.933333333333333        0.233333333333333       -1.508559667316371       -1.508559667316370        0.000000000000001
        0.966666666666667        0.266666666666667       -1.508559667316372       -1.508559667316371        0.000000000000002
        0.900000000000000        0.300000000000000       -5.828626972635710       -5.828626972635708        0.000000000000002
        0.933333333333333        0.333333333333333       -5.047739027485713       -5.047739027485710        0.000000000000003
        0.966666666666667        0.366666666666667       -2.914313486317858       -2.914313486317855        0.000000000000002
        0.900000000000000        0.400000000000000       -8.242923314715057       -8.242923314715055        0.000000000000002
        0.933333333333333        0.433333333333333       -5.630021324673901       -5.630021324673898        0.000000000000003
        0.966666666666667        0.466666666666667       -2.612901990041160       -2.612901990041158        0.000000000000002
        0.900000000000000        0.500000000000000       -5.828626972635712       -5.828626972635712        0.000000000000000
        0.933333333333333        0.533333333333333       -2.914313486317857       -2.914313486317856        0.000000000000000
        0.966666666666667        0.566666666666667       -0.780887945150000       -0.780887945150000        0.000000000000000
        0.900000000000000        0.600000000000000       -0.000000000000002       -0.000000000000001        0.000000000000000
        0.933333333333333        0.633333333333333        1.508559667316370        1.508559667316370        0.000000000000000
        0.966666666666667        0.666666666666667        1.508559667316372        1.508559667316371        0.000000000000001
        0.900000000000000        0.700000000000000        5.828626972635710        5.828626972635709        0.000000000000001
        0.933333333333333        0.733333333333333        5.047739027485712        5.047739027485710        0.000000000000002
        0.966666666666667        0.766666666666667        2.914313486317858        2.914313486317856        0.000000000000002
        0.900000000000000        0.800000000000000        8.242923314715057        8.242923314715056        0.000000000000001
        0.933333333333333        0.833333333333333        5.630021324673901        5.630021324673899        0.000000000000002
        0.966666666666667        0.866666666666667        2.612901990041160        2.612901990041158        0.000000000000002
        0.900000000000000        0.900000000000000        5.828626972635712        5.828626972635709        0.000000000000003
        0.933333333333333        0.933333333333333        2.914313486317857        2.914313486317854        0.000000000000003
        0.966666666666667        0.966666666666667        0.780887945150001        0.780887945149999        0.000000000000001
        0.900000000000000        1.000000000000000        0.000000000000003        0.000000000000003        0.000000000000000
        0.933333333333333        1.033333333333333       -1.508559667316370       -1.508559667316368        0.000000000000002
        0.966666666666667        1.066666666666667       -1.508559667316371       -1.508559667316370        0.000000000000002
        1.000000000000000        0.000000000000000        0.000000000000004        0.000000000000004        0.000000000000000
        1.033333333333333        0.033333333333333       -2.914313486317851       -2.914313486317850        0.000000000000001
        1.066666666666667        0.066666666666667       -5.047739027485708       -5.047739027485705        0.000000000000002
        1.000000000000000        0.100000000000000        0.000000000000003        0.000000000000003        0.000000000000000
        1.033333333333333        0.133333333333333       -1.508559667316369       -1.508559667316367        0.000000000000002
        1.066666666666667        0.166666666666667       -1.508559667316370       -1.508559667316368        0.000000000000002
        1.000000000000000        0.200000000000000        0.000000000000000        0.000000000000000        0.000000000000000
        1.033333333333333        0.233333333333333        0.780887945149998        0.780887945149997        0.000000000000001
        1.066666666666667        0.266666666666667        2.914313486317853        2.914313486317850        0.000000000000002
        1.000000000000000        0.300000000000000       -0.000000000000003       -0.000000000000003        0.000000000000000
        1.033333333333333        0.333333333333333        2.612901990041153        2.612901990041151        0.000000000000002
        1.066666666666667        0.366666666666667        5.630021324673895        5.630021324673892        0.000000000000003
        1.000000000000000        0.400000000000000       -0.000000000000004       -0.000000000000004        0.000000000000000
        1.033333333333333        0.433333333333333        2.914313486317851        2.914313486317849        0.000000000000002
        1.066666666666667        0.466666666666667        5.047739027485708        5.047739027485706        0.000000000000002
        1.000000000000000        0.500000000000000       -0.000000000000003       -0.000000000000003        0.000000000000000
        1.033333333333333        0.533333333333333        1.508559667316369        1.508559667316369        0.000000000000001
        1.066666666666667        0.566666666666667        1.508559667316371        1.508559667316371        0.000000000000000
        1.000000000000000        0.600000000000000       -0.000000000000000       -0.000000000000000        0.000000000000000
        1.033333333333333        0.633333333333333       -0.780887945149997       -0.780887945149997        0.000000000000000
        1.066666666666667        0.666666666666667       -2.914313486317852       -2.914313486317851        0.000000000000001
        1.000000000000000        0.700000000000000        0.000000000000003        0.000000000000003        0.000000000000000
        1.033333333333333        0.733333333333333       -2.612901990041153       -2.612901990041151        0.000000000000002
        1.066666666666667        0.766666666666667       -5.630021324673895       -5.630021324673892        0.000000000000003
        1.000000000000000        0.800000000000000        0.000000000000004        0.000000000000004        0.000000000000000
        1.033333333333333        0.833333333333333       -2.914313486317851       -2.914313486317849        0.000000000000002
        1.066666666666667        0.866666666666667       -5.047739027485708       -5.047739027485705        0.000000000000003
        1.000000000000000        0.900000000000000        0.000000000000003        0.000000000000003        0.000000000000000
        1.033333333333333        0.933333333333333       -1.508559667316370       -1.508559667316368        0.000000000000002
        1.066666666666667        0.966666666666667       -1.508559667316371       -1.508559667316370        0.000000000000002
        1.000000000000000        1.000000000000000        0.000000000000000        0.000000000000000        0.000000000000000
        1.033333333333333        1.033333333333333        0.780887945149997        0.780887945149996        0.000000000000001
        1.066666666666667        1.066666666666667        2.914313486317851        2.914313486317848        0.000000000000003
