        0.000000000000000        0.000000000000000       11.137098270227827       11.137098270227840        0.000000000000012
        0.033333333333333        0.033333333333333       10.391054148344427       10.391054148344436        0.000000000000009
        0.066666666666667        0.066666666666667        8.352823702670871        8.352823702670872        0.000000000000001
        0.000000000000000        0.100000000000000        7.875117709619066        7.875117709619067        0.000000000000001
        0.033333333333333        0.133333333333333        5.378805424566184        5.378805424566182        0.000000000000002
        0.066666666666667        0.166666666666667        2.496312285052882        2.496312285052880        0.000000000000003
        0.000000000000000        0.200000000000000        0.000000000000001        0.000000000000000        0.000000000000001
        0.033333333333333        0.233333333333333       -2.784274567556956       -2.784274567556956        0.000000000000000
        0.066666666666667        0.266666666666667       -4.822505013230513       -4.822505013230512        0.000000000000001
        0.000000000000000        0.300000000000000       -7.875117709619065       -7.875117709619068        0.000000000000003
        0.033333333333333        0.333333333333333       -9.316364279375716       -9.316364279375719        0.000000000000004
        0.066666666666667        0.366666666666667       -9.316364279375716       -9.316364279375717        0.000000000000000
        0.000000000000000        0.400000000000000      -11.137098270227827      -11.137098270227833        0.000000000000006
        0.033333333333333        0.433333333333333      -10.391054148344428      -10.391054148344432        0.000000000000004
        0.066666666666667        0.466666666666667       -8.352823702670871       -8.352823702670873        0.000000000000001
        0.000000000000000        0.500000000000000       -7.875117709619067       -7.875117709619073        0.000000000000006
        0.033333333333333        0.533333333333333       -5.378805424566185       -5.378805424566189        0.000000000000004
        0.066666666666667        0.566666666666667       -2.496312285052883       -2.496312285052884        0.000000000000001
        0.000000000000000        0.600000000000000       -0.000000000000002       -0.000000000000002        0.000000000000000
        0.033333333333333        0.633333333333333        2.784274567556955        2.784274567556957        0.000000000000002
        0.066666666666667        0.666666666666667        4.822505013230512        4.822505013230514        0.000000000000001
        0.000000000000000        0.700000000000000        7.875117709619064        7.875117709619069        0.000000000000005
        0.033333333333333        0.733333333333333        9.316364279375715        9.316364279375720        0.000000000000004
        0.066666666666667        0.766666666666667        9.316364279375716        9.316364279375717        0.000000000000001
        0.000000000000000        0.800000000000000       11.137098270227827       11.137098270227835        0.000000000000008
        0.033333333333333        0.833333333333333       10.391054148344428       10.391054148344434        0.000000000000005
        0.066666666666667        0.866666666666667        8.352823702670872        8.352823702670872        0.000000000000000
        0.000000000000000        0.900000000000000        7.875117709619067        7.875117709619070        0.000000000000002
        0.033333333333333        0.933333333333333        5.378805424566186        5.378805424566186        0.000000000000001
        0.066666666666667        0.966666666666667        2.496312285052884        2.496312285052883        0.000000000000002
        0.000000000000000        1.000000000000000        0.000000000000003        0.000000000000003        0.000000000000000
        0.033333333333333        1.033333333333333       -2.784274567556954       -2.784274567556953        0.000000000000001
        0.066666666666667        1.066666666666667       -4.822505013230511       -4.822505013230509        0.000000000000002
        0.100000000000000        0.000000000000000        7.875117709619066        7.875117709619067        0.000000000000001
        0.133333333333333        0.033333333333333        5.378805424566184        5.378805424566182        0.000000000000002
        0.166666666666667        0.066666666666667        2.496312285052882        2.496312285052880        0.000000000000003
        0.100000000000000        0.100000000000000        5.568549135113914        5.568549135113910        0.000000000000004
        0.133333333333333        0.133333333333333        2.784274567556957        2.784274567556953        0.000000000000004
        0.166666666666667        0.166666666666667        0.746044121883400        0.746044121883399        0.000000000000002
        0.100000000000000        0.200000000000000        0.000000000000000        0.000000000000000        0.000000000000000
        0.133333333333333        0.233333333333333       -1.441246569756651       -1.441246569756649        0.000000000000002
        0.166666666666667        0.266666666666667       -1.441246569756651       -1.441246569756649        0.000000000000002
        0.100000000000000        0.300000000000000       -5.568549135113913       -5.568549135113910        0.000000000000003
        0.133333333333333        0.333333333333333       -4.822505013230514       -4.822505013230510        0.000000000000004
        0.166666666666667        0.366666666666667       -2.784274567556957       -2.784274567556954        0.000000000000003
        0.100000000000000        0.400000000000000       -7.875117709619066       -7.875117709619062        0.000000000000003
        0.133333333333333        0.433333333333333       -5.378805424566184       -5.378805424566180        0.000000000000004
        0.166666666666667        0.466666666666667       -2.496312285052882       -2.496312285052880        0.000000000000002
        0.100000000000000        0.500000000000000       -5.568549135113915       -5.568549135113914        0.000000000000001
        0.133333333333333        0.533333333333333       -2.784274567556958       -2.784274567556957        0.000000000000001
        0.166666666666667        0.566666666666667       -0.746044121883401       -0.746044121883400        0.000000000000001
        0.100000000000000        0.600000000000000       -0.000000000000001       -0.000000000000001        0.000000000000000
        0.133333333333333        0.633333333333333        1.441246569756650        1.441246569756650        0.000000000000001
        0.166666666666667        0.666666666666667        1.441246569756651        1.441246569756650        0.000000000000001
        0.100000000000000        0.700000000000000        5.568549135113913        5.568549135113911        0.000000000000002
        0.133333333333333        0.733333333333333        4.822505013230513        4.822505013230510        0.000000000000004
        0.166666666666667        0.766666666666667        2.784274567556957        2.784274567556954        0.000000000000003
        0.100000000000000        0.800000000000000        7.875117709619066        7.875117709619063        0.000000000000002
        0.133333333333333        0.833333333333333        5.378805424566184        5.378805424566181        0.000000000000004
        0.166666666666667        0.866666666666667        2.496312285052882        2.496312285052880        0.000000000000003
        0.100000000000000        0.900000000000000        5.568549135113915        5.568549135113912        0.000000000000004
        0.133333333333333        0.933333333333333        2.784274567556958        2.784274567556955        0.000000000000004
        0.166666666666667        0.966666666666667        0.746044121883401        0.746044121883400        0.000000000000001
        0.100000000000000        1.000000000000000        0.000000000000002        0.000000000000002        0.000000000000000
        0.133333333333333        1.033333333333333       -1.441246569756649       -1.441246569756647        0.000000000000002
        0.166666666666667        1.066666666666667       -1.441246569756650       -1.441246569756648        0.000000000000002
        0.200000000000000        0.000000000000000        0.000000000000001        0.000000000000000        0.000000000000001
        0.233333333333333        0.033333333333333       -2.784274567556956       -2.784274567556956        0.000000000000000
        0.266666666666667        0.066666666666667       -4.822505013230513       -4.822505013230512        0.000000000000001
        0.200000000000000        0.100000000000000        0.000000000000000        0.000000000000000        0.000000000000000
        0.233333333333333        0.133333333333333       -1.441246569756651       -1.441246569756649        0.000000000000002
        0.266666666666667        0.166666666666667       -1.441246569756651       -1.441246569756649        0.000000000000002
        0.200000000000000        0.200000000000000        0.000000000000000       -0.000000000000000        0.000000000000000
        0.233333333333333        0.233333333333333        0.746044121883400        0.746044121883399        0.000000000000001
        0.266666666666667        0.266666666666667        2.784274567556956        2.784274567556954        0.000000000000002
        0.200000000000000        0.300000000000000       -0.000000000000000       -0.000000000000000        0.000000000000000
        0.233333333333333        0.333333333333333        2.496312285052881        2.496312285052880        0.000000000000001
        0.266666666666667        0.366666666666667        5.378805424566183        5.378805424566181        0.000000000000002
        0.200000000000000        0.400000000000000       -0.000000000000001       -0.000000000000000        0.000000000000001
        0.233333333333333        0.433333333333333        2.784274567556956        2.784274567556955        0.000000000000001
        0.266666666666667        0.466666666666667        4.822505013230513        4.822505013230512        0.000000000000001
        0.200000000000000        0.500000000000000       -0.000000000000000       -0.000000000000000        0.000000000000000
        0.233333333333333        0.533333333333333        1.441246569756651        1.441246569756651        0.000000000000000
        0.266666666666667        0.566666666666667        1.441246569756652        1.441246569756652        0.000000000000000
        0.200000000000000        0.600000000000000       -0.000000000000000       -0.000000000000000        0.000000000000000
        0.233333333333333        0.633333333333333       -0.746044121883399       -0.746044121883399        0.000000000000000
        0.266666666666667        0.666666666666667       -2.784274567556955       -2.784274567556955        0.000000000000000
        0.200000000000000        0.700000000000000        0.000000000000000        0.000000000000000        0.000000000000000
        0.233333333333333        0.733333333333333       -2.496312285052881       -2.496312285052880        0.000000000000001
        0.266666666666667        0.766666666666667       -5.378805424566183       -5.378805424566181        0.000000000000001
        0.200000000000000        0.800000000000000        0.000000000000001        0.000000000000000        0.000000000000001
        0.233333333333333        0.833333333333333       -2.784274567556956       -2.784274567556955        0.000000000000001
        0.266666666666667        0.866666666666667       -4.822505013230514       -4.822505013230512        0.000000000000002
        0.200000000000000        0.900000000000000        0.000000000000000        0.000000000000000        0.000000000000000
        0.233333333333333        0.933333333333333       -1.441246569756651       -1.441246569756650        0.000000000000001
        0.266666666666667        0.966666666666667       -1.441246569756652       -1.441246569756651        0.000000000000002
        0.200000000000000        1.000000000000000        0.000000000000000        0.000000000000000        0.000000000000000
        0.233333333333333        1.033333333333333        0.746044121883399        0.746044121883398        0.000000000000001
        0.266666666666667        1.066666666666667        2.784274567556955        2.784274567556953        0.000000000000002
        0.300000000000000        0.000000000000000       -7.875117709619065       -7.875117709619068        0.000000000000003
        0.333333333333333        0.033333333333333       -9.316364279375716       -9.316364279375719        0.000000000000004
        0.366666666666667        0.066666666666667       -9.316364279375716       -9.316364279375717        0.000000000000000
        0.300000000000000        0.100000000000000       -5.568549135113913       -5.568549135113910        0.000000000000003
        0.333333333333333        0.133333333333333       -4.822505013230514       -4.822505013230510        0.000000000000004
        0.366666666666667        0.166666666666667       -2.784274567556957       -2.784274567556954        0.000000000000003
        0.300000000000000        0.200000000000000       -0.000000000000000       -0.000000000000000        0.000000000000000
        0.333333333333333        0.233333333333333        2.496312285052881        2.496312285052880        0.000000000000001
        0.366666666666667        0.266666666666667        5.378805424566183        5.378805424566181        0.000000000000002
        0.300000000000000        0.300000000000000        5.568549135113913        5.568549135113911        0.000000000000002
        0.333333333333333        0.333333333333333        8.352823702670870        8.352823702670869        0.000000000000001
        0.366666666666667        0.366666666666667       10.391054148344427       10.391054148344426        0.000000000000000
        0.300000000000000        0.400000000000000        7.875117709619065        7.875117709619063        0.000000000000001
        0.333333333333333        0.433333333333333        9.316364279375716        9.316364279375716        0.000000000000000
        0.366666666666667        0.466666666666667        9.316364279375717        9.316364279375718        0.000000000000001
        0.300000000000000        0.500000000000000        5.568549135113914        5.568549135113915        0.000000000000001
        0.333333333333333        0.533333333333333        4.822505013230515        4.822505013230516        0.000000000000002
        0.366666666666667        0.566666666666667        2.784274567556959        2.784274567556960        0.000000000000001
        0.300000000000000        0.600000000000000        0.000000000000001        0.000000000000001        0.000000000000000
        0.333333333333333        0.633333333333333       -2.496312285052880       -2.496312285052881        0.000000000000001
        0.366666666666667        0.666666666666667       -5.378805424566182       -5.378805424566183        0.000000000000001
        0.300000000000000        0.700000000000000       -5.568549135113912       -5.568549135113912        0.000000000000000
        0.333333333333333        0.733333333333333       -8.352823702670869       -8.352823702670869        0.000000000000000
        0.366666666666667        0.766666666666667      -10.391054148344426      -10.391054148344427        0.000000000000001
        0.300000000000000        0.800000000000000       -7.875117709619065       -7.875117709619064        0.000000000000000
        0.333333333333333        0.833333333333333       -9.316364279375716       -9.316364279375717        0.000000000000001
        0.366666666666667        0.866666666666667       -9.316364279375717       -9.316364279375717        0.000000000000000
        0.300000000000000        0.900000000000000       -5.568549135113915       -5.568549135113913        0.000000000000002
        0.333333333333333        0.933333333333333       -4.822505013230516       -4.822505013230513        0.000000000000003
        0.366666666666667        0.966666666666667       -2.784274567556960       -2.784274567556958        0.000000000000002
        0.300000000000000        1.000000000000000       -0.000000000000002       -0.000000000000002        0.000000000000000
        0.333333333333333        1.033333333333333        2.496312285052879        2.496312285052877        0.000000000000002
        0.366666666666667        1.066666666666667        5.378805424566180        5.378805424566178        0.000000000000003
        0.400000000000000        0.000000000000000      -11.137098270227827      -11.137098270227833        0.000000000000006
        0.433333333333333        0.033333333333333      -10.391054148344428      -10.391054148344432        0.000000000000004
        0.466666666666667        0.066666666666667       -8.352823702670871       -8.352823702670873        0.000000000000001
        0.400000000000000        0.100000000000000       -7.875117709619066       -7.875117709619062        0.000000000000003
        0.433333333333333        0.133333333333333       -5.378805424566184       -5.378805424566180        0.000000000000004
        0.466666666666667        0.166666666666667       -2.496312285052882       -2.496312285052880        0.000000000000002
        0.400000000000000        0.200000000000000       -0.000000000000001       -0.000000000000000        0.000000000000001
        0.433333333333333        0.233333333333333        2.784274567556956        2.784274567556955        0.000000000000001
        0.466666666666667        0.266666666666667        4.822505013230513        4.822505013230512        0.000000000000001
        0.400000000000000        0.300000000000000        7.875117709619065        7.875117709619063        0.000000000000001
        0.433333333333333        0.333333333333333        9.316364279375716        9.316364279375716        0.000000000000000
        0.466666666666667        0.366666666666667        9.316364279375717        9.316364279375718        0.000000000000001
        0.400000000000000        0.400000000000000       11.137098270227827       11.137098270227827        0.000000000000001
        0.433333333333333        0.433333333333333       10.391054148344428       10.391054148344428        0.000000000000000
        0.466666666666667        0.466666666666667        8.352823702670872        8.352823702670874        0.000000000000002
        0.400000000000000        0.500000000000000        7.875117709619067        7.875117709619068        0.000000000000002
        0.433333333333333        0.533333333333333        5.378805424566185        5.378805424566187        0.000000000000002
        0.466666666666667        0.566666666666667        2.496312285052883        2.496312285052885        0.000000000000001
        0.400000000000000        0.600000000000000        0.000000000000002        0.000000000000002        0.000000000000000
        0.433333333333333        0.633333333333333       -2.784274567556955       -2.784274567556956        0.000000000000001
        0.466666666666667        0.666666666666667       -4.822505013230512       -4.822505013230514        0.000000000000002
        0.400000000000000        0.700000000000000       -7.875117709619064       -7.875117709619064        0.000000000000001
        0.433333333333333        0.733333333333333       -9.316364279375715       -9.316364279375716        0.000000000000001
        0.466666666666667        0.766666666666667       -9.316364279375717       -9.316364279375718        0.000000000000002
        0.400000000000000        0.800000000000000      -11.137098270227827      -11.137098270227828        0.000000000000001
        0.433333333333333        0.833333333333333      -10.391054148344429      -10.391054148344430        0.000000000000001
        0.466666666666667        0.866666666666667       -8.352823702670873       -8.352823702670873        0.000000000000001
        0.400000000000000        0.900000000000000       -7.875117709619067       -7.875117709619065        0.000000000000002
        0.433333333333333        0.933333333333333       -5.378805424566187       -5.378805424566184        0.000000000000003
        0.466666666666667        0.966666666666667       -2.496312285052885       -2.496312285052883        0.000000000000002
        0.400000000000000        1.000000000000000       -0.000000000000003       -0.000000000000003        0.000000000000000
        0.433333333333333        1.033333333333333        2.784274567556954        2.784274567556952        0.000000000000002
        0.466666666666667        1.066666666666667        4.822505013230511        4.822505013230509        0.000000000000002
        0.500000000000000        0.000000000000000       -7.875117709619067       -7.875117709619073        0.000000000000006
        0.533333333333333        0.033333333333333       -5.378805424566185       -5.378805424566189        0.000000000000004
        0.566666666666667        0.066666666666667       -2.496312285052883       -2.496312285052884        0.000000000000001
        0.500000000000000        0.100000000000000       -5.568549135113915       -5.568549135113914        0.000000000000001
        0.533333333333333        0.133333333333333       -2.784274567556958       -2.784274567556957        0.000000000000001
        0.566666666666667        0.166666666666667       -0.746044121883401       -0.746044121883400        0.000000000000001
        0.500000000000000        0.200000000000000       -0.000000000000000       -0.000000000000000        0.000000000000000
        0.533333333333333        0.233333333333333        1.441246569756651        1.441246569756651        0.000000000000000
        0.566666666666667        0.266666666666667        1.441246569756652        1.441246569756652        0.000000000000000
        0.500000000000000        0.300000000000000        5.568549135113914        5.568549135113915        0.000000000000001
        0.533333333333333        0.333333333333333        4.822505013230515        4.822505013230516        0.000000000000002
        0.566666666666667        0.366666666666667        2.784274567556959        2.784274567556960        0.000000000000001
        0.500000000000000        0.400000000000000        7.875117709619067        7.875117709619068        0.000000000000002
        0.533333333333333        0.433333333333333        5.378805424566185        5.378805424566187        0.000000000000002
        0.566666666666667        0.466666666666667        2.496312285052883        2.496312285052885        0.000000000000001
        0.500000000000000        0.500000000000000        5.568549135113915        5.568549135113918        0.000000000000003
        0.533333333333333        0.533333333333333        2.784274567556958        2.784274567556961        0.000000000000002
        0.566666666666667        0.566666666666667        0.746044121883401        0.746044121883402        0.000000000000001
        0.500000000000000        0.600000000000000        0.000000000000001        0.000000000000001        0.000000000000000
        0.533333333333333        0.633333333333333       -1.441246569756650       -1.441246569756652        0.000000000000001
        0.566666666666667        0.666666666666667       -1.441246569756651       -1.441246569756652        0.000000000000001
        0.500000000000000        0.700000000000000       -5.568549135113913       -5.568549135113915        0.000000000000002
        0.533333333333333        0.733333333333333       -4.822505013230514       -4.822505013230517        0.000000000000002
        0.566666666666667        0.766666666666667       -2.784274567556958       -2.784274567556960        0.000000000000001
        0.500000000000000        0.800000000000000       -7.875117709619067       -7.875117709619069        0.000000000000003
        0.533333333333333        0.833333333333333       -5.378805424566186       -5.378805424566188        0.000000000000003
        0.566666666666667        0.866666666666667       -2.496312285052884       -2.496312285052885        0.000000000000001
        0.500000000000000        0.900000000000000       -5.568549135113916       -5.568549135113916        0.000000000000000
        0.533333333333333        0.933333333333333       -2.784274567556959       -2.784274567556959        0.000000000000000
        0.566666666666667        0.966666666666667       -0.746044121883401       -0.746044121883401        0.000000000000000
        0.500000000000000        1.000000000000000       -0.000000000000002       -0.000000000000002        0.000000000000000
        0.533333333333333        1.033333333333333        1.441246569756650        1.441246569756649        0.000000000000001
        0.566666666666667        1.066666666666667        1.441246569756651        1.441246569756651        0.000000000000000
        0.600000000000000        0.000000000000000       -0.000000000000002       -0.000000000000002        0.000000000000000
        0.633333333333333        0.033333333333333        2.784274567556955        2.784274567556957        0.000000000000002
        0.666666666666667        0.066666666666667        4.822505013230512        4.822505013230514        0.000000000000001
        0.600000000000000        0.100000000000000       -0.000000000000001       -0.000000000000001        0.000000000000000
        0.633333333333333        0.133333333333333        1.441246569756650        1.441246569756650        0.000000000000001
        0.666666666666667        0.166666666666667        1.441246569756651        1.441246569756650        0.000000000000001
        0.600000000000000        0.200000000000000       -0.000000000000000       -0.000000000000000        0.000000000000000
        0.633333333333333        0.233333333333333       -0.746044121883399       -0.746044121883399        0.000000000000000
        0.666666666666667        0.266666666666667       -2.784274567556955       -2.784274567556955        0.000000000000000
        0.600000000000000        0.300000000000000        0.000000000000001        0.000000000000001        0.000000000000000
        0.633333333333333        0.333333333333333       -2.496312285052880       -2.496312285052881        0.000000000000001
        0.666666666666667        0.366666666666667       -5.378805424566182       -5.378805424566183        0.000000000000001
        0.600000000000000        0.400000000000000        0.000000000000002        0.000000000000002        0.000000000000000
        0.633333333333333        0.433333333333333       -2.784274567556955       -2.784274567556956        0.000000000000001
        0.666666666666667        0.466666666666667       -4.822505013230512       -4.822505013230514        0.000000000000002
        0.600000000000000        0.500000000000000        0.000000000000001        0.000000000000001        0.000000000000000
        0.633333333333333        0.533333333333333       -1.441246569756650       -1.441246569756652        0.000000000000001
        0.666666666666667        0.566666666666667       -1.441246569756651       -1.441246569756652        0.000000000000001
        0.600000000000000        0.600000000000000        0.000000000000000        0.000000000000000        0.000000000000000
        0.633333333333333        0.633333333333333        0.746044121883399        0.746044121883400        0.000000000000001
        0.666666666666667        0.666666666666667        2.784274567556955        2.784274567556956        0.000000000000001
        0.600000000000000        0.700000000000000       -0.000000000000001       -0.000000000000001        0.000000000000000
        0.633333333333333        0.733333333333333        2.496312285052880        2.496312285052881        0.000000000000001
        0.666666666666667        0.766666666666667        5.378805424566181        5.378805424566183        0.000000000000002
        0.600000000000000        0.800000000000000       -0.000000000000002       -0.000000000000002        0.000000000000000
        0.633333333333333        0.833333333333333        2.784274567556955        2.784274567556957        0.000000000000002
        0.666666666666667        0.866666666666667        4.822505013230513        4.822505013230514        0.000000000000001
        0.600000000000000        0.900000000000000       -0.000000000000001       -0.000000000000001        0.000000000000000
        0.633333333333333        0.933333333333333        1.441246569756651        1.441246569756651        0.000000000000000
        0.666666666666667        0.966666666666667        1.441246569756652        1.441246569756651        0.000000000000001
        0.600000000000000        1.000000000000000       -0.000000000000000       -0.000000000000000        0.000000000000000
        0.633333333333333        1.033333333333333       -0.746044121883399       -0.746044121883398        0.000000000000000
        0.666666666666667        1.066666666666667       -2.784274567556954       -2.784274567556953        0.000000000000001
        0.700000000000000        0.000000000000000        7.875117709619064        7.875117709619069        0.000000000000005
        0.733333333333333        0.033333333333333        9.316364279375715        9.316364279375720        0.000000000000004
        0.766666666666667        0.066666666666667        9.316364279375716        9.316364279375717        0.000000000000001
        0.700000000000000        0.100000000000000        5.568549135113913        5.568549135113911        0.000000000000002
        0.733333333333333        0.133333333333333        4.822505013230513        4.822505013230510        0.000000000000004
        0.766666666666667        0.166666666666667        2.784274567556957        2.784274567556954        0.000000000000003
        0.700000000000000        0.200000000000000        0.000000000000000        0.000000000000000        0.000000000000000
        0.733333333333333        0.233333333333333       -2.496312285052881       -2.496312285052880        0.000000000000001
        0.766666666666667        0.266666666666667       -5.378805424566183       -5.378805424566181        0.000000000000001
        0.700000000000000        0.300000000000000       -5.568549135113912       -5.568549135113912        0.000000000000000
        0.733333333333333        0.333333333333333       -8.352823702670869       -8.352823702670869        0.000000000000000
        0.766666666666667        0.366666666666667      -10.391054148344426      -10.391054148344427        0.000000000000001
        0.700000000000000        0.400000000000000       -7.875117709619064       -7.875117709619064        0.000000000000001
        0.733333333333333        0.433333333333333       -9.316364279375715       -9.316364279375716        0.000000000000001
        0.766666666666667        0.466666666666667       -9.316364279375717       -9.316364279375718        0.000000000000002
        0.700000000000000        0.500000000000000       -5.568549135113913       -5.568549135113915        0.000000000000002
        0.733333333333333        0.533333333333333       -4.822505013230514       -4.822505013230517        0.000000000000002
        0.766666666666667        0.566666666666667       -2.784274567556958       -2.784274567556960        0.000000000000001
        0.700000000000000        0.600000000000000       -0.000000000000001       -0.000000000000001        0.000000000000000
        0.733333333333333        0.633333333333333        2.496312285052880        2.496312285052881        0.000000000000001
        0.766666666666667        0.666666666666667        5.378805424566181        5.378805424566183        0.000000000000002
        0.700000000000000        0.700000000000000        5.568549135113911        5.568549135113912        0.000000000000001
        0.733333333333333        0.733333333333333        8.352823702670868        8.352823702670869        0.000000000000001
        0.766666666666667        0.766666666666667       10.391054148344426       10.391054148344428        0.000000000000002
        0.700000000000000        0.800000000000000        7.875117709619064        7.875117709619065        0.000000000000002
        0.733333333333333        0.833333333333333        9.316364279375716        9.316364279375717        0.000000000000001
        0.766666666666667        0.866666666666667        9.316364279375717        9.316364279375718        0.000000000000000
        0.700000000000000        0.900000000000000        5.568549135113914        5.568549135113913        0.000000000000001
        0.733333333333333        0.933333333333333        4.822505013230515        4.822505013230513        0.000000000000002
        0.766666666666667        0.966666666666667        2.784274567556960        2.784274567556958        0.000000000000002
        0.700000000000000        1.000000000000000        0.000000000000002        0.000000000000002        0.000000000000000
        0.733333333333333        1.033333333333333       -2.496312285052878       -2.496312285052877        0.000000000000002
        0.766666666666667        1.066666666666667       -5.378805424566180       -5.378805424566178        0.000000000000002
        0.800000000000000        0.000000000000000       11.137098270227827       11.137098270227835        0.000000000000008
        0.833333333333333        0.033333333333333       10.391054148344428       10.391054148344434        0.000000000000005
        0.866666666666667        0.066666666666667        8.352823702670872        8.352823702670872        0.000000000000000
        0.800000000000000        0.100000000000000        7.875117709619066        7.875117709619063        0.000000000000002
        0.833333333333333        0.133333333333333        5.378805424566184        5.378805424566181        0.000000000000004
        0.866666666666667        0.166666666666667        2.496312285052882        2.496312285052880        0.000000000000003
        0.800000000000000        0.200000000000000        0.000000000000001        0.000000000000000        0.000000000000001
        0.833333333333333        0.233333333333333       -2.784274567556956       -2.784274567556955        0.000000000000001
        0.866666666666667        0.266666666666667       -4.822505013230514       -4.822505013230512        0.000000000000002
        0.800000000000000        0.300000000000000       -7.875117709619065       -7.875117709619064        0.000000000000000
        0.833333333333333        0.333333333333333       -9.316364279375716       -9.316364279375717        0.000000000000001
        0.866666666666667        0.366666666666667       -9.316364279375717       -9.316364279375717        0.000000000000000
        0.800000000000000        0.400000000000000      -11.137098270227827      -11.137098270227828        0.000000000000001
        0.833333333333333        0.433333333333333      -10.391054148344429      -10.391054148344430        0.000000000000001
        0.866666666666667        0.466666666666667       -8.352823702670873       -8.352823702670873        0.000000000000001
        0.800000000000000        0.500000000000000       -7.875117709619067       -7.875117709619069        0.000000000000003
        0.833333333333333        0.533333333333333       -5.378805424566186       -5.378805424566188        0.000000000000003
        0.866666666666667        0.566666666666667       -2.496312285052884       -2.496312285052885        0.000000000000001
        0.800000000000000        0.600000000000000       -0.000000000000002       -0.000000000000002        0.000000000000000
        0.833333333333333        0.633333333333333        2.784274567556955        2.784274567556957        0.000000000000002
        0.866666666666667        0.666666666666667        4.822505013230513        4.822505013230514        0.000000000000001
        0.800000000000000        0.700000000000000        7.875117709619064        7.875117709619065        0.000000000000002
        0.833333333333333        0.733333333333333        9.316364279375716        9.316364279375717        0.000000000000001
        0.866666666666667        0.766666666666667        9.316364279375717        9.316364279375718        0.000000000000000
        0.800000000000000        0.800000000000000       11.137098270227827       11.137098270227830        0.000000000000003
        0.833333333333333        0.833333333333333       10.391054148344429       10.391054148344431        0.000000000000002
        0.866666666666667        0.866666666666667        8.352823702670873        8.352823702670873        0.000000000000000
        0.800000000000000        0.900000000000000        7.875117709619067        7.875117709619066        0.000000000000001
        0.833333333333333        0.933333333333333        5.378805424566187        5.378805424566184        0.000000000000002
        0.866666666666667        0.966666666666667        2.496312285052885        2.496312285052883        0.000000000000002
        0.800000000000000        1.000000000000000        0.000000000000003        0.000000000000003        0.000000000000000
        0.833333333333333        1.033333333333333       -2.784274567556954       -2.784274567556952        0.000000000000002
        0.866666666666667        1.066666666666667       -4.822505013230512       -4.822505013230509        0.000000000000003
        0.900000000000000        0.000000000000000        7.875117709619067        7.875117709619070        0.000000000000002
        0.933333333333333        0.033333333333333        5.378805424566186        5.378805424566186        0.000000000000001
        0.966666666666667        0.066666666666667        2.496312285052884        2.496312285052883        0.000000000000002
        0.900000000000000        0.100000000000000        5.568549135113915        5.568549135113912        0.000000000000004
        0.933333333333333        0.133333333333333        2.784274567556958        2.784274567556955        0.000000000000004
        0.966666666666667        0.166666666666667        0.746044121883401        0.746044121883400        0.000000000000001
        0.900000000000000        0.200000000000000        0.000000000000000        0.000000000000000        0.000000000000000
        0.933333333333333        0.233333333333333       -1.441246569756651       -1.441246569756650        0.000000000000001
        0.966666666666667        0.266666666666667       -1.441246569756652       -1.441246569756651        0.000000000000002
        0.900000000000000        0.300000000000000       -5.568549135113915       -5.568549135113913        0.000000000000002
        0.933333333333333        0.333333333333333       -4.822505013230516       -4.822505013230513        0.000000000000003
        0.966666666666667        0.366666666666667       -2.784274567556960       -2.784274567556958        0.000000000000002
        0.900000000000000        0.400000000000000       -7.875117709619067       -7.875117709619065        0.000000000000002
        0.933333333333333        0.433333333333333       -5.378805424566187       -5.378805424566184        0.000000000000003
        0.966666666666667        0.466666666666667       -2.496312285052885       -2.496312285052883        0.000000000000002
        0.900000000000000        0.500000000000000       -5.568549135113916       -5.568549135113916        0.000000000000000
        0.933333333333333        0.533333333333333       -2.784274567556959       -2.784274567556959        0.000000000000000
        0.966666666666667        0.566666666666667       -0.746044121883401       -0.746044121883401        0.000000000000000
        0.900000000000000        0.600000000000000       -0.000000000000001       -0.000000000000001        0.000000000000000
        0.933333333333333        0.633333333333333        1.441246569756651        1.441246569756651        0.000000000000000
        0.966666666666667        0.666666666666667        1.441246569756652        1.441246569756651        0.000000000000001
        0.900000000000000        0.700000000000000        5.568549135113914        5.568549135113913        0.000000000000001
        0.933333333333333        0.733333333333333        4.822505013230515        4.822505013230513        0.000000000000002
        0.966666666666667        0.766666666666667        2.784274567556960        2.784274567556958        0.000000000000002
        0.900000000000000        0.800000000000000        7.875117709619067        7.875117709619066        0.000000000000001
        0.933333333333333        0.833333333333333        5.378805424566187        5.378805424566184        0.000000000000002
        0.966666666666667        0.866666666666667        2.496312285052885        2.496312285052883        0.000000000000002
        0.900000000000000        0.900000000000000        5.568549135113917        5.568549135113914        0.000000000000003
        0.933333333333333        0.933333333333333        2.784274567556960        2.784274567556957        0.000000000000003
        0.966666666666667        0.966666666666667        0.746044121883402        0.746044121883401        0.000000000000001
        0.900000000000000        1.000000000000000        0.000000000000002        0.000000000000002        0.000000000000000
        0.933333333333333        1.033333333333333       -1.441246569756650       -1.441246569756648        0.000000000000002
        0.966666666666667        1.066666666666667       -1.441246569756652       -1.441246569756650        0.000000000000002
        1.000000000000000        0.000000000000000        0.000000000000003        0.000000000000003        0.000000000000000
        1.033333333333333        0.033333333333333       -2.784274567556954       -2.784274567556953        0.000000000000001
        1.066666666666667        0.066666666666667       -4.822505013230511       -4.822505013230509        0.000000000000002
        1.000000000000000        0.100000000000000        0.000000000000002        0.000000000000002        0.000000000000000
        1.033333333333333        0.133333333333333       -1.441246569756649       -1.441246569756647        0.000000000000002
        1.066666666666667        0.166666666666667       -1.441246569756650       -1.441246569756648        0.000000000000002
        1.000000000000000        0.200000000000000        0.000000000000000        0.000000000000000        0.000000000000000
        1.033333333333333        0.233333333333333        0.746044121883399        0.746044121883398        0.000000000000001
        1.066666666666667        0.266666666666667        2.784274567556955        2.784274567556953        0.000000000000002
        1.000000000000000        0.300000000000000       -0.000000000000002       -0.000000000000002        0.000000000000000
        1.033333333333333        0.333333333333333        2.496312285052879        2.496312285052877        0.000000000000002
        1.066666666666667        0.366666666666667        5.378805424566180        5.378805424566178        0.000000000000003
        1.000000000000000        0.400000000000000       -0.000000000000003       -0.000000000000003        0.000000000000000
        1.033333333333333        0.433333333333333        2.784274567556954        2.784274567556952        0.000000000000002
        1.066666666666667        0.466666666666667        4.822505013230511        4.822505013230509        0.000000000000002
        1.000000000000000        0.500000000000000       -0.000000000000002       -0.000000000000002        0.000000000000000
        1.033333333333333        0.533333333333333        1.441246569756650        1.441246569756649        0.000000000000001
        1.066666666666667        0.566666666666667        1.441246569756651        1.441246569756651        0.000000000000000
        1.000000000000000        0.600000000000000       -0.000000000000000       -0.000000000000000        0.000000000000000
        1.033333333333333        0.633333333333333       -0.746044121883399       -0.746044121883398        0.000000000000000
        1.066666666666667        0.666666666666667       -2.784274567556954       -2.784274567556953        0.000000000000001
        1.000000000000000        0.700000000000000        0.000000000000002        0.000000000000002        0.000000000000000
        1.033333333333333        0.733333333333333       -2.496312285052878       -2.496312285052877        0.000000000000002
        1.066666666666667        0.766666666666667       -5.378805424566180       -5.378805424566178        0.000000000000002
        1.000000000000000        0.800000000000000        0.000000000000003        0.000000000000003        0.000000000000000
        1.033333333333333        0.833333333333333       -2.784274567556954       -2.784274567556952        0.000000000000002
        1.066666666666667        0.866666666666667       -4.822505013230512       -4.822505013230509        0.000000000000003
        1.000000000000000        0.900000000000000        0.000000000000002        0.000000000000002        0.000000000000000
        1.033333333333333        0.933333333333333       -1.441246569756650       -1.441246569756648        0.000000000000002
        1.066666666666667        0.966666666666667       -1.441246569756652       -1.441246569756650        0.000000000000002
        1.000000000000000        1.000000000000000        0.000000000000000        0.000000000000000        0.000000000000000
        1.033333333333333        1.033333333333333        0.746044121883398        0.746044121883397        0.000000000000001
        1.066666666666667        1.066666666666667        2.784274567556954        2.784274567556951        0.000000000000003
