        0.000000000000000        0.000000000000000        0.009204506383877        0.004805291669835        0.004399214714042
        0.033333333333333        0.033333333333333        0.008587921370805        0.004483398164253        0.004104523206552
        0.066666666666667        0.066666666666667        0.006903379787908        0.003603968752377        0.003299411035531
        0.000000000000000        0.100000000000000        0.006508568881514        0.003397854325320        0.003110714556195
        0.033333333333333        0.133333333333333        0.004445435217215        0.002320777663373        0.002124657553842
        0.066666666666667        0.166666666666667        0.002063133664300        0.001077076661947        0.000986057002353
        0.000000000000000        0.200000000000000        0.000000000000000        0.000000000000000        0.000000000000000
        0.033333333333333        0.233333333333333       -0.002301126595969       -0.001201322917459        0.001099803678510
        0.066666666666667        0.266666666666667       -0.003985668178867       -0.002080752329336        0.001904915849531
        0.000000000000000        0.300000000000000       -0.006508568881514       -0.003397854325320        0.003110714556195
        0.033333333333333        0.333333333333333       -0.007699719657972       -0.004019704826033        0.003680014831939
        0.066666666666667        0.366666666666667       -0.007699719657972       -0.004019704826033        0.003680014831939
        0.000000000000000        0.400000000000000       -0.009204506383877       -0.004805291669835        0.004399214714042
        0.033333333333333        0.433333333333333       -0.008587921370805       -0.004483398164253        0.004104523206552
        0.066666666666667        0.466666666666667       -0.006903379787908       -0.003603968752377        0.003299411035531
        0.000000000000000        0.500000000000000       -0.006508568881514       -0.003397854325320        0.003110714556195
        0.033333333333333        0.533333333333333       -0.004445435217215       -0.002320777663373        0.002124657553842
        0.066666666666667        0.566666666666667       -0.002063133664300       -0.001077076661947        0.000986057002353
        0.000000000000000        0.600000000000000       -0.000000000000000       -0.000000000000000        0.000000000000000
        0.033333333333333        0.633333333333333        0.002301126595969        0.001201322917459        0.001099803678510
        0.066666666666667        0.666666666666667        0.003985668178867        0.002080752329336        0.001904915849531
        0.000000000000000        0.700000000000000        0.006508568881514        0.003397854325320        0.003110714556195
        0.033333333333333        0.733333333333333        0.007699719657972        0.004019704826033        0.003680014831939
        0.066666666666667        0.766666666666667        0.007699719657972        0.004019704826033        0.003680014831939
        0.000000000000000        0.800000000000000        0.009204506383877        0.004805291669835        0.004399214714042
        0.033333333333333        0.833333333333333        0.008587921370805        0.004483398164253        0.004104523206552
        0.066666666666667        0.866666666666667        0.006903379787908        0.003603968752377        0.003299411035531
        0.000000000000000        0.900000000000000        0.006508568881514        0.003397854325320        0.003110714556195
        0.033333333333333        0.933333333333333        0.004445435217215        0.002320777663373        0.002124657553842
        0.066666666666667        0.966666666666667        0.002063133664300        0.001077076661947        0.000986057002353
        0.000000000000000        1.000000000000000        0.000000000000000        0.000000000000000        0.000000000000000
        0.033333333333333        1.033333333333333       -0.002301126595969       -0.001201322917459        0.001099803678510
        0.066666666666667        1.066666666666667       -0.003985668178867       -0.002080752329336        0.001904915849531
        0.100000000000000        0.000000000000000        0.006508568881514        0.003397854325320        0.003110714556195
        0.133333333333333        0.033333333333333        0.004445435217215        0.002320777663373        0.002124657553842
        0.166666666666667        0.066666666666667        0.002063133664300        0.001077076661947        0.000986057002353
        0.100000000000000        0.100000000000000        0.004602253191939        0.002402645834918        0.002199607357021
        0.133333333333333        0.133333333333333        0.002301126595969        0.001201322917459        0.001099803678510
        0.166666666666667        0.166666666666667        0.000616585013072        0.000321893505582        0.000294691507490
        0.100000000000000        0.200000000000000        0.000000000000000        0.000000000000000        0.000000000000000
        0.133333333333333        0.233333333333333       -0.001191150776458       -0.000621850500713        0.000569300275745
        0.166666666666667        0.266666666666667       -0.001191150776458       -0.000621850500713        0.000569300275745
        0.100000000000000        0.300000000000000       -0.004602253191939       -0.002402645834918        0.002199607357021
        0.133333333333333        0.333333333333333       -0.003985668178867       -0.002080752329336        0.001904915849531
        0.166666666666667        0.366666666666667       -0.002301126595969       -0.001201322917459        0.001099803678510
        0.100000000000000        0.400000000000000       -0.006508568881514       -0.003397854325320        0.003110714556195
        0.133333333333333        0.433333333333333       -0.004445435217215       -0.002320777663373        0.002124657553842
        0.166666666666667        0.466666666666667       -0.002063133664300       -0.001077076661947        0.000986057002353
        0.100000000000000        0.500000000000000       -0.004602253191939       -0.002402645834918        0.002199607357021
        0.133333333333333        0.533333333333333       -0.002301126595969       -0.001201322917459        0.001099803678510
        0.166666666666667        0.566666666666667       -0.000616585013072       -0.000321893505582        0.000294691507490
        0.100000000000000        0.600000000000000       -0.000000000000000       -0.000000000000000        0.000000000000000
        0.133333333333333        0.633333333333333        0.001191150776458        0.000621850500713        0.000569300275745
        0.166666666666667        0.666666666666667        0.001191150776458        0.000621850500713        0.000569300275745
        0.100000000000000        0.700000000000000        0.004602253191939        0.002402645834918        0.002199607357021
        0.133333333333333        0.733333333333333        0.003985668178867        0.002080752329336        0.001904915849531
        0.166666666666667        0.766666666666667        0.002301126595969        0.001201322917459        0.001099803678510
        0.100000000000000        0.800000000000000        0.006508568881514        0.003397854325320        0.003110714556195
        0.133333333333333        0.833333333333333        0.004445435217215        0.002320777663373        0.002124657553842
        0.166666666666667        0.866666666666667        0.002063133664300        0.001077076661947        0.000986057002353
        0.100000000000000        0.900000000000000        0.004602253191939        0.002402645834918        0.002199607357021
        0.133333333333333        0.933333333333333        0.002301126595969        0.001201322917459        0.001099803678510
        0.166666666666667        0.966666666666667        0.000616585013072        0.000321893505582        0.000294691507490
        0.100000000000000        1.000000000000000        0.000000000000000        0.000000000000000        0.000000000000000
        0.133333333333333        1.033333333333333       -0.001191150776458       -0.000621850500713        0.000569300275745
        0.166666666666667        1.066666666666667       -0.001191150776458       -0.000621850500713        0.000569300275745
        0.200000000000000        0.000000000000000        0.000000000000000        0.000000000000000        0.000000000000000
        0.233333333333333        0.033333333333333       -0.002301126595969       -0.001201322917459        0.001099803678510
        0.266666666666667        0.066666666666667       -0.003985668178867       -0.002080752329336        0.001904915849531
        0.200000000000000        0.100000000000000        0.000000000000000        0.000000000000000        0.000000000000000
        0.233333333333333        0.133333333333333       -0.001191150776458       -0.000621850500713        0.000569300275745
        0.266666666666667        0.166666666666667       -0.001191150776458       -0.000621850500713        0.000569300275745
        0.200000000000000        0.200000000000000        0.000000000000000        0.000000000000000        0.000000000000000
        0.233333333333333        0.233333333333333        0.000616585013072        0.000321893505582        0.000294691507490
        0.266666666666667        0.266666666666667        0.002301126595969        0.001201322917459        0.001099803678510
        0.200000000000000        0.300000000000000       -0.000000000000000       -0.000000000000000        0.000000000000000
        0.233333333333333        0.333333333333333        0.002063133664300        0.001077076661947        0.000986057002353
        0.266666666666667        0.366666666666667        0.004445435217215        0.002320777663373        0.002124657553842
        0.200000000000000        0.400000000000000       -0.000000000000000       -0.000000000000000        0.000000000000000
        0.233333333333333        0.433333333333333        0.002301126595969        0.001201322917459        0.001099803678510
        0.266666666666667        0.466666666666667        0.003985668178867        0.002080752329336        0.001904915849531
        0.200000000000000        0.500000000000000       -0.000000000000000       -0.000000000000000        0.000000000000000
        0.233333333333333        0.533333333333333        0.001191150776458        0.000621850500713        0.000569300275745
        0.266666666666667        0.566666666666667        0.001191150776458        0.000621850500713        0.000569300275745
        0.200000000000000        0.600000000000000       -0.000000000000000        0.000000000000000        0.000000000000000
        0.233333333333333        0.633333333333333       -0.000616585013072       -0.000321893505582        0.000294691507490
        0.266666666666667        0.666666666666667       -0.002301126595969       -0.001201322917459        0.001099803678510
        0.200000000000000        0.700000000000000        0.000000000000000        0.000000000000000        0.000000000000000
        0.233333333333333        0.733333333333333       -0.002063133664300       -0.001077076661947        0.000986057002353
        0.266666666666667        0.766666666666667       -0.004445435217215       -0.002320777663373        0.002124657553842
        0.200000000000000        0.800000000000000        0.000000000000000        0.000000000000000        0.000000000000000
        0.233333333333333        0.833333333333333       -0.002301126595969       -0.001201322917459        0.001099803678510
        0.266666666666667        0.866666666666667       -0.003985668178867       -0.002080752329336        0.001904915849531
        0.200000000000000        0.900000000000000        0.000000000000000        0.000000000000000        0.000000000000000
        0.233333333333333        0.933333333333333       -0.001191150776458       -0.000621850500713        0.000569300275745
        0.266666666666667        0.966666666666667       -0.001191150776458       -0.000621850500713        0.000569300275745
        0.200000000000000        1.000000000000000        0.000000000000000        0.000000000000000        0.000000000000000
        0.233333333333333        1.033333333333333        0.000616585013072        0.000321893505582        0.000294691507490
        0.266666666666667        1.066666666666667        0.002301126595969        0.001201322917459        0.001099803678510
        0.300000000000000        0.000000000000000       -0.006508568881514       -0.003397854325320        0.003110714556195
        0.333333333333333        0.033333333333333       -0.007699719657972       -0.004019704826033        0.003680014831939
        0.366666666666667        0.066666666666667       -0.007699719657972       -0.004019704826033        0.003680014831939
        0.300000000000000        0.100000000000000       -0.004602253191939       -0.002402645834918        0.002199607357021
        0.333333333333333        0.133333333333333       -0.003985668178867       -0.002080752329336        0.001904915849531
        0.366666666666667        0.166666666666667       -0.002301126595969       -0.001201322917459        0.001099803678510
        0.300000000000000        0.200000000000000       -0.000000000000000       -0.000000000000000        0.000000000000000
        0.333333333333333        0.233333333333333        0.002063133664300        0.001077076661947        0.000986057002353
        0.366666666666667        0.266666666666667        0.004445435217215        0.002320777663373        0.002124657553842
        0.300000000000000        0.300000000000000        0.004602253191939        0.002402645834918        0.002199607357021
        0.333333333333333        0.333333333333333        0.006903379787908        0.003603968752377        0.003299411035531
        0.366666666666667        0.366666666666667        0.008587921370805        0.004483398164253        0.004104523206552
        0.300000000000000        0.400000000000000        0.006508568881514        0.003397854325320        0.003110714556195
        0.333333333333333        0.433333333333333        0.007699719657972        0.004019704826033        0.003680014831939
        0.366666666666667        0.466666666666667        0.007699719657972        0.004019704826033        0.003680014831939
        0.300000000000000        0.500000000000000        0.004602253191939        0.002402645834918        0.002199607357021
        0.333333333333333        0.533333333333333        0.003985668178867        0.002080752329336        0.001904915849531
        0.366666666666667        0.566666666666667        0.002301126595969        0.001201322917459        0.001099803678510
        0.300000000000000        0.600000000000000        0.000000000000000        0.000000000000000        0.000000000000000
        0.333333333333333        0.633333333333333       -0.002063133664300       -0.001077076661947        0.000986057002353
        0.366666666666667        0.666666666666667       -0.004445435217215       -0.002320777663373        0.002124657553842
        0.300000000000000        0.700000000000000       -0.004602253191939       -0.002402645834918        0.002199607357021
        0.333333333333333        0.733333333333333       -0.006903379787908       -0.003603968752377        0.003299411035531
        0.366666666666667        0.766666666666667       -0.008587921370805       -0.004483398164253        0.004104523206552
        0.300000000000000        0.800000000000000       -0.006508568881514       -0.003397854325320        0.003110714556195
        0.333333333333333        0.833333333333333       -0.007699719657972       -0.004019704826033        0.003680014831939
        0.366666666666667        0.866666666666667       -0.007699719657972       -0.004019704826033        0.003680014831939
        0.300000000000000        0.900000000000000       -0.004602253191939       -0.002402645834918        0.002199607357021
        0.333333333333333        0.933333333333333       -0.003985668178867       -0.002080752329336        0.001904915849531
        0.366666666666667        0.966666666666667       -0.002301126595969       -0.001201322917459        0.001099803678510
        0.300000000000000        1.000000000000000       -0.000000000000000       -0.000000000000000        0.000000000000000
        0.333333333333333        1.033333333333333        0.002063133664300        0.001077076661947        0.000986057002353
        0.366666666666667        1.066666666666667        0.004445435217215        0.002320777663373        0.002124657553842
        0.400000000000000        0.000000000000000       -0.009204506383877       -0.004805291669835        0.004399214714042
        0.433333333333333        0.033333333333333       -0.008587921370805       -0.004483398164253        0.004104523206552
        0.466666666666667        0.066666666666667       -0.006903379787908       -0.003603968752377        0.003299411035531
        0.400000000000000        0.100000000000000       -0.006508568881514       -0.003397854325320        0.003110714556195
        0.433333333333333        0.133333333333333       -0.004445435217215       -0.002320777663373        0.002124657553842
        0.466666666666667        0.166666666666667       -0.002063133664300       -0.001077076661947        0.000986057002353
        0.400000000000000        0.200000000000000       -0.000000000000000       -0.000000000000000        0.000000000000000
        0.433333333333333        0.233333333333333        0.002301126595969        0.001201322917459        0.001099803678510
        0.466666666666667        0.266666666666667        0.003985668178867        0.002080752329336        0.001904915849531
        0.400000000000000        0.300000000000000        0.006508568881514        0.003397854325320        0.003110714556195
        0.433333333333333        0.333333333333333        0.007699719657972        0.004019704826033        0.003680014831939
        0.466666666666667        0.366666666666667        0.007699719657972        0.004019704826033        0.003680014831939
        0.400000000000000        0.400000000000000        0.009204506383877        0.004805291669835        0.004399214714042
        0.433333333333333        0.433333333333333        0.008587921370805        0.004483398164253        0.004104523206552
        0.466666666666667        0.466666666666667        0.006903379787908        0.003603968752377        0.003299411035531
        0.400000000000000        0.500000000000000        0.006508568881514        0.003397854325320        0.003110714556195
        0.433333333333333        0.533333333333333        0.004445435217215        0.002320777663373        0.002124657553842
        0.466666666666667        0.566666666666667        0.002063133664300        0.001077076661947        0.000986057002353
        0.400000000000000        0.600000000000000        0.000000000000000        0.000000000000000        0.000000000000000
        0.433333333333333        0.633333333333333       -0.002301126595969       -0.001201322917459        0.001099803678510
        0.466666666666667        0.666666666666667       -0.003985668178867       -0.002080752329336        0.001904915849531
        0.400000000000000        0.700000000000000       -0.006508568881514       -0.003397854325320        0.003110714556195
        0.433333333333333        0.733333333333333       -0.007699719657972       -0.004019704826033        0.003680014831939
        0.466666666666667        0.766666666666667       -0.007699719657972       -0.004019704826033        0.003680014831939
        0.400000000000000        0.800000000000000       -0.009204506383877       -0.004805291669835        0.004399214714042
        0.433333333333333        0.833333333333333       -0.008587921370805       -0.004483398164253        0.004104523206552
        0.466666666666667        0.866666666666667       -0.006903379787908       -0.003603968752377        0.003299411035531
        0.400000000000000        0.900000000000000       -0.006508568881514       -0.003397854325320        0.003110714556195
        0.433333333333333        0.933333333333333       -0.004445435217215       -0.002320777663373        0.002124657553842
        0.466666666666667        0.966666666666667       -0.002063133664300       -0.001077076661947        0.000986057002353
        0.400000000000000        1.000000000000000       -0.000000000000000       -0.000000000000000        0.000000000000000
        0.433333333333333        1.033333333333333        0.002301126595969        0.001201322917459        0.001099803678510
        0.466666666666667        1.066666666666667        0.003985668178867        0.002080752329336        0.001904915849531
        0.500000000000000        0.000000000000000       -0.006508568881514       -0.003397854325320        0.003110714556195
        0.533333333333333        0.033333333333333       -0.004445435217215       -0.002320777663373        0.002124657553842
        0.566666666666667        0.066666666666667       -0.002063133664300       -0.001077076661947        0.000986057002353
        0.500000000000000        0.100000000000000       -0.004602253191939       -0.002402645834918        0.002199607357021
        0.533333333333333        0.133333333333333       -0.002301126595969       -0.001201322917459        0.001099803678510
        0.566666666666667        0.166666666666667       -0.000616585013072       -0.000321893505582        0.000294691507490
        0.500000000000000        0.200000000000000       -0.000000000000000       -0.000000000000000        0.000000000000000
        0.533333333333333        0.233333333333333        0.001191150776458        0.000621850500713        0.000569300275745
        0.566666666666667        0.266666666666667        0.001191150776458        0.000621850500713        0.000569300275745
        0.500000000000000        0.300000000000000        0.004602253191939        0.002402645834918        0.002199607357021
        0.533333333333333        0.333333333333333        0.003985668178867        0.002080752329336        0.001904915849531
        0.566666666666667        0.366666666666667        0.002301126595969        0.001201322917459        0.001099803678510
        0.500000000000000        0.400000000000000        0.006508568881514        0.003397854325320        0.003110714556195
        0.533333333333333        0.433333333333333        0.004445435217215        0.002320777663373        0.002124657553842
        0.566666666666667        0.466666666666667        0.002063133664300        0.001077076661947        0.000986057002353
        0.500000000000000        0.500000000000000        0.004602253191939        0.002402645834918        0.002199607357021
        0.533333333333333        0.533333333333333        0.002301126595969        0.001201322917459        0.001099803678510
        0.566666666666667        0.566666666666667        0.000616585013072        0.000321893505582        0.000294691507490
        0.500000000000000        0.600000000000000        0.000000000000000        0.000000000000000        0.000000000000000
        0.533333333333333        0.633333333333333       -0.001191150776458       -0.000621850500713        0.000569300275745
        0.566666666666667        0.666666666666667       -0.001191150776458       -0.000621850500713        0.000569300275745
        0.500000000000000        0.700000000000000       -0.004602253191939       -0.002402645834918        0.002199607357021
        0.533333333333333        0.733333333333333       -0.003985668178867       -0.002080752329336        0.001904915849531
        0.566666666666667        0.766666666666667       -0.002301126595969       -0.001201322917459        0.001099803678510
        0.500000000000000        0.800000000000000       -0.006508568881514       -0.003397854325320        0.003110714556195
        0.533333333333333        0.833333333333333       -0.004445435217215       -0.002320777663373        0.002124657553842
        0.566666666666667        0.866666666666667       -0.002063133664300       -0.001077076661947        0.000986057002353
        0.500000000000000        0.900000000000000       -0.004602253191939       -0.002402645834918        0.002199607357021
        0.533333333333333        0.933333333333333       -0.002301126595969       -0.001201322917459        0.001099803678510
        0.566666666666667        0.966666666666667       -0.000616585013072       -0.000321893505582        0.000294691507490
        0.500000000000000        1.000000000000000       -0.000000000000000       -0.000000000000000        0.000000000000000
        0.533333333333333        1.033333333333333        0.001191150776458        0.000621850500713        0.000569300275745
        0.566666666666667        1.066666666666667        0.001191150776458        0.000621850500713        0.000569300275745
        0.600000000000000        0.000000000000000       -0.000000000000000       -0.000000000000000        0.000000000000000
        0.633333333333333        0.033333333333333        0.002301126595969        0.001201322917459        0.001099803678510
        0.666666666666667        0.066666666666667        0.003985668178867        0.002080752329336        0.001904915849531
        0.600000000000000        0.100000000000000       -0.000000000000000       -0.000000000000000        0.000000000000000
        0.633333333333333        0.133333333333333        0.001191150776458        0.000621850500713        0.000569300275745
        0.666666666666667        0.166666666666667        0.001191150776458        0.000621850500713        0.000569300275745
        0.600000000000000        0.200000000000000       -0.000000000000000        0.000000000000000        0.000000000000000
        0.633333333333333        0.233333333333333       -0.000616585013072       -0.000321893505582        0.000294691507490
        0.666666666666667        0.266666666666667       -0.002301126595969       -0.001201322917459        0.001099803678510
        0.600000000000000        0.300000000000000        0.000000000000000        0.000000000000000        0.000000000000000
        0.633333333333333        0.333333333333333       -0.002063133664300       -0.001077076661947        0.000986057002353
        0.666666666666667        0.366666666666667       -0.004445435217215       -0.002320777663373        0.002124657553842
        0.600000000000000        0.400000000000000        0.000000000000000        0.000000000000000        0.000000000000000
        0.633333333333333        0.433333333333333       -0.002301126595969       -0.001201322917459        0.001099803678510
        0.666666666666667        0.466666666666667       -0.003985668178867       -0.002080752329336        0.001904915849531
        0.600000000000000        0.500000000000000        0.000000000000000        0.000000000000000        0.000000000000000
        0.633333333333333        0.533333333333333       -0.001191150776458       -0.000621850500713        0.000569300275745
        0.666666666666667        0.566666666666667       -0.001191150776458       -0.000621850500713        0.000569300275745
        0.600000000000000        0.600000000000000        0.000000000000000        0.000000000000000        0.000000000000000
        0.633333333333333        0.633333333333333        0.000616585013072        0.000321893505582        0.000294691507490
        0.666666666666667        0.666666666666667        0.002301126595969        0.001201322917459        0.001099803678510
        0.600000000000000        0.700000000000000       -0.000000000000000       -0.000000000000000        0.000000000000000
        0.633333333333333        0.733333333333333        0.002063133664300        0.001077076661947        0.000986057002353
        0.666666666666667        0.766666666666667        0.004445435217215        0.002320777663373        0.002124657553842
        0.600000000000000        0.800000000000000       -0.000000000000000       -0.000000000000000        0.000000000000000
        0.633333333333333        0.833333333333333        0.002301126595969        0.001201322917459        0.001099803678510
        0.666666666666667        0.866666666666667        0.003985668178867        0.002080752329336        0.001904915849531
        0.600000000000000        0.900000000000000       -0.000000000000000       -0.000000000000000        0.000000000000000
        0.633333333333333        0.933333333333333        0.001191150776458        0.000621850500713        0.000569300275745
        0.666666666666667        0.966666666666667        0.001191150776458        0.000621850500713        0.000569300275745
        0.600000000000000        1.000000000000000       -0.000000000000000       -0.000000000000000        0.000000000000000
        0.633333333333333        1.033333333333333       -0.000616585013072       -0.000321893505582        0.000294691507490
        0.666666666666667        1.066666666666667       -0.002301126595969       -0.001201322917459        0.001099803678510
        0.700000000000000        0.000000000000000        0.006508568881514        0.003397854325320        0.003110714556195
        0.733333333333333        0.033333333333333        0.007699719657972        0.004019704826033        0.003680014831939
        0.766666666666667        0.066666666666667        0.007699719657972        0.004019704826033        0.003680014831939
        0.700000000000000        0.100000000000000        0.004602253191939        0.002402645834918        0.002199607357021
        0.733333333333333        0.133333333333333        0.003985668178867        0.002080752329336        0.001904915849531
        0.766666666666667        0.166666666666667        0.002301126595969        0.001201322917459        0.001099803678510
        0.700000000000000        0.200000000000000        0.000000000000000        0.000000000000000        0.000000000000000
        0.733333333333333        0.233333333333333       -0.002063133664300       -0.001077076661947        0.000986057002353
        0.766666666666667        0.266666666666667       -0.004445435217215       -0.002320777663373        0.002124657553842
        0.700000000000000        0.300000000000000       -0.004602253191939       -0.002402645834918        0.002199607357021
        0.733333333333333        0.333333333333333       -0.006903379787908       -0.003603968752377        0.003299411035531
        0.766666666666667        0.366666666666667       -0.008587921370805       -0.004483398164253        0.004104523206552
        0.700000000000000        0.400000000000000       -0.006508568881514       -0.003397854325320        0.003110714556195
        0.733333333333333        0.433333333333333       -0.007699719657972       -0.004019704826033        0.003680014831939
        0.766666666666667        0.466666666666667       -0.007699719657972       -0.004019704826033        0.003680014831939
        0.700000000000000        0.500000000000000       -0.004602253191939       -0.002402645834918        0.002199607357021
        0.733333333333333        0.533333333333333       -0.003985668178867       -0.002080752329336        0.001904915849531
        0.766666666666667        0.566666666666667       -0.002301126595969       -0.001201322917459        0.001099803678510
        0.700000000000000        0.600000000000000       -0.000000000000000       -0.000000000000000        0.000000000000000
        0.733333333333333        0.633333333333333        0.002063133664300        0.001077076661947        0.000986057002353
        0.766666666666667        0.666666666666667        0.004445435217215        0.002320777663373        0.002124657553842
        0.700000000000000        0.700000000000000        0.004602253191939        0.002402645834918        0.002199607357021
        0.733333333333333        0.733333333333333        0.006903379787908        0.003603968752377        0.003299411035531
        0.766666666666667        0.766666666666667        0.008587921370805        0.004483398164253        0.004104523206552
        0.700000000000000        0.800000000000000        0.006508568881514        0.003397854325320        0.003110714556195
        0.733333333333333        0.833333333333333        0.007699719657972        0.004019704826033        0.003680014831939
        0.766666666666667        0.866666666666667        0.007699719657972        0.004019704826033        0.003680014831939
        0.700000000000000        0.900000000000000        0.004602253191939        0.002402645834918        0.002199607357021
        0.733333333333333        0.933333333333333        0.003985668178867        0.002080752329336        0.001904915849531
        0.766666666666667        0.966666666666667        0.002301126595969        0.001201322917459        0.001099803678510
        0.700000000000000        1.000000000000000        0.000000000000000        0.000000000000000        0.000000000000000
        0.733333333333333        1.033333333333333       -0.002063133664300       -0.001077076661947        0.000986057002353
        0.766666666666667        1.066666666666667       -0.004445435217215       -0.002320777663373        0.002124657553842
        0.800000000000000        0.000000000000000        0.009204506383877        0.004805291669835        0.004399214714042
        0.833333333333333        0.033333333333333        0.008587921370805        0.004483398164253        0.004104523206552
        0.866666666666667        0.066666666666667        0.006903379787908        0.003603968752377        0.003299411035531
        0.800000000000000        0.100000000000000        0.006508568881514        0.003397854325320        0.003110714556195
        0.833333333333333        0.133333333333333        0.004445435217215        0.002320777663373        0.002124657553842
        0.866666666666667        0.166666666666667        0.002063133664300        0.001077076661947        0.000986057002353
        0.800000000000000        0.200000000000000        0.000000000000000        0.000000000000000        0.000000000000000
        0.833333333333333        0.233333333333333       -0.002301126595969       -0.001201322917459        0.001099803678510
        0.866666666666667        0.266666666666667       -0.003985668178867       -0.002080752329336        0.001904915849531
        0.800000000000000        0.300000000000000       -0.006508568881514       -0.003397854325320        0.003110714556195
        0.833333333333333        0.333333333333333       -0.007699719657972       -0.004019704826033        0.003680014831939
        0.866666666666667        0.366666666666667       -0.007699719657972       -0.004019704826033        0.003680014831939
        0.800000000000000        0.400000000000000       -0.009204506383877       -0.004805291669835        0.004399214714042
        0.833333333333333        0.433333333333333       -0.008587921370805       -0.004483398164253        0.004104523206552
        0.866666666666667        0.466666666666667       -0.006903379787908       -0.003603968752377        0.003299411035531
        0.800000000000000        0.500000000000000       -0.006508568881514       -0.003397854325320        0.003110714556195
        0.833333333333333        0.533333333333333       -0.004445435217215       -0.002320777663373        0.002124657553842
        0.866666666666667        0.566666666666667       -0.002063133664300       -0.001077076661947        0.000986057002353
        0.800000000000000        0.600000000000000       -0.000000000000000       -0.000000000000000        0.000000000000000
        0.833333333333333        0.633333333333333        0.002301126595969        0.001201322917459        0.001099803678510
        0.866666666666667        0.666666666666667        0.003985668178867        0.002080752329336        0.001904915849531
        0.800000000000000        0.700000000000000        0.006508568881514        0.003397854325320        0.003110714556195
        0.833333333333333        0.733333333333333        0.007699719657972        0.004019704826033        0.003680014831939
        0.866666666666667        0.766666666666667        0.007699719657972        0.004019704826033        0.003680014831939
        0.800000000000000        0.800000000000000        0.009204506383877        0.004805291669835        0.004399214714042
        0.833333333333333        0.833333333333333        0.008587921370805        0.004483398164253        0.004104523206552
        0.866666666666667        0.866666666666667        0.006903379787908        0.003603968752377        0.003299411035531
        0.800000000000000        0.900000000000000        0.006508568881514        0.003397854325320        0.003110714556195
        0.833333333333333        0.933333333333333        0.004445435217215        0.002320777663373        0.002124657553842
        0.866666666666667        0.966666666666667        0.002063133664300        0.001077076661947        0.000986057002353
        0.800000000000000        1.000000000000000        0.000000000000000        0.000000000000000        0.000000000000000
        0.833333333333333        1.033333333333333       -0.002301126595969       -0.001201322917459        0.001099803678510
        0.866666666666667        1.066666666666667       -0.003985668178867       -0.002080752329336        0.001904915849531
        0.900000000000000        0.000000000000000        0.006508568881514        0.003397854325320        0.003110714556195
        0.933333333333333        0.033333333333333        0.004445435217215        0.002320777663373        0.002124657553842
        0.966666666666667        0.066666666666667        0.002063133664300        0.001077076661947        0.000986057002353
        0.900000000000000        0.100000000000000        0.004602253191939        0.002402645834918        0.002199607357021
        0.933333333333333        0.133333333333333        0.002301126595969        0.001201322917459        0.001099803678510
        0.966666666666667        0.166666666666667        0.000616585013072        0.000321893505582        0.000294691507490
        0.900000000000000        0.200000000000000        0.000000000000000        0.000000000000000        0.000000000000000
        0.933333333333333        0.233333333333333       -0.001191150776458       -0.000621850500713        0.000569300275745
        0.966666666666667        0.266666666666667       -0.001191150776458       -0.000621850500713        0.000569300275745
        0.900000000000000        0.300000000000000       -0.004602253191939       -0.002402645834918        0.002199607357021
        0.933333333333333        0.333333333333333       -0.003985668178867       -0.002080752329336        0.001904915849531
        0.966666666666667        0.366666666666667       -0.002301126595969       -0.001201322917459        0.001099803678510
        0.900000000000000        0.400000000000000       -0.006508568881514       -0.003397854325320        0.003110714556195
        0.933333333333333        0.433333333333333       -0.004445435217215       -0.002320777663373        0.002124657553842
        0.966666666666667        0.466666666666667       -0.002063133664300       -0.001077076661947        0.000986057002353
        0.900000000000000        0.500000000000000       -0.004602253191939       -0.002402645834918        0.002199607357021
        0.933333333333333        0.533333333333333       -0.002301126595969       -0.001201322917459        0.001099803678510
        0.966666666666667        0.566666666666667       -0.000616585013072       -0.000321893505582        0.000294691507490
        0.900000000000000        0.600000000000000       -0.000000000000000       -0.000000000000000        0.000000000000000
        0.933333333333333        0.633333333333333        0.001191150776458        0.000621850500713        0.000569300275745
        0.966666666666667        0.666666666666667        0.001191150776458        0.000621850500713        0.000569300275745
        0.900000000000000        0.700000000000000        0.004602253191939        0.002402645834918        0.002199607357021
        0.933333333333333        0.733333333333333        0.003985668178867        0.002080752329336        0.001904915849531
        0.966666666666667        0.766666666666667        0.002301126595969        0.001201322917459        0.001099803678510
        0.900000000000000        0.800000000000000        0.006508568881514        0.003397854325320        0.003110714556195
        0.933333333333333        0.833333333333333        0.004445435217215        0.002320777663373        0.002124657553842
        0.966666666666667        0.866666666666667        0.002063133664300        0.001077076661947        0.000986057002353
        0.900000000000000        0.900000000000000        0.004602253191939        0.002402645834918        0.002199607357021
        0.933333333333333        0.933333333333333        0.002301126595969        0.001201322917459        0.001099803678510
        0.966666666666667        0.966666666666667        0.000616585013072        0.000321893505582        0.000294691507490
        0.900000000000000        1.000000000000000        0.000000000000000        0.000000000000000        0.000000000000000
        0.933333333333333        1.033333333333333       -0.001191150776458       -0.000621850500713        0.000569300275745
        0.966666666666667        1.066666666666667       -0.001191150776458       -0.000621850500713        0.000569300275745
        1.000000000000000        0.000000000000000        0.000000000000000        0.000000000000000        0.000000000000000
        1.033333333333333        0.033333333333333       -0.002301126595969       -0.001201322917459        0.001099803678510
        1.066666666666667        0.066666666666667       -0.003985668178867       -0.002080752329336        0.001904915849531
        1.000000000000000        0.100000000000000        0.000000000000000        0.000000000000000        0.000000000000000
        1.033333333333333        0.133333333333333       -0.001191150776458       -0.000621850500713        0.000569300275745
        1.066666666666667        0.166666666666667       -0.001191150776458       -0.000621850500713        0.000569300275745
        1.000000000000000        0.200000000000000        0.000000000000000        0.000000000000000        0.000000000000000
        1.033333333333333        0.233333333333333        0.000616585013072        0.000321893505582        0.000294691507490
        1.066666666666667        0.266666666666667        0.002301126595969        0.001201322917459        0.001099803678510
        1.000000000000000        0.300000000000000       -0.000000000000000       -0.000000000000000        0.000000000000000
        1.033333333333333        0.333333333333333        0.002063133664300        0.001077076661947        0.000986057002353
        1.066666666666667        0.366666666666667        0.004445435217215        0.002320777663373        0.002124657553842
        1.000000000000000        0.400000000000000       -0.000000000000000       -0.000000000000000        0.000000000000000
        1.033333333333333        0.433333333333333        0.002301126595969        0.001201322917459        0.001099803678510
        1.066666666666667        0.466666666666667        0.003985668178867        0.002080752329336        0.001904915849531
        1.000000000000000        0.500000000000000       -0.000000000000000       -0.000000000000000        0.000000000000000
        1.033333333333333        0.533333333333333        0.001191150776458        0.000621850500713        0.000569300275745
        1.066666666666667        0.566666666666667        0.001191150776458        0.000621850500713        0.000569300275745
        1.000000000000000        0.600000000000000       -0.000000000000000       -0.000000000000000        0.000000000000000
        1.033333333333333        0.633333333333333       -0.000616585013072       -0.000321893505582        0.000294691507490
        1.066666666666667        0.666666666666667       -0.002301126595969       -0.001201322917459        0.001099803678510
        1.000000000000000        0.700000000000000        0.000000000000000        0.000000000000000        0.000000000000000
        1.033333333333333        0.733333333333333       -0.002063133664300       -0.001077076661947        0.000986057002353
        1.066666666666667        0.766666666666667       -0.004445435217215       -0.002320777663373        0.002124657553842
        1.000000000000000        0.800000000000000        0.000000000000000        0.000000000000000        0.000000000000000
        1.033333333333333        0.833333333333333       -0.002301126595969       -0.001201322917459        0.001099803678510
        1.066666666666667        0.866666666666667       -0.003985668178867       -0.002080752329336        0.001904915849531
        1.000000000000000        0.900000000000000        0.000000000000000        0.000000000000000        0.000000000000000
        1.033333333333333        0.933333333333333       -0.001191150776458       -0.000621850500713        0.000569300275745
        1.066666666666667        0.966666666666667       -0.001191150776458       -0.000621850500713        0.000569300275745
        1.000000000000000        1.000000000000000        0.000000000000000        0.000000000000000        0.000000000000000
        1.033333333333333        1.033333333333333        0.000616585013072        0.000321893505582        0.000294691507490
        1.066666666666667        1.066666666666667        0.002301126595969        0.001201322917459        0.001099803678510
