        0.000000000000000        0.000000000000000        0.008653883337555        0.004517834175934        0.004136049161621
        0.033333333333333        0.033333333333333        0.008074183074633        0.004215196671189        0.003858986403443
        0.066666666666667        0.066666666666667        0.006490412503167        0.003388375631950        0.003102036871216
        0.000000000000000        0.100000000000000        0.006119219591583        0.003194591182079        0.002924628409503
        0.033333333333333        0.133333333333333        0.004179504706719        0.002181946354713        0.001997558352006
        0.066666666666667        0.166666666666667        0.001939714884864        0.001012644827366        0.000927070057498
        0.000000000000000        0.200000000000000        0.000000000000000        0.000000000000000        0.000000000000000
        0.033333333333333        0.233333333333333       -0.002163470834389       -0.001129458543983        0.001034012290405
        0.066666666666667        0.266666666666667       -0.003747241405855       -0.001956279583222        0.001790961822633
        0.000000000000000        0.300000000000000       -0.006119219591583       -0.003194591182079        0.002924628409503
        0.033333333333333        0.333333333333333       -0.007239114502510       -0.003779241945753        0.003459872556757
        0.066666666666667        0.366666666666667       -0.007239114502510       -0.003779241945753        0.003459872556757
        0.000000000000000        0.400000000000000       -0.008653883337555       -0.004517834175934        0.004136049161621
        0.033333333333333        0.433333333333333       -0.008074183074633       -0.004215196671189        0.003858986403443
        0.066666666666667        0.466666666666667       -0.006490412503167       -0.003388375631950        0.003102036871216
        0.000000000000000        0.500000000000000       -0.006119219591583       -0.003194591182079        0.002924628409503
        0.033333333333333        0.533333333333333       -0.004179504706719       -0.002181946354713        0.001997558352006
        0.066666666666667        0.566666666666667       -0.001939714884864       -0.001012644827366        0.000927070057498
        0.000000000000000        0.600000000000000       -0.000000000000000       -0.000000000000000        0.000000000000000
        0.033333333333333        0.633333333333333        0.002163470834389        0.001129458543983        0.001034012290405
        0.066666666666667        0.666666666666667        0.003747241405855        0.001956279583222        0.001790961822633
        0.000000000000000        0.700000000000000        0.006119219591583        0.003194591182079        0.002924628409503
        0.033333333333333        0.733333333333333        0.007239114502510        0.003779241945753        0.003459872556757
        0.066666666666667        0.766666666666667        0.007239114502510        0.003779241945753        0.003459872556757
        0.000000000000000        0.800000000000000        0.008653883337555        0.004517834175934        0.004136049161621
        0.033333333333333        0.833333333333333        0.008074183074633        0.004215196671189        0.003858986403443
        0.066666666666667        0.866666666666667        0.006490412503167        0.003388375631950        0.003102036871216
        0.000000000000000        0.900000000000000        0.006119219591583        0.003194591182079        0.002924628409503
        0.033333333333333        0.933333333333333        0.004179504706719        0.002181946354713        0.001997558352006
        0.066666666666667        0.966666666666667        0.001939714884864        0.001012644827366        0.000927070057498
        0.000000000000000        1.000000000000000        0.000000000000000        0.000000000000000        0.000000000000000
        0.033333333333333        1.033333333333333       -0.002163470834389       -0.001129458543983        0.001034012290405
        0.066666666666667        1.066666666666667       -0.003747241405855       -0.001956279583222        0.001790961822633
        0.100000000000000        0.000000000000000        0.006119219591583        0.003194591182079        0.002924628409503
        0.133333333333333        0.033333333333333        0.004179504706719        0.002181946354713        0.001997558352006
        0.166666666666667        0.066666666666667        0.001939714884864        0.001012644827366        0.000927070057498
        0.100000000000000        0.100000000000000        0.004326941668778        0.002258917087967        0.002068024580811
        0.133333333333333        0.133333333333333        0.002163470834389        0.001129458543983        0.001034012290405
        0.166666666666667        0.166666666666667        0.000579700262923        0.000302637504745        0.000277062758178
        0.100000000000000        0.200000000000000        0.000000000000000        0.000000000000000        0.000000000000000
        0.133333333333333        0.233333333333333       -0.001119894910927       -0.000584650763673        0.000535244147254
        0.166666666666667        0.266666666666667       -0.001119894910927       -0.000584650763673        0.000535244147254
        0.100000000000000        0.300000000000000       -0.004326941668778       -0.002258917087967        0.002068024580811
        0.133333333333333        0.333333333333333       -0.003747241405855       -0.001956279583222        0.001790961822633
        0.166666666666667        0.366666666666667       -0.002163470834389       -0.001129458543983        0.001034012290405
        0.100000000000000        0.400000000000000       -0.006119219591583       -0.003194591182079        0.002924628409503
        0.133333333333333        0.433333333333333       -0.004179504706719       -0.002181946354713        0.001997558352006
        0.166666666666667        0.466666666666667       -0.001939714884864       -0.001012644827366        0.000927070057498
        0.100000000000000        0.500000000000000       -0.004326941668778       -0.002258917087967        0.002068024580811
        0.133333333333333        0.533333333333333       -0.002163470834389       -0.001129458543983        0.001034012290405
        0.166666666666667        0.566666666666667       -0.000579700262923       -0.000302637504745        0.000277062758178
        0.100000000000000        0.600000000000000       -0.000000000000000       -0.000000000000000        0.000000000000000
        0.133333333333333        0.633333333333333        0.001119894910927        0.000584650763673        0.000535244147254
        0.166666666666667        0.666666666666667        0.001119894910927        0.000584650763673        0.000535244147254
        0.100000000000000        0.700000000000000        0.004326941668778        0.002258917087967        0.002068024580811
        0.133333333333333        0.733333333333333        0.003747241405855        0.001956279583222        0.001790961822633
        0.166666666666667        0.766666666666667        0.002163470834389        0.001129458543983        0.001034012290405
        0.100000000000000        0.800000000000000        0.006119219591583        0.003194591182079        0.002924628409503
        0.133333333333333        0.833333333333333        0.004179504706719        0.002181946354713        0.001997558352006
        0.166666666666667        0.866666666666667        0.001939714884864        0.001012644827366        0.000927070057498
        0.100000000000000        0.900000000000000        0.004326941668778        0.002258917087967        0.002068024580811
        0.133333333333333        0.933333333333333        0.002163470834389        0.001129458543983        0.001034012290405
        0.166666666666667        0.966666666666667        0.000579700262923        0.000302637504745        0.000277062758178
        0.100000000000000        1.000000000000000        0.000000000000000        0.000000000000000        0.000000000000000
        0.133333333333333        1.033333333333333       -0.001119894910927       -0.000584650763673        0.000535244147254
        0.166666666666667        1.066666666666667       -0.001119894910927       -0.000584650763673        0.000535244147254
        0.200000000000000        0.000000000000000        0.000000000000000        0.000000000000000        0.000000000000000
        0.233333333333333        0.033333333333333       -0.002163470834389       -0.001129458543983        0.001034012290405
        0.266666666666667        0.066666666666667       -0.003747241405855       -0.001956279583222        0.001790961822633
        0.200000000000000        0.100000000000000        0.000000000000000        0.000000000000000        0.000000000000000
        0.233333333333333        0.133333333333333       -0.001119894910927       -0.000584650763673        0.000535244147254
        0.266666666666667        0.166666666666667       -0.001119894910927       -0.000584650763673        0.000535244147254
        0.200000000000000        0.200000000000000        0.000000000000000        0.000000000000000        0.000000000000000
        0.233333333333333        0.233333333333333        0.000579700262923        0.000302637504745        0.000277062758178
        0.266666666666667        0.266666666666667        0.002163470834389        0.001129458543983        0.001034012290405
        0.200000000000000        0.300000000000000       -0.000000000000000       -0.000000000000000        0.000000000000000
        0.233333333333333        0.333333333333333        0.001939714884864        0.001012644827366        0.000927070057498
        0.266666666666667        0.366666666666667        0.004179504706719        0.002181946354713        0.001997558352006
        0.200000000000000        0.400000000000000       -0.000000000000000       -0.000000000000000        0.000000000000000
        0.233333333333333        0.433333333333333        0.002163470834389        0.001129458543983        0.001034012290405
        0.266666666666667        0.466666666666667        0.003747241405855        0.001956279583222        0.001790961822633
        0.200000000000000        0.500000000000000       -0.000000000000000       -0.000000000000000        0.000000000000000
        0.233333333333333        0.533333333333333        0.001119894910927        0.000584650763673        0.000535244147254
        0.266666666666667        0.566666666666667        0.001119894910927        0.000584650763673        0.000535244147254
        0.200000000000000        0.600000000000000       -0.000000000000000        0.000000000000000        0.000000000000000
        0.233333333333333        0.633333333333333       -0.000579700262923       -0.000302637504745        0.000277062758178
        0.266666666666667        0.666666666666667       -0.002163470834389       -0.001129458543983        0.001034012290405
        0.200000000000000        0.700000000000000        0.000000000000000        0.000000000000000        0.000000000000000
        0.233333333333333        0.733333333333333       -0.001939714884864       -0.001012644827366        0.000927070057498
        0.266666666666667        0.766666666666667       -0.004179504706719       -0.002181946354713        0.001997558352006
        0.200000000000000        0.800000000000000        0.000000000000000        0.000000000000000        0.000000000000000
        0.233333333333333        0.833333333333333       -0.002163470834389       -0.001129458543983        0.001034012290405
        0.266666666666667        0.866666666666667       -0.003747241405855       -0.001956279583222        0.001790961822633
        0.200000000000000        0.900000000000000        0.000000000000000        0.000000000000000        0.000000000000000
        0.233333333333333        0.933333333333333       -0.001119894910927       -0.000584650763673        0.000535244147254
        0.266666666666667        0.966666666666667       -0.001119894910927       -0.000584650763673        0.000535244147254
        0.200000000000000        1.000000000000000        0.000000000000000        0.000000000000000        0.000000000000000
        0.233333333333333        1.033333333333333        0.000579700262923        0.000302637504745        0.000277062758178
        0.266666666666667        1.066666666666667        0.002163470834389        0.001129458543983        0.001034012290405
        0.300000000000000        0.000000000000000       -0.006119219591583       -0.003194591182079        0.002924628409503
        0.333333333333333        0.033333333333333       -0.007239114502510       -0.003779241945753        0.003459872556757
        0.366666666666667        0.066666666666667       -0.007239114502510       -0.003779241945753        0.003459872556757
        0.300000000000000        0.100000000000000       -0.004326941668778       -0.002258917087967        0.002068024580811
        0.333333333333333        0.133333333333333       -0.003747241405855       -0.001956279583222        0.001790961822633
        0.366666666666667        0.166666666666667       -0.002163470834389       -0.001129458543983        0.001034012290405
        0.300000000000000        0.200000000000000       -0.000000000000000       -0.000000000000000        0.000000000000000
        0.333333333333333        0.233333333333333        0.001939714884864        0.001012644827366        0.000927070057498
        0.366666666666667        0.266666666666667        0.004179504706719        0.002181946354713        0.001997558352006
        0.300000000000000        0.300000000000000        0.004326941668778        0.002258917087967        0.002068024580811
        0.333333333333333        0.333333333333333        0.006490412503167        0.003388375631950        0.003102036871216
        0.366666666666667        0.366666666666667        0.008074183074633        0.004215196671189        0.003858986403443
        0.300000000000000        0.400000000000000        0.006119219591583        0.003194591182079        0.002924628409503
        0.333333333333333        0.433333333333333        0.007239114502510        0.003779241945753        0.003459872556757
        0.366666666666667        0.466666666666667        0.007239114502510        0.003779241945753        0.003459872556757
        0.300000000000000        0.500000000000000        0.004326941668778        0.002258917087967        0.002068024580811
        0.333333333333333        0.533333333333333        0.003747241405855        0.001956279583222        0.001790961822633
        0.366666666666667        0.566666666666667        0.002163470834389        0.001129458543983        0.001034012290405
        0.300000000000000        0.600000000000000        0.000000000000000        0.000000000000000        0.000000000000000
        0.333333333333333        0.633333333333333       -0.001939714884864       -0.001012644827366        0.000927070057498
        0.366666666666667        0.666666666666667       -0.004179504706719       -0.002181946354713        0.001997558352006
        0.300000000000000        0.700000000000000       -0.004326941668778       -0.002258917087967        0.002068024580811
        0.333333333333333        0.733333333333333       -0.006490412503167       -0.003388375631950        0.003102036871216
        0.366666666666667        0.766666666666667       -0.008074183074633       -0.004215196671189        0.003858986403443
        0.300000000000000        0.800000000000000       -0.006119219591583       -0.003194591182079        0.002924628409503
        0.333333333333333        0.833333333333333       -0.007239114502510       -0.003779241945753        0.003459872556757
        0.366666666666667        0.866666666666667       -0.007239114502510       -0.003779241945753        0.003459872556757
        0.300000000000000        0.900000000000000       -0.004326941668778       -0.002258917087967        0.002068024580811
        0.333333333333333        0.933333333333333       -0.003747241405855       -0.001956279583222        0.001790961822633
        0.366666666666667        0.966666666666667       -0.002163470834389       -0.001129458543983        0.001034012290405
        0.300000000000000        1.000000000000000       -0.000000000000000       -0.000000000000000        0.000000000000000
        0.333333333333333        1.033333333333333        0.001939714884864        0.001012644827366        0.000927070057498
        0.366666666666667        1.066666666666667        0.004179504706719        0.002181946354713        0.001997558352006
        0.400000000000000        0.000000000000000       -0.008653883337555       -0.004517834175934        0.004136049161621
        0.433333333333333        0.033333333333333       -0.008074183074633       -0.004215196671189        0.003858986403443
        0.466666666666667        0.066666666666667       -0.006490412503167       -0.003388375631950        0.003102036871216
        0.400000000000000        0.100000000000000       -0.006119219591583       -0.003194591182079        0.002924628409503
        0.433333333333333        0.133333333333333       -0.004179504706719       -0.002181946354713        0.001997558352006
        0.466666666666667        0.166666666666667       -0.001939714884864       -0.001012644827366        0.000927070057498
        0.400000000000000        0.200000000000000       -0.000000000000000       -0.000000000000000        0.000000000000000
        0.433333333333333        0.233333333333333        0.002163470834389        0.001129458543983        0.001034012290405
        0.466666666666667        0.266666666666667        0.003747241405855        0.001956279583222        0.001790961822633
        0.400000000000000        0.300000000000000        0.006119219591583        0.003194591182079        0.002924628409503
        0.433333333333333        0.333333333333333        0.007239114502510        0.003779241945753        0.003459872556757
        0.466666666666667        0.366666666666667        0.007239114502510        0.003779241945753        0.003459872556757
        0.400000000000000        0.400000000000000        0.008653883337555        0.004517834175934        0.004136049161621
        0.433333333333333        0.433333333333333        0.008074183074633        0.004215196671189        0.003858986403443
        0.466666666666667        0.466666666666667        0.006490412503167        0.003388375631950        0.003102036871216
        0.400000000000000        0.500000000000000        0.006119219591583        0.003194591182079        0.002924628409503
        0.433333333333333        0.533333333333333        0.004179504706719        0.002181946354713        0.001997558352006
        0.466666666666667        0.566666666666667        0.001939714884864        0.001012644827366        0.000927070057498
        0.400000000000000        0.600000000000000        0.000000000000000        0.000000000000000        0.000000000000000
        0.433333333333333        0.633333333333333       -0.002163470834389       -0.001129458543983        0.001034012290405
        0.466666666666667        0.666666666666667       -0.003747241405855       -0.001956279583222        0.001790961822633
        0.400000000000000        0.700000000000000       -0.006119219591583       -0.003194591182079        0.002924628409503
        0.433333333333333        0.733333333333333       -0.007239114502510       -0.003779241945753        0.003459872556757
        0.466666666666667        0.766666666666667       -0.007239114502510       -0.003779241945753        0.003459872556757
        0.400000000000000        0.800000000000000       -0.008653883337555       -0.004517834175934        0.004136049161621
        0.433333333333333        0.833333333333333       -0.008074183074633       -0.004215196671189        0.003858986403443
        0.466666666666667        0.866666666666667       -0.006490412503167       -0.003388375631950        0.003102036871216
        0.400000000000000        0.900000000000000       -0.006119219591583       -0.003194591182079        0.002924628409503
        0.433333333333333        0.933333333333333       -0.004179504706719       -0.002181946354713        0.001997558352006
        0.466666666666667        0.966666666666667       -0.001939714884864       -0.001012644827366        0.000927070057498
        0.400000000000000        1.000000000000000       -0.000000000000000       -0.000000000000000        0.000000000000000
        0.433333333333333        1.033333333333333        0.002163470834389        0.001129458543983        0.001034012290405
        0.466666666666667        1.066666666666667        0.003747241405855        0.001956279583222        0.001790961822633
        0.500000000000000        0.000000000000000       -0.006119219591583       -0.003194591182079        0.002924628409503
        0.533333333333333        0.033333333333333       -0.004179504706719       -0.002181946354713        0.001997558352006
        0.566666666666667        0.066666666666667       -0.001939714884864       -0.001012644827366        0.000927070057498
        0.500000000000000        0.100000000000000       -0.004326941668778       -0.002258917087967        0.002068024580811
        0.533333333333333        0.133333333333333       -0.002163470834389       -0.001129458543983        0.001034012290405
        0.566666666666667        0.166666666666667       -0.000579700262923       -0.000302637504745        0.000277062758178
        0.500000000000000        0.200000000000000       -0.000000000000000       -0.000000000000000        0.000000000000000
        0.533333333333333        0.233333333333333        0.001119894910927        0.000584650763673        0.000535244147254
        0.566666666666667        0.266666666666667        0.001119894910927        0.000584650763673        0.000535244147254
        0.500000000000000        0.300000000000000        0.004326941668778        0.002258917087967        0.002068024580811
        0.533333333333333        0.333333333333333        0.003747241405855        0.001956279583222        0.001790961822633
        0.566666666666667        0.366666666666667        0.002163470834389        0.001129458543983        0.001034012290405
        0.500000000000000        0.400000000000000        0.006119219591583        0.003194591182079        0.002924628409503
        0.533333333333333        0.433333333333333        0.004179504706719        0.002181946354713        0.001997558352006
        0.566666666666667        0.466666666666667        0.001939714884864        0.001012644827366        0.000927070057498
        0.500000000000000        0.500000000000000        0.004326941668778        0.002258917087967        0.002068024580811
        0.533333333333333        0.533333333333333        0.002163470834389        0.001129458543983        0.001034012290405
        0.566666666666667        0.566666666666667        0.000579700262923        0.000302637504745        0.000277062758178
        0.500000000000000        0.600000000000000        0.000000000000000        0.000000000000000        0.000000000000000
        0.533333333333333        0.633333333333333       -0.001119894910927       -0.000584650763673        0.000535244147254
        0.566666666666667        0.666666666666667       -0.001119894910927       -0.000584650763673        0.000535244147254
        0.500000000000000        0.700000000000000       -0.004326941668778       -0.002258917087967        0.002068024580811
        0.533333333333333        0.733333333333333       -0.003747241405855       -0.001956279583222        0.001790961822633
        0.566666666666667        0.766666666666667       -0.002163470834389       -0.001129458543983        0.001034012290405
        0.500000000000000        0.800000000000000       -0.006119219591583       -0.003194591182079        0.002924628409503
        0.533333333333333        0.833333333333333       -0.004179504706719       -0.002181946354713        0.001997558352006
        0.566666666666667        0.866666666666667       -0.001939714884864       -0.001012644827366        0.000927070057498
        0.500000000000000        0.900000000000000       -0.004326941668778       -0.002258917087967        0.002068024580811
        0.533333333333333        0.933333333333333       -0.002163470834389       -0.001129458543983        0.001034012290405
        0.566666666666667        0.966666666666667       -0.000579700262923       -0.000302637504745        0.000277062758178
        0.500000000000000        1.000000000000000       -0.000000000000000       -0.000000000000000        0.000000000000000
        0.533333333333333        1.033333333333333        0.001119894910927        0.000584650763673        0.000535244147254
        0.566666666666667        1.066666666666667        0.001119894910927        0.000584650763673        0.000535244147254
        0.600000000000000        0.000000000000000       -0.000000000000000       -0.000000000000000        0.000000000000000
        0.633333333333333        0.033333333333333        0.002163470834389        0.001129458543983        0.001034012290405
        0.666666666666667        0.066666666666667        0.003747241405855        0.001956279583222        0.001790961822633
        0.600000000000000        0.100000000000000       -0.000000000000000       -0.000000000000000        0.000000000000000
        0.633333333333333        0.133333333333333        0.001119894910927        0.000584650763673        0.000535244147254
        0.666666666666667        0.166666666666667        0.001119894910927        0.000584650763673        0.000535244147254
        0.600000000000000        0.200000000000000       -0.000000000000000        0.000000000000000        0.000000000000000
        0.633333333333333        0.233333333333333       -0.000579700262923       -0.000302637504745        0.000277062758178
        0.666666666666667        0.266666666666667       -0.002163470834389       -0.001129458543983        0.001034012290405
        0.600000000000000        0.300000000000000        0.000000000000000        0.000000000000000        0.000000000000000
        0.633333333333333        0.333333333333333       -0.001939714884864       -0.001012644827366        0.000927070057498
        0.666666666666667        0.366666666666667       -0.004179504706719       -0.002181946354713        0.001997558352006
        0.600000000000000        0.400000000000000        0.000000000000000        0.000000000000000        0.000000000000000
        0.633333333333333        0.433333333333333       -0.002163470834389       -0.001129458543983        0.001034012290405
        0.666666666666667        0.466666666666667       -0.003747241405855       -0.001956279583222        0.001790961822633
        0.600000000000000        0.500000000000000        0.000000000000000        0.000000000000000        0.000000000000000
        0.633333333333333        0.533333333333333       -0.001119894910927       -0.000584650763673        0.000535244147254
        0.666666666666667        0.566666666666667       -0.001119894910927       -0.000584650763673        0.000535244147254
        0.600000000000000        0.600000000000000        0.000000000000000        0.000000000000000        0.000000000000000
        0.633333333333333        0.633333333333333        0.000579700262923        0.000302637504745        0.000277062758178
        0.666666666666667        0.666666666666667        0.002163470834389        0.001129458543983        0.001034012290405
        0.600000000000000        0.700000000000000       -0.000000000000000       -0.000000000000000        0.000000000000000
        0.633333333333333        0.733333333333333        0.001939714884864        0.001012644827366        0.000927070057498
        0.666666666666667        0.766666666666667        0.004179504706719        0.002181946354713        0.001997558352006
        0.600000000000000        0.800000000000000       -0.000000000000000       -0.000000000000000        0.000000000000000
        0.633333333333333        0.833333333333333        0.002163470834389        0.001129458543983        0.001034012290405
        0.666666666666667        0.866666666666667        0.003747241405855        0.001956279583222        0.001790961822633
        0.600000000000000        0.900000000000000       -0.000000000000000       -0.000000000000000        0.000000000000000
        0.633333333333333        0.933333333333333        0.001119894910927        0.000584650763673        0.000535244147254
        0.666666666666667        0.966666666666667        0.001119894910927        0.000584650763673        0.000535244147254
        0.600000000000000        1.000000000000000       -0.000000000000000       -0.000000000000000        0.000000000000000
        0.633333333333333        1.033333333333333       -0.000579700262923       -0.000302637504745        0.000277062758178
        0.666666666666667        1.066666666666667       -0.002163470834389       -0.001129458543983        0.001034012290405
        0.700000000000000        0.000000000000000        0.006119219591583        0.003194591182079        0.002924628409503
        0.733333333333333        0.033333333333333        0.007239114502510        0.003779241945753        0.003459872556757
        0.766666666666667        0.066666666666667        0.007239114502510        0.003779241945753        0.003459872556757
        0.700000000000000        0.100000000000000        0.004326941668778        0.002258917087967        0.002068024580811
        0.733333333333333        0.133333333333333        0.003747241405855        0.001956279583222        0.001790961822633
        0.766666666666667        0.166666666666667        0.002163470834389        0.001129458543983        0.001034012290405
        0.700000000000000        0.200000000000000        0.000000000000000        0.000000000000000        0.000000000000000
        0.733333333333333        0.233333333333333       -0.001939714884864       -0.001012644827366        0.000927070057498
        0.766666666666667        0.266666666666667       -0.004179504706719       -0.002181946354713        0.001997558352006
        0.700000000000000        0.300000000000000       -0.004326941668778       -0.002258917087967        0.002068024580811
        0.733333333333333        0.333333333333333       -0.006490412503167       -0.003388375631950        0.003102036871216
        0.766666666666667        0.366666666666667       -0.008074183074633       -0.004215196671189        0.003858986403443
        0.700000000000000        0.400000000000000       -0.006119219591583       -0.003194591182079        0.002924628409503
        0.733333333333333        0.433333333333333       -0.007239114502510       -0.003779241945753        0.003459872556757
        0.766666666666667        0.466666666666667       -0.007239114502510       -0.003779241945753        0.003459872556757
        0.700000000000000        0.500000000000000       -0.004326941668778       -0.002258917087967        0.002068024580811
        0.733333333333333        0.533333333333333       -0.003747241405855       -0.001956279583222        0.001790961822633
        0.766666666666667        0.566666666666667       -0.002163470834389       -0.001129458543983        0.001034012290405
        0.700000000000000        0.600000000000000       -0.000000000000000       -0.000000000000000        0.000000000000000
        0.733333333333333        0.633333333333333        0.001939714884864        0.001012644827366        0.000927070057498
        0.766666666666667        0.666666666666667        0.004179504706719        0.002181946354713        0.001997558352006
        0.700000000000000        0.700000000000000        0.004326941668778        0.002258917087967        0.002068024580811
        0.733333333333333        0.733333333333333        0.006490412503167        0.003388375631950        0.003102036871216
        0.766666666666667        0.766666666666667        0.008074183074633        0.004215196671189        0.003858986403443
        0.700000000000000        0.800000000000000        0.006119219591583        0.003194591182079        0.002924628409503
        0.733333333333333        0.833333333333333        0.007239114502510        0.003779241945753        0.003459872556757
        0.766666666666667        0.866666666666667        0.007239114502510        0.003779241945753        0.003459872556757
        0.700000000000000        0.900000000000000        0.004326941668778        0.002258917087967        0.002068024580811
        0.733333333333333        0.933333333333333        0.003747241405855        0.001956279583222        0.001790961822633
        0.766666666666667        0.966666666666667        0.002163470834389        0.001129458543983        0.001034012290405
        0.700000000000000        1.000000000000000        0.000000000000000        0.000000000000000        0.000000000000000
        0.733333333333333        1.033333333333333       -0.001939714884864       -0.001012644827366        0.000927070057498
        0.766666666666667        1.066666666666667       -0.004179504706719       -0.002181946354713        0.001997558352006
        0.800000000000000        0.000000000000000        0.008653883337555        0.004517834175934        0.004136049161621
        0.833333333333333        0.033333333333333        0.008074183074633        0.004215196671189        0.003858986403443
        0.866666666666667        0.066666666666667        0.006490412503167        0.003388375631950        0.003102036871216
        0.800000000000000        0.100000000000000        0.006119219591583        0.003194591182079        0.002924628409503
        0.833333333333333        0.133333333333333        0.004179504706719        0.002181946354713        0.001997558352006
        0.866666666666667        0.166666666666667        0.001939714884864        0.001012644827366        0.000927070057498
        0.800000000000000        0.200000000000000        0.000000000000000        0.000000000000000        0.000000000000000
        0.833333333333333        0.233333333333333       -0.002163470834389       -0.001129458543983        0.001034012290405
        0.866666666666667        0.266666666666667       -0.003747241405855       -0.001956279583222        0.001790961822633
        0.800000000000000        0.300000000000000       -0.006119219591583       -0.003194591182079        0.002924628409503
        0.833333333333333        0.333333333333333       -0.007239114502510       -0.003779241945753        0.003459872556757
        0.866666666666667        0.366666666666667       -0.007239114502510       -0.003779241945753        0.003459872556757
        0.800000000000000        0.400000000000000       -0.008653883337555       -0.004517834175934        0.004136049161621
        0.833333333333333        0.433333333333333       -0.008074183074633       -0.004215196671189        0.003858986403443
        0.866666666666667        0.466666666666667       -0.006490412503167       -0.003388375631950        0.003102036871216
        0.800000000000000        0.500000000000000       -0.006119219591583       -0.003194591182079        0.002924628409503
        0.833333333333333        0.533333333333333       -0.004179504706719       -0.002181946354713        0.001997558352006
        0.866666666666667        0.566666666666667       -0.001939714884864       -0.001012644827366        0.000927070057498
        0.800000000000000        0.600000000000000       -0.000000000000000       -0.000000000000000        0.000000000000000
        0.833333333333333        0.633333333333333        0.002163470834389        0.001129458543983        0.001034012290405
        0.866666666666667        0.666666666666667        0.003747241405855        0.001956279583222        0.001790961822633
        0.800000000000000        0.700000000000000        0.006119219591583        0.003194591182079        0.002924628409503
        0.833333333333333        0.733333333333333        0.007239114502510        0.003779241945753        0.003459872556757
        0.866666666666667        0.766666666666667        0.007239114502510        0.003779241945753        0.003459872556757
        0.800000000000000        0.800000000000000        0.008653883337555        0.004517834175934        0.004136049161621
        0.833333333333333        0.833333333333333        0.008074183074633        0.004215196671189        0.003858986403443
        0.866666666666667        0.866666666666667        0.006490412503167        0.003388375631950        0.003102036871216
        0.800000000000000        0.900000000000000        0.006119219591583        0.003194591182079        0.002924628409503
        0.833333333333333        0.933333333333333        0.004179504706719        0.002181946354713        0.001997558352006
        0.866666666666667        0.966666666666667        0.001939714884864        0.001012644827366        0.000927070057498
        0.800000000000000        1.000000000000000        0.000000000000000        0.000000000000000        0.000000000000000
        0.833333333333333        1.033333333333333       -0.002163470834389       -0.001129458543983        0.001034012290405
        0.866666666666667        1.066666666666667       -0.003747241405855       -0.001956279583222        0.001790961822633
        0.900000000000000        0.000000000000000        0.006119219591583        0.003194591182079        0.002924628409503
        0.933333333333333        0.033333333333333        0.004179504706719        0.002181946354713        0.001997558352006
        0.966666666666667        0.066666666666667        0.001939714884864        0.001012644827366        0.000927070057498
        0.900000000000000        0.100000000000000        0.004326941668778        0.002258917087967        0.002068024580811
        0.933333333333333        0.133333333333333        0.002163470834389        0.001129458543983        0.001034012290405
        0.966666666666667        0.166666666666667        0.000579700262923        0.000302637504745        0.000277062758178
        0.900000000000000        0.200000000000000        0.000000000000000        0.000000000000000        0.000000000000000
        0.933333333333333        0.233333333333333       -0.001119894910927       -0.000584650763673        0.000535244147254
        0.966666666666667        0.266666666666667       -0.001119894910927       -0.000584650763673        0.000535244147254
        0.900000000000000        0.300000000000000       -0.004326941668778       -0.002258917087967        0.002068024580811
        0.933333333333333        0.333333333333333       -0.003747241405855       -0.001956279583222        0.001790961822633
        0.966666666666667        0.366666666666667       -0.002163470834389       -0.001129458543983        0.001034012290405
        0.900000000000000        0.400000000000000       -0.006119219591583       -0.003194591182079        0.002924628409503
        0.933333333333333        0.433333333333333       -0.004179504706719       -0.002181946354713        0.001997558352006
        0.966666666666667        0.466666666666667       -0.001939714884864       -0.001012644827366        0.000927070057498
        0.900000000000000        0.500000000000000       -0.004326941668778       -0.002258917087967        0.002068024580811
        0.933333333333333        0.533333333333333       -0.002163470834389       -0.001129458543983        0.001034012290405
        0.966666666666667        0.566666666666667       -0.000579700262923       -0.000302637504745        0.000277062758178
        0.900000000000000        0.600000000000000       -0.000000000000000       -0.000000000000000        0.000000000000000
        0.933333333333333        0.633333333333333        0.001119894910927        0.000584650763673        0.000535244147254
        0.966666666666667        0.666666666666667        0.001119894910927        0.000584650763673        0.000535244147254
        0.900000000000000        0.700000000000000        0.004326941668778        0.002258917087967        0.002068024580811
        0.933333333333333        0.733333333333333        0.003747241405855        0.001956279583222        0.001790961822633
        0.966666666666667        0.766666666666667        0.002163470834389        0.001129458543983        0.001034012290405
        0.900000000000000        0.800000000000000        0.006119219591583        0.003194591182079        0.002924628409503
        0.933333333333333        0.833333333333333        0.004179504706719        0.002181946354713        0.001997558352006
        0.966666666666667        0.866666666666667        0.001939714884864        0.001012644827366        0.000927070057498
        0.900000000000000        0.900000000000000        0.004326941668778        0.002258917087967        0.002068024580811
        0.933333333333333        0.933333333333333        0.002163470834389        0.001129458543983        0.001034012290405
        0.966666666666667        0.966666666666667        0.000579700262923        0.000302637504745        0.000277062758178
        0.900000000000000        1.000000000000000        0.000000000000000        0.000000000000000        0.000000000000000
        0.933333333333333        1.033333333333333       -0.001119894910927       -0.000584650763673        0.000535244147254
        0.966666666666667        1.066666666666667       -0.001119894910927       -0.000584650763673        0.000535244147254
        1.000000000000000        0.000000000000000        0.000000000000000        0.000000000000000        0.000000000000000
        1.033333333333333        0.033333333333333       -0.002163470834389       -0.001129458543983        0.001034012290405
        1.066666666666667        0.066666666666667       -0.003747241405855       -0.001956279583222        0.001790961822633
        1.000000000000000        0.100000000000000        0.000000000000000        0.000000000000000        0.000000000000000
        1.033333333333333        0.133333333333333       -0.001119894910927       -0.000584650763673        0.000535244147254
        1.066666666666667        0.166666666666667       -0.001119894910927       -0.000584650763673        0.000535244147254
        1.000000000000000        0.200000000000000        0.000000000000000        0.000000000000000        0.000000000000000
        1.033333333333333        0.233333333333333        0.000579700262923        0.000302637504745        0.000277062758178
        1.066666666666667        0.266666666666667        0.002163470834389        0.001129458543983        0.001034012290405
        1.000000000000000        0.300000000000000       -0.000000000000000       -0.000000000000000        0.000000000000000
        1.033333333333333        0.333333333333333        0.001939714884864        0.001012644827366        0.000927070057498
        1.066666666666667        0.366666666666667        0.004179504706719        0.002181946354713        0.001997558352006
        1.000000000000000        0.400000000000000       -0.000000000000000       -0.000000000000000        0.000000000000000
        1.033333333333333        0.433333333333333        0.002163470834389        0.001129458543983        0.001034012290405
        1.066666666666667        0.466666666666667        0.003747241405855        0.001956279583222        0.001790961822633
        1.000000000000000        0.500000000000000       -0.000000000000000       -0.000000000000000        0.000000000000000
        1.033333333333333        0.533333333333333        0.001119894910927        0.000584650763673        0.000535244147254
        1.066666666666667        0.566666666666667        0.001119894910927        0.000584650763673        0.000535244147254
        1.000000000000000        0.600000000000000       -0.000000000000000       -0.000000000000000        0.000000000000000
        1.033333333333333        0.633333333333333       -0.000579700262923       -0.000302637504745        0.000277062758178
        1.066666666666667        0.666666666666667       -0.002163470834389       -0.001129458543983        0.001034012290405
        1.000000000000000        0.700000000000000        0.000000000000000        0.000000000000000        0.000000000000000
        1.033333333333333        0.733333333333333       -0.001939714884864       -0.001012644827366        0.000927070057498
        1.066666666666667        0.766666666666667       -0.004179504706719       -0.002181946354713        0.001997558352006
        1.000000000000000        0.800000000000000        0.000000000000000        0.000000000000000        0.000000000000000
        1.033333333333333        0.833333333333333       -0.002163470834389       -0.001129458543983        0.001034012290405
        1.066666666666667        0.866666666666667       -0.003747241405855       -0.001956279583222        0.001790961822633
        1.000000000000000        0.900000000000000        0.000000000000000        0.000000000000000        0.000000000000000
        1.033333333333333        0.933333333333333       -0.001119894910927       -0.000584650763673        0.000535244147254
        1.066666666666667        0.966666666666667       -0.001119894910927       -0.000584650763673        0.000535244147254
        1.000000000000000        1.000000000000000        0.000000000000000        0.000000000000000        0.000000000000000
        1.033333333333333        1.033333333333333        0.000579700262923        0.000302637504745        0.000277062758178
        1.066666666666667        1.066666666666667        0.002163470834389        0.001129458543983        0.001034012290405
