        0.000000000000000        0.000000000000000        9.675915496666667        9.675915496666678        0.000000000000011
        0.033333333333333        0.033333333333333        9.027752060825763        9.027752060825770        0.000000000000008
        0.066666666666667        0.066666666666667        7.256936622500001        7.256936622500002        0.000000000000001
        0.000000000000000        0.100000000000000        6.841905461881002        6.841905461881003        0.000000000000001
        0.033333333333333        0.133333333333333        4.673108335610476        4.673108335610474        0.000000000000002
        0.066666666666667        0.166666666666667        2.168797126270526        2.168797126270524        0.000000000000002
        0.000000000000000        0.200000000000000        0.000000000000001        0.000000000000000        0.000000000000001
        0.033333333333333        0.233333333333333       -2.418978874166666       -2.418978874166666        0.000000000000000
        0.066666666666667        0.266666666666667       -4.189794312492428       -4.189794312492427        0.000000000000001
        0.000000000000000        0.300000000000000       -6.841905461881001       -6.841905461881004        0.000000000000003
        0.033333333333333        0.333333333333333       -8.094061066550976       -8.094061066550979        0.000000000000003
        0.066666666666667        0.366666666666667       -8.094061066550976       -8.094061066550977        0.000000000000000
        0.000000000000000        0.400000000000000       -9.675915496666667       -9.675915496666673        0.000000000000005
        0.033333333333333        0.433333333333333       -9.027752060825763       -9.027752060825767        0.000000000000004
        0.066666666666667        0.466666666666667       -7.256936622500001       -7.256936622500002        0.000000000000001
        0.000000000000000        0.500000000000000       -6.841905461881002       -6.841905461881008        0.000000000000006
        0.033333333333333        0.533333333333333       -4.673108335610477       -4.673108335610481        0.000000000000004
        0.066666666666667        0.566666666666667       -2.168797126270527       -2.168797126270528        0.000000000000001
        0.000000000000000        0.600000000000000       -0.000000000000002       -0.000000000000002        0.000000000000000
        0.033333333333333        0.633333333333333        2.418978874166665        2.418978874166667        0.000000000000002
        0.066666666666667        0.666666666666667        4.189794312492427        4.189794312492429        0.000000000000001
        0.000000000000000        0.700000000000000        6.841905461881000        6.841905461881004        0.000000000000004
        0.033333333333333        0.733333333333333        8.094061066550975        8.094061066550979        0.000000000000004
        0.066666666666667        0.766666666666667        8.094061066550976        8.094061066550977        0.000000000000001
        0.000000000000000        0.800000000000000        9.675915496666667        9.675915496666674        0.000000000000007
        0.033333333333333        0.833333333333333        9.027752060825763        9.027752060825768        0.000000000000005
        0.066666666666667        0.866666666666667        7.256936622500002        7.256936622500002        0.000000000000000
        0.000000000000000        0.900000000000000        6.841905461881003        6.841905461881005        0.000000000000002
        0.033333333333333        0.933333333333333        4.673108335610478        4.673108335610477        0.000000000000001
        0.066666666666667        0.966666666666667        2.168797126270528        2.168797126270527        0.000000000000001
        0.000000000000000        1.000000000000000        0.000000000000003        0.000000000000003        0.000000000000000
        0.033333333333333        1.033333333333333       -2.418978874166664       -2.418978874166663        0.000000000000001
        0.066666666666667        1.066666666666667       -4.189794312492427       -4.189794312492425        0.000000000000002
        0.100000000000000        0.000000000000000        6.841905461881002        6.841905461881003        0.000000000000001
        0.133333333333333        0.033333333333333        4.673108335610476        4.673108335610474        0.000000000000002
        0.166666666666667        0.066666666666667        2.168797126270526        2.168797126270524        0.000000000000002
        0.100000000000000        0.100000000000000        4.837957748333334        4.837957748333330        0.000000000000004
        0.133333333333333        0.133333333333333        2.418978874166667        2.418978874166663        0.000000000000004
        0.166666666666667        0.166666666666667        0.648163435840905        0.648163435840904        0.000000000000001
        0.100000000000000        0.200000000000000        0.000000000000000        0.000000000000000        0.000000000000000
        0.133333333333333        0.233333333333333       -1.252155604669975       -1.252155604669973        0.000000000000002
        0.166666666666667        0.266666666666667       -1.252155604669975       -1.252155604669973        0.000000000000002
        0.100000000000000        0.300000000000000       -4.837957748333333       -4.837957748333331        0.000000000000003
        0.133333333333333        0.333333333333333       -4.189794312492429       -4.189794312492425        0.000000000000004
        0.166666666666667        0.366666666666667       -2.418978874166667       -2.418978874166664        0.000000000000003
        0.100000000000000        0.400000000000000       -6.841905461881002       -6.841905461880999        0.000000000000003
        0.133333333333333        0.433333333333333       -4.673108335610476       -4.673108335610472        0.000000000000004
        0.166666666666667        0.466666666666667       -2.168797126270526       -2.168797126270524        0.000000000000002
        0.100000000000000        0.500000000000000       -4.837957748333335       -4.837957748333334        0.000000000000001
        0.133333333333333        0.533333333333333       -2.418978874166668       -2.418978874166667        0.000000000000001
        0.166666666666667        0.566666666666667       -0.648163435840905       -0.648163435840905        0.000000000000000
        0.100000000000000        0.600000000000000       -0.000000000000001       -0.000000000000001        0.000000000000000
        0.133333333333333        0.633333333333333        1.252155604669974        1.252155604669974        0.000000000000000
        0.166666666666667        0.666666666666667        1.252155604669975        1.252155604669974        0.000000000000001
        0.100000000000000        0.700000000000000        4.837957748333333        4.837957748333331        0.000000000000001
        0.133333333333333        0.733333333333333        4.189794312492429        4.189794312492426        0.000000000000003
        0.166666666666667        0.766666666666667        2.418978874166667        2.418978874166665        0.000000000000002
        0.100000000000000        0.800000000000000        6.841905461881002        6.841905461881000        0.000000000000002
        0.133333333333333        0.833333333333333        4.673108335610476        4.673108335610473        0.000000000000003
        0.166666666666667        0.866666666666667        2.168797126270527        2.168797126270524        0.000000000000002
        0.100000000000000        0.900000000000000        4.837957748333335        4.837957748333332        0.000000000000003
        0.133333333333333        0.933333333333333        2.418978874166668        2.418978874166665        0.000000000000003
        0.166666666666667        0.966666666666667        0.648163435840906        0.648163435840904        0.000000000000001
        0.100000000000000        1.000000000000000        0.000000000000002        0.000000000000002        0.000000000000000
        0.133333333333333        1.033333333333333       -1.252155604669973       -1.252155604669972        0.000000000000002
        0.166666666666667        1.066666666666667       -1.252155604669974       -1.252155604669972        0.000000000000002
        0.200000000000000        0.000000000000000        0.000000000000001        0.000000000000000        0.000000000000001
        0.233333333333333        0.033333333333333       -2.418978874166666       -2.418978874166666        0.000000000000000
        0.266666666666667        0.066666666666667       -4.189794312492428       -4.189794312492427        0.000000000000001
        0.200000000000000        0.100000000000000        0.000000000000000        0.000000000000000        0.000000000000000
        0.233333333333333        0.133333333333333       -1.252155604669975       -1.252155604669973        0.000000000000002
        0.266666666666667        0.166666666666667       -1.252155604669975       -1.252155604669973        0.000000000000002
        0.200000000000000        0.200000000000000        0.000000000000000       -0.000000000000000        0.000000000000000
        0.233333333333333        0.233333333333333        0.648163435840904        0.648163435840904        0.000000000000001
        0.266666666666667        0.266666666666667        2.418978874166666        2.418978874166665        0.000000000000002
        0.200000000000000        0.300000000000000       -0.000000000000000       -0.000000000000000        0.000000000000000
        0.233333333333333        0.333333333333333        2.168797126270525        2.168797126270524        0.000000000000001
        0.266666666666667        0.366666666666667        4.673108335610475        4.673108335610473        0.000000000000002
        0.200000000000000        0.400000000000000       -0.000000000000001       -0.000000000000000        0.000000000000001
        0.233333333333333        0.433333333333333        2.418978874166666        2.418978874166665        0.000000000000001
        0.266666666666667        0.466666666666667        4.189794312492429        4.189794312492428        0.000000000000001
        0.200000000000000        0.500000000000000       -0.000000000000000       -0.000000000000000        0.000000000000000
        0.233333333333333        0.533333333333333        1.252155604669975        1.252155604669975        0.000000000000000
        0.266666666666667        0.566666666666667        1.252155604669976        1.252155604669976        0.000000000000000
        0.200000000000000        0.600000000000000       -0.000000000000000       -0.000000000000000        0.000000000000000
        0.233333333333333        0.633333333333333       -0.648163435840904       -0.648163435840904        0.000000000000000
        0.266666666666667        0.666666666666667       -2.418978874166666       -2.418978874166665        0.000000000000000
        0.200000000000000        0.700000000000000        0.000000000000000        0.000000000000000        0.000000000000000
        0.233333333333333        0.733333333333333       -2.168797126270525       -2.168797126270524        0.000000000000001
        0.266666666666667        0.766666666666667       -4.673108335610475       -4.673108335610474        0.000000000000001
        0.200000000000000        0.800000000000000        0.000000000000001        0.000000000000000        0.000000000000001
        0.233333333333333        0.833333333333333       -2.418978874166666       -2.418978874166666        0.000000000000001
        0.266666666666667        0.866666666666667       -4.189794312492429       -4.189794312492428        0.000000000000001
        0.200000000000000        0.900000000000000        0.000000000000000        0.000000000000000        0.000000000000000
        0.233333333333333        0.933333333333333       -1.252155604669975       -1.252155604669974        0.000000000000001
        0.266666666666667        0.966666666666667       -1.252155604669976       -1.252155604669975        0.000000000000001
        0.200000000000000        1.000000000000000        0.000000000000000        0.000000000000000        0.000000000000000
        0.233333333333333        1.033333333333333        0.648163435840904        0.648163435840903        0.000000000000001
        0.266666666666667        1.066666666666667        2.418978874166665        2.418978874166663        0.000000000000002
        0.300000000000000        0.000000000000000       -6.841905461881001       -6.841905461881004        0.000000000000003
        0.333333333333333        0.033333333333333       -8.094061066550976       -8.094061066550979        0.000000000000003
        0.366666666666667        0.066666666666667       -8.094061066550976       -8.094061066550977        0.000000000000000
        0.300000000000000        0.100000000000000       -4.837957748333333       -4.837957748333331        0.000000000000003
        0.333333333333333        0.133333333333333       -4.189794312492429       -4.189794312492425        0.000000000000004
        0.366666666666667        0.166666666666667       -2.418978874166667       -2.418978874166664        0.000000000000003
        0.300000000000000        0.200000000000000       -0.000000000000000       -0.000000000000000        0.000000000000000
        0.333333333333333        0.233333333333333        2.168797126270525        2.168797126270524        0.000000000000001
        0.366666666666667        0.266666666666667        4.673108335610475        4.673108335610473        0.000000000000002
        0.300000000000000        0.300000000000000        4.837957748333333        4.837957748333331        0.000000000000001
        0.333333333333333        0.333333333333333        7.256936622500000        7.256936622499999        0.000000000000001
        0.366666666666667        0.366666666666667        9.027752060825762        9.027752060825762        0.000000000000000
        0.300000000000000        0.400000000000000        6.841905461881001        6.841905461881000        0.000000000000001
        0.333333333333333        0.433333333333333        8.094061066550976        8.094061066550976        0.000000000000000
        0.366666666666667        0.466666666666667        8.094061066550977        8.094061066550977        0.000000000000001
        0.300000000000000        0.500000000000000        4.837957748333334        4.837957748333334        0.000000000000001
        0.333333333333333        0.533333333333333        4.189794312492430        4.189794312492431        0.000000000000001
        0.366666666666667        0.566666666666667        2.418978874166668        2.418978874166669        0.000000000000001
        0.300000000000000        0.600000000000000        0.000000000000001        0.000000000000001        0.000000000000000
        0.333333333333333        0.633333333333333       -2.168797126270524       -2.168797126270525        0.000000000000001
        0.366666666666667        0.666666666666667       -4.673108335610474       -4.673108335610475        0.000000000000001
        0.300000000000000        0.700000000000000       -4.837957748333332       -4.837957748333332        0.000000000000000
        0.333333333333333        0.733333333333333       -7.256936622499999       -7.256936622499999        0.000000000000000
        0.366666666666667        0.766666666666667       -9.027752060825762       -9.027752060825762        0.000000000000001
        0.300000000000000        0.800000000000000       -6.841905461881001       -6.841905461881001        0.000000000000000
        0.333333333333333        0.833333333333333       -8.094061066550976       -8.094061066550977        0.000000000000000
        0.366666666666667        0.866666666666667       -8.094061066550977       -8.094061066550977        0.000000000000000
        0.300000000000000        0.900000000000000       -4.837957748333335       -4.837957748333333        0.000000000000002
        0.333333333333333        0.933333333333333       -4.189794312492431       -4.189794312492428        0.000000000000002
        0.366666666666667        0.966666666666667       -2.418978874166669       -2.418978874166668        0.000000000000002
        0.300000000000000        1.000000000000000       -0.000000000000002       -0.000000000000002        0.000000000000000
        0.333333333333333        1.033333333333333        2.168797126270523        2.168797126270521        0.000000000000002
        0.366666666666667        1.066666666666667        4.673108335610473        4.673108335610470        0.000000000000003
        0.400000000000000        0.000000000000000       -9.675915496666667       -9.675915496666673        0.000000000000005
        0.433333333333333        0.033333333333333       -9.027752060825763       -9.027752060825767        0.000000000000004
        0.466666666666667        0.066666666666667       -7.256936622500001       -7.256936622500002        0.000000000000001
        0.400000000000000        0.100000000000000       -6.841905461881002       -6.841905461880999        0.000000000000003
        0.433333333333333        0.133333333333333       -4.673108335610476       -4.673108335610472        0.000000000000004
        0.466666666666667        0.166666666666667       -2.168797126270526       -2.168797126270524        0.000000000000002
        0.400000000000000        0.200000000000000       -0.000000000000001       -0.000000000000000        0.000000000000001
        0.433333333333333        0.233333333333333        2.418978874166666        2.418978874166665        0.000000000000001
        0.466666666666667        0.266666666666667        4.189794312492429        4.189794312492428        0.000000000000001
        0.400000000000000        0.300000000000000        6.841905461881001        6.841905461881000        0.000000000000001
        0.433333333333333        0.333333333333333        8.094061066550976        8.094061066550976        0.000000000000000
        0.466666666666667        0.366666666666667        8.094061066550977        8.094061066550977        0.000000000000001
        0.400000000000000        0.400000000000000        9.675915496666667        9.675915496666667        0.000000000000000
        0.433333333333333        0.433333333333333        9.027752060825763        9.027752060825763        0.000000000000000
        0.466666666666667        0.466666666666667        7.256936622500002        7.256936622500003        0.000000000000002
        0.400000000000000        0.500000000000000        6.841905461881002        6.841905461881004        0.000000000000002
        0.433333333333333        0.533333333333333        4.673108335610477        4.673108335610479        0.000000000000002
        0.466666666666667        0.566666666666667        2.168797126270527        2.168797126270529        0.000000000000001
        0.400000000000000        0.600000000000000        0.000000000000002        0.000000000000002        0.000000000000000
        0.433333333333333        0.633333333333333       -2.418978874166665       -2.418978874166666        0.000000000000001
        0.466666666666667        0.666666666666667       -4.189794312492428       -4.189794312492429        0.000000000000001
        0.400000000000000        0.700000000000000       -6.841905461881000       -6.841905461881000        0.000000000000001
        0.433333333333333        0.733333333333333       -8.094061066550976       -8.094061066550976        0.000000000000000
        0.466666666666667        0.766666666666667       -8.094061066550976       -8.094061066550978        0.000000000000001
        0.400000000000000        0.800000000000000       -9.675915496666667       -9.675915496666668        0.000000000000001
        0.433333333333333        0.833333333333333       -9.027752060825764       -9.027752060825765        0.000000000000001
        0.466666666666667        0.866666666666667       -7.256936622500002       -7.256936622500003        0.000000000000001
        0.400000000000000        0.900000000000000       -6.841905461881003       -6.841905461881001        0.000000000000002
        0.433333333333333        0.933333333333333       -4.673108335610478       -4.673108335610476        0.000000000000002
        0.466666666666667        0.966666666666667       -2.168797126270528       -2.168797126270527        0.000000000000001
        0.400000000000000        1.000000000000000       -0.000000000000003       -0.000000000000003        0.000000000000000
        0.433333333333333        1.033333333333333        2.418978874166664        2.418978874166662        0.000000000000002
        0.466666666666667        1.066666666666667        4.189794312492427        4.189794312492425        0.000000000000002
        0.500000000000000        0.000000000000000       -6.841905461881002       -6.841905461881008        0.000000000000006
        0.533333333333333        0.033333333333333       -4.673108335610477       -4.673108335610481        0.000000000000004
        0.566666666666667        0.066666666666667       -2.168797126270527       -2.168797126270528        0.000000000000001
        0.500000000000000        0.100000000000000       -4.837957748333335       -4.837957748333334        0.000000000000001
        0.533333333333333        0.133333333333333       -2.418978874166668       -2.418978874166667        0.000000000000001
        0.566666666666667        0.166666666666667       -0.648163435840905       -0.648163435840905        0.000000000000000
        0.500000000000000        0.200000000000000       -0.000000000000000       -0.000000000000000        0.000000000000000
        0.533333333333333        0.233333333333333        1.252155604669975        1.252155604669975        0.000000000000000
        0.566666666666667        0.266666666666667        1.252155604669976        1.252155604669976        0.000000000000000
        0.500000000000000        0.300000000000000        4.837957748333334        4.837957748333334        0.000000000000001
        0.533333333333333        0.333333333333333        4.189794312492430        4.189794312492431        0.000000000000001
        0.566666666666667        0.366666666666667        2.418978874166668        2.418978874166669        0.000000000000001
        0.500000000000000        0.400000000000000        6.841905461881002        6.841905461881004        0.000000000000002
        0.533333333333333        0.433333333333333        4.673108335610477        4.673108335610479        0.000000000000002
        0.566666666666667        0.466666666666667        2.168797126270527        2.168797126270529        0.000000000000001
        0.500000000000000        0.500000000000000        4.837957748333335        4.837957748333338        0.000000000000002
        0.533333333333333        0.533333333333333        2.418978874166668        2.418978874166670        0.000000000000002
        0.566666666666667        0.566666666666667        0.648163435840906        0.648163435840906        0.000000000000001
        0.500000000000000        0.600000000000000        0.000000000000001        0.000000000000001        0.000000000000000
        0.533333333333333        0.633333333333333       -1.252155604669974       -1.252155604669975        0.000000000000001
        0.566666666666667        0.666666666666667       -1.252155604669975       -1.252155604669976        0.000000000000001
        0.500000000000000        0.700000000000000       -4.837957748333333       -4.837957748333335        0.000000000000002
        0.533333333333333        0.733333333333333       -4.189794312492430       -4.189794312492431        0.000000000000002
        0.566666666666667        0.766666666666667       -2.418978874166668       -2.418978874166669        0.000000000000001
        0.500000000000000        0.800000000000000       -6.841905461881002       -6.841905461881005        0.000000000000003
        0.533333333333333        0.833333333333333       -4.673108335610477       -4.673108335610479        0.000000000000002
        0.566666666666667        0.866666666666667       -2.168797126270528       -2.168797126270528        0.000000000000001
        0.500000000000000        0.900000000000000       -4.837957748333336       -4.837957748333336        0.000000000000000
        0.533333333333333        0.933333333333333       -2.418978874166669       -2.418978874166668        0.000000000000000
        0.566666666666667        0.966666666666667       -0.648163435840906       -0.648163435840906        0.000000000000000
        0.500000000000000        1.000000000000000       -0.000000000000002       -0.000000000000002        0.000000000000000
        0.533333333333333        1.033333333333333        1.252155604669974        1.252155604669973        0.000000000000000
        0.566666666666667        1.066666666666667        1.252155604669975        1.252155604669975        0.000000000000000
        0.600000000000000        0.000000000000000       -0.000000000000002       -0.000000000000002        0.000000000000000
        0.633333333333333        0.033333333333333        2.418978874166665        2.418978874166667        0.000000000000002
        0.666666666666667        0.066666666666667        4.189794312492427        4.189794312492429        0.000000000000001
        0.600000000000000        0.100000000000000       -0.000000000000001       -0.000000000000001        0.000000000000000
        0.633333333333333        0.133333333333333        1.252155604669974        1.252155604669974        0.000000000000000
        0.666666666666667        0.166666666666667        1.252155604669975        1.252155604669974        0.000000000000001
        0.600000000000000        0.200000000000000       -0.000000000000000       -0.000000000000000        0.000000000000000
        0.633333333333333        0.233333333333333       -0.648163435840904       -0.648163435840904        0.000000000000000
        0.666666666666667        0.266666666666667       -2.418978874166666       -2.418978874166665        0.000000000000000
        0.600000000000000        0.300000000000000        0.000000000000001        0.000000000000001        0.000000000000000
        0.633333333333333        0.333333333333333       -2.168797126270524       -2.168797126270525        0.000000000000001
        0.666666666666667        0.366666666666667       -4.673108335610474       -4.673108335610475        0.000000000000001
        0.600000000000000        0.400000000000000        0.000000000000002        0.000000000000002        0.000000000000000
        0.633333333333333        0.433333333333333       -2.418978874166665       -2.418978874166666        0.000000000000001
        0.666666666666667        0.466666666666667       -4.189794312492428       -4.189794312492429        0.000000000000001
        0.600000000000000        0.500000000000000        0.000000000000001        0.000000000000001        0.000000000000000
        0.633333333333333        0.533333333333333       -1.252155604669974       -1.252155604669975        0.000000000000001
        0.666666666666667        0.566666666666667       -1.252155604669975       -1.252155604669976        0.000000000000001
        0.600000000000000        0.600000000000000        0.000000000000000        0.000000000000000        0.000000000000000
        0.633333333333333        0.633333333333333        0.648163435840904        0.648163435840904        0.000000000000001
        0.666666666666667        0.666666666666667        2.418978874166665        2.418978874166666        0.000000000000001
        0.600000000000000        0.700000000000000       -0.000000000000001       -0.000000000000001        0.000000000000000
        0.633333333333333        0.733333333333333        2.168797126270524        2.168797126270525        0.000000000000001
        0.666666666666667        0.766666666666667        4.673108335610474        4.673108335610475        0.000000000000001
        0.600000000000000        0.800000000000000       -0.000000000000002       -0.000000000000002        0.000000000000000
        0.633333333333333        0.833333333333333        2.418978874166665        2.418978874166667        0.000000000000001
        0.666666666666667        0.866666666666667        4.189794312492428        4.189794312492429        0.000000000000001
        0.600000000000000        0.900000000000000       -0.000000000000001       -0.000000000000001        0.000000000000000
        0.633333333333333        0.933333333333333        1.252155604669975        1.252155604669974        0.000000000000000
        0.666666666666667        0.966666666666667        1.252155604669976        1.252155604669975        0.000000000000001
        0.600000000000000        1.000000000000000       -0.000000000000000       -0.000000000000000        0.000000000000000
        0.633333333333333        1.033333333333333       -0.648163435840904       -0.648163435840903        0.000000000000000
        0.666666666666667        1.066666666666667       -2.418978874166665       -2.418978874166664        0.000000000000001
        0.700000000000000        0.000000000000000        6.841905461881000        6.841905461881004        0.000000000000004
        0.733333333333333        0.033333333333333        8.094061066550975        8.094061066550979        0.000000000000004
        0.766666666666667        0.066666666666667        8.094061066550976        8.094061066550977        0.000000000000001
        0.700000000000000        0.100000000000000        4.837957748333333        4.837957748333331        0.000000000000001
        0.733333333333333        0.133333333333333        4.189794312492429        4.189794312492426        0.000000000000003
        0.766666666666667        0.166666666666667        2.418978874166667        2.418978874166665        0.000000000000002
        0.700000000000000        0.200000000000000        0.000000000000000        0.000000000000000        0.000000000000000
        0.733333333333333        0.233333333333333       -2.168797126270525       -2.168797126270524        0.000000000000001
        0.766666666666667        0.266666666666667       -4.673108335610475       -4.673108335610474        0.000000000000001
        0.700000000000000        0.300000000000000       -4.837957748333332       -4.837957748333332        0.000000000000000
        0.733333333333333        0.333333333333333       -7.256936622499999       -7.256936622499999        0.000000000000000
        0.766666666666667        0.366666666666667       -9.027752060825762       -9.027752060825762        0.000000000000001
        0.700000000000000        0.400000000000000       -6.841905461881000       -6.841905461881000        0.000000000000001
        0.733333333333333        0.433333333333333       -8.094061066550976       -8.094061066550976        0.000000000000000
        0.766666666666667        0.466666666666667       -8.094061066550976       -8.094061066550978        0.000000000000001
        0.700000000000000        0.500000000000000       -4.837957748333333       -4.837957748333335        0.000000000000002
        0.733333333333333        0.533333333333333       -4.189794312492430       -4.189794312492431        0.000000000000002
        0.766666666666667        0.566666666666667       -2.418978874166668       -2.418978874166669        0.000000000000001
        0.700000000000000        0.600000000000000       -0.000000000000001       -0.000000000000001        0.000000000000000
        0.733333333333333        0.633333333333333        2.168797126270524        2.168797126270525        0.000000000000001
        0.766666666666667        0.666666666666667        4.673108335610474        4.673108335610475        0.000000000000001
        0.700000000000000        0.700000000000000        4.837957748333332        4.837957748333333        0.000000000000001
        0.733333333333333        0.733333333333333        7.256936622499999        7.256936622499999        0.000000000000001
        0.766666666666667        0.766666666666667        9.027752060825761        9.027752060825763        0.000000000000001
        0.700000000000000        0.800000000000000        6.841905461881000        6.841905461881001        0.000000000000001
        0.733333333333333        0.833333333333333        8.094061066550976        8.094061066550977        0.000000000000001
        0.766666666666667        0.866666666666667        8.094061066550977        8.094061066550977        0.000000000000000
        0.700000000000000        0.900000000000000        4.837957748333334        4.837957748333333        0.000000000000001
        0.733333333333333        0.933333333333333        4.189794312492430        4.189794312492428        0.000000000000002
        0.766666666666667        0.966666666666667        2.418978874166669        2.418978874166668        0.000000000000002
        0.700000000000000        1.000000000000000        0.000000000000002        0.000000000000002        0.000000000000000
        0.733333333333333        1.033333333333333       -2.168797126270523       -2.168797126270521        0.000000000000002
        0.766666666666667        1.066666666666667       -4.673108335610473       -4.673108335610471        0.000000000000002
        0.800000000000000        0.000000000000000        9.675915496666667        9.675915496666674        0.000000000000007
        0.833333333333333        0.033333333333333        9.027752060825763        9.027752060825768        0.000000000000005
        0.866666666666667        0.066666666666667        7.256936622500002        7.256936622500002        0.000000000000000
        0.800000000000000        0.100000000000000        6.841905461881002        6.841905461881000        0.000000000000002
        0.833333333333333        0.133333333333333        4.673108335610476        4.673108335610473        0.000000000000003
        0.866666666666667        0.166666666666667        2.168797126270527        2.168797126270524        0.000000000000002
        0.800000000000000        0.200000000000000        0.000000000000001        0.000000000000000        0.000000000000001
        0.833333333333333        0.233333333333333       -2.418978874166666       -2.418978874166666        0.000000000000001
        0.866666666666667        0.266666666666667       -4.189794312492429       -4.189794312492428        0.000000000000001
        0.800000000000000        0.300000000000000       -6.841905461881001       -6.841905461881001        0.000000000000000
        0.833333333333333        0.333333333333333       -8.094061066550976       -8.094061066550977        0.000000000000000
        0.866666666666667        0.366666666666667       -8.094061066550977       -8.094061066550977        0.000000000000000
        0.800000000000000        0.400000000000000       -9.675915496666667       -9.675915496666668        0.000000000000001
        0.833333333333333        0.433333333333333       -9.027752060825764       -9.027752060825765        0.000000000000001
        0.866666666666667        0.466666666666667       -7.256936622500002       -7.256936622500003        0.000000000000001
        0.800000000000000        0.500000000000000       -6.841905461881002       -6.841905461881005        0.000000000000003
        0.833333333333333        0.533333333333333       -4.673108335610477       -4.673108335610479        0.000000000000002
        0.866666666666667        0.566666666666667       -2.168797126270528       -2.168797126270528        0.000000000000001
        0.800000000000000        0.600000000000000       -0.000000000000002       -0.000000000000002        0.000000000000000
        0.833333333333333        0.633333333333333        2.418978874166665        2.418978874166667        0.000000000000001
        0.866666666666667        0.666666666666667        4.189794312492428        4.189794312492429        0.000000000000001
        0.800000000000000        0.700000000000000        6.841905461881000        6.841905461881001        0.000000000000001
        0.833333333333333        0.733333333333333        8.094061066550976        8.094061066550977        0.000000000000001
        0.866666666666667        0.766666666666667        8.094061066550977        8.094061066550977        0.000000000000000
        0.800000000000000        0.800000000000000        9.675915496666667        9.675915496666670        0.000000000000002
        0.833333333333333        0.833333333333333        9.027752060825764        9.027752060825766        0.000000000000002
        0.866666666666667        0.866666666666667        7.256936622500003        7.256936622500002        0.000000000000000
        0.800000000000000        0.900000000000000        6.841905461881003        6.841905461881002        0.000000000000001
        0.833333333333333        0.933333333333333        4.673108335610478        4.673108335610476        0.000000000000002
        0.866666666666667        0.966666666666667        2.168797126270529        2.168797126270527        0.000000000000002
        0.800000000000000        1.000000000000000        0.000000000000003        0.000000000000003        0.000000000000000
        0.833333333333333        1.033333333333333       -2.418978874166664       -2.418978874166663        0.000000000000002
        0.866666666666667        1.066666666666667       -4.189794312492427       -4.189794312492425        0.000000000000002
        0.900000000000000        0.000000000000000        6.841905461881003        6.841905461881005        0.000000000000002
        0.933333333333333        0.033333333333333        4.673108335610478        4.673108335610477        0.000000000000001
        0.966666666666667        0.066666666666667        2.168797126270528        2.168797126270527        0.000000000000001
        0.900000000000000        0.100000000000000        4.837957748333335        4.837957748333332        0.000000000000003
        0.933333333333333        0.133333333333333        2.418978874166668        2.418978874166665        0.000000000000003
        0.966666666666667        0.166666666666667        0.648163435840906        0.648163435840904        0.000000000000001
        0.900000000000000        0.200000000000000        0.000000000000000        0.000000000000000        0.000000000000000
        0.933333333333333        0.233333333333333       -1.252155604669975       -1.252155604669974        0.000000000000001
        0.966666666666667        0.266666666666667       -1.252155604669976       -1.252155604669975        0.000000000000001
        0.900000000000000        0.300000000000000       -4.837957748333335       -4.837957748333333        0.000000000000002
        0.933333333333333        0.333333333333333       -4.189794312492431       -4.189794312492428        0.000000000000002
        0.966666666666667        0.366666666666667       -2.418978874166669       -2.418978874166668        0.000000000000002
        0.900000000000000        0.400000000000000       -6.841905461881003       -6.841905461881001        0.000000000000002
        0.933333333333333        0.433333333333333       -4.673108335610478       -4.673108335610476        0.000000000000002
        0.966666666666667        0.466666666666667       -2.168797126270528       -2.168797126270527        0.000000000000001
        0.900000000000000        0.500000000000000       -4.837957748333336       -4.837957748333336        0.000000000000000
        0.933333333333333        0.533333333333333       -2.418978874166669       -2.418978874166668        0.000000000000000
        0.966666666666667        0.566666666666667       -0.648163435840906       -0.648163435840906        0.000000000000000
        0.900000000000000        0.600000000000000       -0.000000000000001       -0.000000000000001        0.000000000000000
        0.933333333333333        0.633333333333333        1.252155604669975        1.252155604669974        0.000000000000000
        0.966666666666667        0.666666666666667        1.252155604669976        1.252155604669975        0.000000000000001
        0.900000000000000        0.700000000000000        4.837957748333334        4.837957748333333        0.000000000000001
        0.933333333333333        0.733333333333333        4.189794312492430        4.189794312492428        0.000000000000002
        0.966666666666667        0.766666666666667        2.418978874166669        2.418978874166668        0.000000000000002
        0.900000000000000        0.800000000000000        6.841905461881003        6.841905461881002        0.000000000000001
        0.933333333333333        0.833333333333333        4.673108335610478        4.673108335610476        0.000000000000002
        0.966666666666667        0.866666666666667        2.168797126270529        2.168797126270527        0.000000000000002
        0.900000000000000        0.900000000000000        4.837957748333336        4.837957748333334        0.000000000000002
        0.933333333333333        0.933333333333333        2.418978874166669        2.418978874166667        0.000000000000003
        0.966666666666667        0.966666666666667        0.648163435840906        0.648163435840905        0.000000000000001
        0.900000000000000        1.000000000000000        0.000000000000002        0.000000000000002        0.000000000000000
        0.933333333333333        1.033333333333333       -1.252155604669974       -1.252155604669972        0.000000000000002
        0.966666666666667        1.066666666666667       -1.252155604669976       -1.252155604669974        0.000000000000002
        1.000000000000000        0.000000000000000        0.000000000000003        0.000000000000003        0.000000000000000
        1.033333333333333        0.033333333333333       -2.418978874166664       -2.418978874166663        0.000000000000001
        1.066666666666667        0.066666666666667       -4.189794312492427       -4.189794312492425        0.000000000000002
        1.000000000000000        0.100000000000000        0.000000000000002        0.000000000000002        0.000000000000000
        1.033333333333333        0.133333333333333       -1.252155604669973       -1.252155604669972        0.000000000000002
        1.066666666666667        0.166666666666667       -1.252155604669974       -1.252155604669972        0.000000000000002
        1.000000000000000        0.200000000000000        0.000000000000000        0.000000000000000        0.000000000000000
        1.033333333333333        0.233333333333333        0.648163435840904        0.648163435840903        0.000000000000001
        1.066666666666667        0.266666666666667        2.418978874166665        2.418978874166663        0.000000000000002
        1.000000000000000        0.300000000000000       -0.000000000000002       -0.000000000000002        0.000000000000000
        1.033333333333333        0.333333333333333        2.168797126270523        2.168797126270521        0.000000000000002
        1.066666666666667        0.366666666666667        4.673108335610473        4.673108335610470        0.000000000000003
        1.000000000000000        0.400000000000000       -0.000000000000003       -0.000000000000003        0.000000000000000
        1.033333333333333        0.433333333333333        2.418978874166664        2.418978874166662        0.000000000000002
        1.066666666666667        0.466666666666667        4.189794312492427        4.189794312492425        0.000000000000002
        1.000000000000000        0.500000000000000       -0.000000000000002       -0.000000000000002        0.000000000000000
        1.033333333333333        0.533333333333333        1.252155604669974        1.252155604669973        0.000000000000000
        1.066666666666667        0.566666666666667        1.252155604669975        1.252155604669975        0.000000000000000
        1.000000000000000        0.600000000000000       -0.000000000000000       -0.000000000000000        0.000000000000000
        1.033333333333333        0.633333333333333       -0.648163435840904       -0.648163435840903        0.000000000000000
        1.066666666666667        0.666666666666667       -2.418978874166665       -2.418978874166664        0.000000000000001
        1.000000000000000        0.700000000000000        0.000000000000002        0.000000000000002        0.000000000000000
        1.033333333333333        0.733333333333333       -2.168797126270523       -2.168797126270521        0.000000000000002
        1.066666666666667        0.766666666666667       -4.673108335610473       -4.673108335610471        0.000000000000002
        1.000000000000000        0.800000000000000        0.000000000000003        0.000000000000003        0.000000000000000
        1.033333333333333        0.833333333333333       -2.418978874166664       -2.418978874166663        0.000000000000002
        1.066666666666667        0.866666666666667       -4.189794312492427       -4.189794312492425        0.000000000000002
        1.000000000000000        0.900000000000000        0.000000000000002        0.000000000000002        0.000000000000000
        1.033333333333333        0.933333333333333       -1.252155604669974       -1.252155604669972        0.000000000000002
        1.066666666666667        0.966666666666667       -1.252155604669976       -1.252155604669974        0.000000000000002
        1.000000000000000        1.000000000000000        0.000000000000000        0.000000000000000        0.000000000000000
        1.033333333333333        1.033333333333333        0.648163435840903        0.648163435840902        0.000000000000001
        1.066666666666667        1.066666666666667        2.418978874166664        2.418978874166662        0.000000000000003
