        0.000000000000000        0.000000000000000        9.221387718054627        9.221387718054638        0.000000000000010
        0.033333333333333        0.033333333333333        8.603671870017875        8.603671870017882        0.000000000000007
        0.066666666666667        0.066666666666667        6.916040788540971        6.916040788540972        0.000000000000001
        0.000000000000000        0.100000000000000        6.520505787386770        6.520505787386772        0.000000000000001
        0.033333333333333        0.133333333333333        4.453588275546891        4.453588275546890        0.000000000000002
        0.066666666666667        0.166666666666667        2.066917511839880        2.066917511839878        0.000000000000002
        0.000000000000000        0.200000000000000        0.000000000000001        0.000000000000000        0.000000000000001
        0.033333333333333        0.233333333333333       -2.305346929513656       -2.305346929513656        0.000000000000000
        0.066666666666667        0.266666666666667       -3.992978010990560       -3.992978010990559        0.000000000000001
        0.000000000000000        0.300000000000000       -6.520505787386770       -6.520505787386772        0.000000000000003
        0.033333333333333        0.333333333333333       -7.713841169240276       -7.713841169240279        0.000000000000003
        0.066666666666667        0.366666666666667       -7.713841169240276       -7.713841169240276        0.000000000000000
        0.000000000000000        0.400000000000000       -9.221387718054627       -9.221387718054632        0.000000000000005
        0.033333333333333        0.433333333333333       -8.603671870017875       -8.603671870017879        0.000000000000004
        0.066666666666667        0.466666666666667       -6.916040788540971       -6.916040788540972        0.000000000000001
        0.000000000000000        0.500000000000000       -6.520505787386771       -6.520505787386776        0.000000000000005
        0.033333333333333        0.533333333333333       -4.453588275546892       -4.453588275546896        0.000000000000004
        0.066666666666667        0.566666666666667       -2.066917511839881       -2.066917511839882        0.000000000000001
        0.000000000000000        0.600000000000000       -0.000000000000002       -0.000000000000001        0.000000000000000
        0.033333333333333        0.633333333333333        2.305346929513655        2.305346929513657        0.000000000000002
        0.066666666666667        0.666666666666667        3.992978010990560        3.992978010990561        0.000000000000001
        0.000000000000000        0.700000000000000        6.520505787386769        6.520505787386773        0.000000000000004
        0.033333333333333        0.733333333333333        7.713841169240275        7.713841169240279        0.000000000000004
        0.066666666666667        0.766666666666667        7.713841169240276        7.713841169240277        0.000000000000001
        0.000000000000000        0.800000000000000        9.221387718054627        9.221387718054634        0.000000000000006
        0.033333333333333        0.833333333333333        8.603671870017875        8.603671870017880        0.000000000000005
        0.066666666666667        0.866666666666667        6.916040788540972        6.916040788540972        0.000000000000000
        0.000000000000000        0.900000000000000        6.520505787386772        6.520505787386774        0.000000000000002
        0.033333333333333        0.933333333333333        4.453588275546893        4.453588275546893        0.000000000000000
        0.066666666666667        0.966666666666667        2.066917511839882        2.066917511839880        0.000000000000001
        0.000000000000000        1.000000000000000        0.000000000000003        0.000000000000003        0.000000000000000
        0.033333333333333        1.033333333333333       -2.305346929513654       -2.305346929513653        0.000000000000001
        0.066666666666667        1.066666666666667       -3.992978010990559       -3.992978010990557        0.000000000000002
        0.100000000000000        0.000000000000000        6.520505787386770        6.520505787386772        0.000000000000001
        0.133333333333333        0.033333333333333        4.453588275546891        4.453588275546890        0.000000000000002
        0.166666666666667        0.066666666666667        2.066917511839880        2.066917511839878        0.000000000000002
        0.100000000000000        0.100000000000000        4.610693859027314        4.610693859027310        0.000000000000004
        0.133333333333333        0.133333333333333        2.305346929513657        2.305346929513653        0.000000000000004
        0.166666666666667        0.166666666666667        0.617715848036753        0.617715848036752        0.000000000000001
        0.100000000000000        0.200000000000000        0.000000000000000        0.000000000000000        0.000000000000000
        0.133333333333333        0.233333333333333       -1.193335381853506       -1.193335381853504        0.000000000000001
        0.166666666666667        0.266666666666667       -1.193335381853506       -1.193335381853504        0.000000000000002
        0.100000000000000        0.300000000000000       -4.610693859027313       -4.610693859027311        0.000000000000002
        0.133333333333333        0.333333333333333       -3.992978010990561       -3.992978010990558        0.000000000000003
        0.166666666666667        0.366666666666667       -2.305346929513657       -2.305346929513655        0.000000000000003
        0.100000000000000        0.400000000000000       -6.520505787386770       -6.520505787386768        0.000000000000003
        0.133333333333333        0.433333333333333       -4.453588275546891       -4.453588275546888        0.000000000000004
        0.166666666666667        0.466666666666667       -2.066917511839880       -2.066917511839878        0.000000000000002
        0.100000000000000        0.500000000000000       -4.610693859027315       -4.610693859027314        0.000000000000001
        0.133333333333333        0.533333333333333       -2.305346929513658       -2.305346929513657        0.000000000000001
        0.166666666666667        0.566666666666667       -0.617715848036753       -0.617715848036753        0.000000000000000
        0.100000000000000        0.600000000000000       -0.000000000000001       -0.000000000000001        0.000000000000000
        0.133333333333333        0.633333333333333        1.193335381853505        1.193335381853505        0.000000000000000
        0.166666666666667        0.666666666666667        1.193335381853506        1.193335381853505        0.000000000000001
        0.100000000000000        0.700000000000000        4.610693859027313        4.610693859027311        0.000000000000001
        0.133333333333333        0.733333333333333        3.992978010990561        3.992978010990558        0.000000000000003
        0.166666666666667        0.766666666666667        2.305346929513657        2.305346929513655        0.000000000000002
        0.100000000000000        0.800000000000000        6.520505787386770        6.520505787386769        0.000000000000002
        0.133333333333333        0.833333333333333        4.453588275546892        4.453588275546888        0.000000000000003
        0.166666666666667        0.866666666666667        2.066917511839880        2.066917511839878        0.000000000000002
        0.100000000000000        0.900000000000000        4.610693859027315        4.610693859027312        0.000000000000003
        0.133333333333333        0.933333333333333        2.305346929513658        2.305346929513655        0.000000000000003
        0.166666666666667        0.966666666666667        0.617715848036754        0.617715848036752        0.000000000000001
        0.100000000000000        1.000000000000000        0.000000000000002        0.000000000000002        0.000000000000000
        0.133333333333333        1.033333333333333       -1.193335381853504       -1.193335381853503        0.000000000000002
        0.166666666666667        1.066666666666667       -1.193335381853505       -1.193335381853503        0.000000000000002
        0.200000000000000        0.000000000000000        0.000000000000001        0.000000000000000        0.000000000000001
        0.233333333333333        0.033333333333333       -2.305346929513656       -2.305346929513656        0.000000000000000
        0.266666666666667        0.066666666666667       -3.992978010990560       -3.992978010990559        0.000000000000001
        0.200000000000000        0.100000000000000        0.000000000000000        0.000000000000000        0.000000000000000
        0.233333333333333        0.133333333333333       -1.193335381853506       -1.193335381853504        0.000000000000001
        0.266666666666667        0.166666666666667       -1.193335381853506       -1.193335381853504        0.000000000000002
        0.200000000000000        0.200000000000000        0.000000000000000        0.000000000000000        0.000000000000000
        0.233333333333333        0.233333333333333        0.617715848036752        0.617715848036752        0.000000000000001
        0.266666666666667        0.266666666666667        2.305346929513656        2.305346929513655        0.000000000000001
        0.200000000000000        0.300000000000000       -0.000000000000000       -0.000000000000000        0.000000000000000
        0.233333333333333        0.333333333333333        2.066917511839879        2.066917511839878        0.000000000000001
        0.266666666666667        0.366666666666667        4.453588275546890        4.453588275546889        0.000000000000002
        0.200000000000000        0.400000000000000       -0.000000000000001       -0.000000000000000        0.000000000000001
        0.233333333333333        0.433333333333333        2.305346929513656        2.305346929513655        0.000000000000001
        0.266666666666667        0.466666666666667        3.992978010990561        3.992978010990560        0.000000000000001
        0.200000000000000        0.500000000000000       -0.000000000000000       -0.000000000000000        0.000000000000000
        0.233333333333333        0.533333333333333        1.193335381853506        1.193335381853506        0.000000000000000
        0.266666666666667        0.566666666666667        1.193335381853506        1.193335381853507        0.000000000000000
        0.200000000000000        0.600000000000000       -0.000000000000000       -0.000000000000000        0.000000000000000
        0.233333333333333        0.633333333333333       -0.617715848036752       -0.617715848036752        0.000000000000000
        0.266666666666667        0.666666666666667       -2.305346929513656       -2.305346929513656        0.000000000000000
        0.200000000000000        0.700000000000000        0.000000000000000        0.000000000000000        0.000000000000000
        0.233333333333333        0.733333333333333       -2.066917511839878       -2.066917511839878        0.000000000000001
        0.266666666666667        0.766666666666667       -4.453588275546890       -4.453588275546889        0.000000000000001
        0.200000000000000        0.800000000000000        0.000000000000001        0.000000000000000        0.000000000000001
        0.233333333333333        0.833333333333333       -2.305346929513656       -2.305346929513656        0.000000000000001
        0.266666666666667        0.866666666666667       -3.992978010990561       -3.992978010990560        0.000000000000001
        0.200000000000000        0.900000000000000        0.000000000000000        0.000000000000000        0.000000000000000
        0.233333333333333        0.933333333333333       -1.193335381853506       -1.193335381853505        0.000000000000001
        0.266666666666667        0.966666666666667       -1.193335381853507       -1.193335381853506        0.000000000000001
        0.200000000000000        1.000000000000000        0.000000000000000        0.000000000000000        0.000000000000000
        0.233333333333333        1.033333333333333        0.617715848036752        0.617715848036751        0.000000000000001
        0.266666666666667        1.066666666666667        2.305346929513655        2.305346929513653        0.000000000000002
        0.300000000000000        0.000000000000000       -6.520505787386770       -6.520505787386772        0.000000000000003
        0.333333333333333        0.033333333333333       -7.713841169240276       -7.713841169240279        0.000000000000003
        0.366666666666667        0.066666666666667       -7.713841169240276       -7.713841169240276        0.000000000000000
        0.300000000000000        0.100000000000000       -4.610693859027313       -4.610693859027311        0.000000000000002
        0.333333333333333        0.133333333333333       -3.992978010990561       -3.992978010990558        0.000000000000003
        0.366666666666667        0.166666666666667       -2.305346929513657       -2.305346929513655        0.000000000000003
        0.300000000000000        0.200000000000000       -0.000000000000000       -0.000000000000000        0.000000000000000
        0.333333333333333        0.233333333333333        2.066917511839879        2.066917511839878        0.000000000000001
        0.366666666666667        0.266666666666667        4.453588275546890        4.453588275546889        0.000000000000002
        0.300000000000000        0.300000000000000        4.610693859027313        4.610693859027312        0.000000000000001
        0.333333333333333        0.333333333333333        6.916040788540970        6.916040788540969        0.000000000000001
        0.366666666666667        0.366666666666667        8.603671870017874        8.603671870017874        0.000000000000000
        0.300000000000000        0.400000000000000        6.520505787386770        6.520505787386769        0.000000000000001
        0.333333333333333        0.433333333333333        7.713841169240276        7.713841169240276        0.000000000000000
        0.366666666666667        0.466666666666667        7.713841169240276        7.713841169240277        0.000000000000001
        0.300000000000000        0.500000000000000        4.610693859027314        4.610693859027314        0.000000000000000
        0.333333333333333        0.533333333333333        3.992978010990562        3.992978010990563        0.000000000000001
        0.366666666666667        0.566666666666667        2.305346929513658        2.305346929513659        0.000000000000001
        0.300000000000000        0.600000000000000        0.000000000000001        0.000000000000001        0.000000000000000
        0.333333333333333        0.633333333333333       -2.066917511839878       -2.066917511839879        0.000000000000001
        0.366666666666667        0.666666666666667       -4.453588275546889       -4.453588275546890        0.000000000000001
        0.300000000000000        0.700000000000000       -4.610693859027312       -4.610693859027312        0.000000000000000
        0.333333333333333        0.733333333333333       -6.916040788540969       -6.916040788540969        0.000000000000000
        0.366666666666667        0.766666666666667       -8.603671870017874       -8.603671870017874        0.000000000000000
        0.300000000000000        0.800000000000000       -6.520505787386770       -6.520505787386769        0.000000000000000
        0.333333333333333        0.833333333333333       -7.713841169240276       -7.713841169240277        0.000000000000000
        0.366666666666667        0.866666666666667       -7.713841169240277       -7.713841169240277        0.000000000000000
        0.300000000000000        0.900000000000000       -4.610693859027315       -4.610693859027313        0.000000000000002
        0.333333333333333        0.933333333333333       -3.992978010990563       -3.992978010990560        0.000000000000002
        0.366666666666667        0.966666666666667       -2.305346929513659       -2.305346929513658        0.000000000000002
        0.300000000000000        1.000000000000000       -0.000000000000002       -0.000000000000002        0.000000000000000
        0.333333333333333        1.033333333333333        2.066917511839877        2.066917511839875        0.000000000000002
        0.366666666666667        1.066666666666667        4.453588275546888        4.453588275546886        0.000000000000002
        0.400000000000000        0.000000000000000       -9.221387718054627       -9.221387718054632        0.000000000000005
        0.433333333333333        0.033333333333333       -8.603671870017875       -8.603671870017879        0.000000000000004
        0.466666666666667        0.066666666666667       -6.916040788540971       -6.916040788540972        0.000000000000001
        0.400000000000000        0.100000000000000       -6.520505787386770       -6.520505787386768        0.000000000000003
        0.433333333333333        0.133333333333333       -4.453588275546891       -4.453588275546888        0.000000000000004
        0.466666666666667        0.166666666666667       -2.066917511839880       -2.066917511839878        0.000000000000002
        0.400000000000000        0.200000000000000       -0.000000000000001       -0.000000000000000        0.000000000000001
        0.433333333333333        0.233333333333333        2.305346929513656        2.305346929513655        0.000000000000001
        0.466666666666667        0.266666666666667        3.992978010990561        3.992978010990560        0.000000000000001
        0.400000000000000        0.300000000000000        6.520505787386770        6.520505787386769        0.000000000000001
        0.433333333333333        0.333333333333333        7.713841169240276        7.713841169240276        0.000000000000000
        0.466666666666667        0.366666666666667        7.713841169240276        7.713841169240277        0.000000000000001
        0.400000000000000        0.400000000000000        9.221387718054627        9.221387718054627        0.000000000000000
        0.433333333333333        0.433333333333333        8.603671870017875        8.603671870017875        0.000000000000000
        0.466666666666667        0.466666666666667        6.916040788540972        6.916040788540973        0.000000000000001
        0.400000000000000        0.500000000000000        6.520505787386771        6.520505787386773        0.000000000000001
        0.433333333333333        0.533333333333333        4.453588275546892        4.453588275546894        0.000000000000002
        0.466666666666667        0.566666666666667        2.066917511839881        2.066917511839882        0.000000000000001
        0.400000000000000        0.600000000000000        0.000000000000002        0.000000000000001        0.000000000000000
        0.433333333333333        0.633333333333333       -2.305346929513655       -2.305346929513656        0.000000000000001
        0.466666666666667        0.666666666666667       -3.992978010990560       -3.992978010990561        0.000000000000001
        0.400000000000000        0.700000000000000       -6.520505787386769       -6.520505787386769        0.000000000000000
        0.433333333333333        0.733333333333333       -7.713841169240275       -7.713841169240276        0.000000000000000
        0.466666666666667        0.766666666666667       -7.713841169240276       -7.713841169240278        0.000000000000001
        0.400000000000000        0.800000000000000       -9.221387718054627       -9.221387718054628        0.000000000000001
        0.433333333333333        0.833333333333333       -8.603671870017876       -8.603671870017877        0.000000000000001
        0.466666666666667        0.866666666666667       -6.916040788540972       -6.916040788540973        0.000000000000001
        0.400000000000000        0.900000000000000       -6.520505787386772       -6.520505787386770        0.000000000000002
        0.433333333333333        0.933333333333333       -4.453588275546893       -4.453588275546891        0.000000000000002
        0.466666666666667        0.966666666666667       -2.066917511839882       -2.066917511839880        0.000000000000001
        0.400000000000000        1.000000000000000       -0.000000000000003       -0.000000000000003        0.000000000000000
        0.433333333333333        1.033333333333333        2.305346929513654        2.305346929513652        0.000000000000002
        0.466666666666667        1.066666666666667        3.992978010990559        3.992978010990557        0.000000000000002
        0.500000000000000        0.000000000000000       -6.520505787386771       -6.520505787386776        0.000000000000005
        0.533333333333333        0.033333333333333       -4.453588275546892       -4.453588275546896        0.000000000000004
        0.566666666666667        0.066666666666667       -2.066917511839881       -2.066917511839882        0.000000000000001
        0.500000000000000        0.100000000000000       -4.610693859027315       -4.610693859027314        0.000000000000001
        0.533333333333333        0.133333333333333       -2.305346929513658       -2.305346929513657        0.000000000000001
        0.566666666666667        0.166666666666667       -0.617715848036753       -0.617715848036753        0.000000000000000
        0.500000000000000        0.200000000000000       -0.000000000000000       -0.000000000000000        0.000000000000000
        0.533333333333333        0.233333333333333        1.193335381853506        1.193335381853506        0.000000000000000
        0.566666666666667        0.266666666666667        1.193335381853506        1.193335381853507        0.000000000000000
        0.500000000000000        0.300000000000000        4.610693859027314        4.610693859027314        0.000000000000000
        0.533333333333333        0.333333333333333        3.992978010990562        3.992978010990563        0.000000000000001
        0.566666666666667        0.366666666666667        2.305346929513658        2.305346929513659        0.000000000000001
        0.500000000000000        0.400000000000000        6.520505787386771        6.520505787386773        0.000000000000001
        0.533333333333333        0.433333333333333        4.453588275546892        4.453588275546894        0.000000000000002
        0.566666666666667        0.466666666666667        2.066917511839881        2.066917511839882        0.000000000000001
        0.500000000000000        0.500000000000000        4.610693859027315        4.610693859027317        0.000000000000002
        0.533333333333333        0.533333333333333        2.305346929513658        2.305346929513660        0.000000000000002
        0.566666666666667        0.566666666666667        0.617715848036754        0.617715848036754        0.000000000000000
        0.500000000000000        0.600000000000000        0.000000000000001        0.000000000000001        0.000000000000000
        0.533333333333333        0.633333333333333       -1.193335381853505       -1.193335381853506        0.000000000000001
        0.566666666666667        0.666666666666667       -1.193335381853506       -1.193335381853507        0.000000000000001
        0.500000000000000        0.700000000000000       -4.610693859027313       -4.610693859027315        0.000000000000002
        0.533333333333333        0.733333333333333       -3.992978010990562       -3.992978010990563        0.000000000000002
        0.566666666666667        0.766666666666667       -2.305346929513658       -2.305346929513659        0.000000000000001
        0.500000000000000        0.800000000000000       -6.520505787386771       -6.520505787386774        0.000000000000002
        0.533333333333333        0.833333333333333       -4.453588275546892       -4.453588275546895        0.000000000000002
        0.566666666666667        0.866666666666667       -2.066917511839881       -2.066917511839882        0.000000000000001
        0.500000000000000        0.900000000000000       -4.610693859027316       -4.610693859027316        0.000000000000000
        0.533333333333333        0.933333333333333       -2.305346929513659       -2.305346929513658        0.000000000000000
        0.566666666666667        0.966666666666667       -0.617715848036754       -0.617715848036754        0.000000000000000
        0.500000000000000        1.000000000000000       -0.000000000000002       -0.000000000000002        0.000000000000000
        0.533333333333333        1.033333333333333        1.193335381853505        1.193335381853504        0.000000000000000
        0.566666666666667        1.066666666666667        1.193335381853506        1.193335381853506        0.000000000000000
        0.600000000000000        0.000000000000000       -0.000000000000002       -0.000000000000001        0.000000000000000
        0.633333333333333        0.033333333333333        2.305346929513655        2.305346929513657        0.000000000000002
        0.666666666666667        0.066666666666667        3.992978010990560        3.992978010990561        0.000000000000001
        0.600000000000000        0.100000000000000       -0.000000000000001       -0.000000000000001        0.000000000000000
        0.633333333333333        0.133333333333333        1.193335381853505        1.193335381853505        0.000000000000000
        0.666666666666667        0.166666666666667        1.193335381853506        1.193335381853505        0.000000000000001
        0.600000000000000        0.200000000000000       -0.000000000000000       -0.000000000000000        0.000000000000000
        0.633333333333333        0.233333333333333       -0.617715848036752       -0.617715848036752        0.000000000000000
        0.666666666666667        0.266666666666667       -2.305346929513656       -2.305346929513656        0.000000000000000
        0.600000000000000        0.300000000000000        0.000000000000001        0.000000000000001        0.000000000000000
        0.633333333333333        0.333333333333333       -2.066917511839878       -2.066917511839879        0.000000000000001
        0.666666666666667        0.366666666666667       -4.453588275546889       -4.453588275546890        0.000000000000001
        0.600000000000000        0.400000000000000        0.000000000000002        0.000000000000001        0.000000000000000
        0.633333333333333        0.433333333333333       -2.305346929513655       -2.305346929513656        0.000000000000001
        0.666666666666667        0.466666666666667       -3.992978010990560       -3.992978010990561        0.000000000000001
        0.600000000000000        0.500000000000000        0.000000000000001        0.000000000000001        0.000000000000000
        0.633333333333333        0.533333333333333       -1.193335381853505       -1.193335381853506        0.000000000000001
        0.666666666666667        0.566666666666667       -1.193335381853506       -1.193335381853507        0.000000000000001
        0.600000000000000        0.600000000000000        0.000000000000000        0.000000000000000        0.000000000000000
        0.633333333333333        0.633333333333333        0.617715848036752        0.617715848036752        0.000000000000001
        0.666666666666667        0.666666666666667        2.305346929513655        2.305346929513656        0.000000000000001
        0.600000000000000        0.700000000000000       -0.000000000000001       -0.000000000000001        0.000000000000000
        0.633333333333333        0.733333333333333        2.066917511839878        2.066917511839879        0.000000000000001
        0.666666666666667        0.766666666666667        4.453588275546889        4.453588275546890        0.000000000000001
        0.600000000000000        0.800000000000000       -0.000000000000002       -0.000000000000001        0.000000000000000
        0.633333333333333        0.833333333333333        2.305346929513655        2.305346929513657        0.000000000000001
        0.666666666666667        0.866666666666667        3.992978010990560        3.992978010990561        0.000000000000001
        0.600000000000000        0.900000000000000       -0.000000000000001       -0.000000000000001        0.000000000000000
        0.633333333333333        0.933333333333333        1.193335381853506        1.193335381853505        0.000000000000000
        0.666666666666667        0.966666666666667        1.193335381853507        1.193335381853506        0.000000000000001
        0.600000000000000        1.000000000000000       -0.000000000000000       -0.000000000000000        0.000000000000000
        0.633333333333333        1.033333333333333       -0.617715848036752       -0.617715848036751        0.000000000000000
        0.666666666666667        1.066666666666667       -2.305346929513655       -2.305346929513654        0.000000000000001
        0.700000000000000        0.000000000000000        6.520505787386769        6.520505787386773        0.000000000000004
        0.733333333333333        0.033333333333333        7.713841169240275        7.713841169240279        0.000000000000004
        0.766666666666667        0.066666666666667        7.713841169240276        7.713841169240277        0.000000000000001
        0.700000000000000        0.100000000000000        4.610693859027313        4.610693859027311        0.000000000000001
        0.733333333333333        0.133333333333333        3.992978010990561        3.992978010990558        0.000000000000003
        0.766666666666667        0.166666666666667        2.305346929513657        2.305346929513655        0.000000000000002
        0.700000000000000        0.200000000000000        0.000000000000000        0.000000000000000        0.000000000000000
        0.733333333333333        0.233333333333333       -2.066917511839878       -2.066917511839878        0.000000000000001
        0.766666666666667        0.266666666666667       -4.453588275546890       -4.453588275546889        0.000000000000001
        0.700000000000000        0.300000000000000       -4.610693859027312       -4.610693859027312        0.000000000000000
        0.733333333333333        0.333333333333333       -6.916040788540969       -6.916040788540969        0.000000000000000
        0.766666666666667        0.366666666666667       -8.603671870017874       -8.603671870017874        0.000000000000000
        0.700000000000000        0.400000000000000       -6.520505787386769       -6.520505787386769        0.000000000000000
        0.733333333333333        0.433333333333333       -7.713841169240275       -7.713841169240276        0.000000000000000
        0.766666666666667        0.466666666666667       -7.713841169240276       -7.713841169240278        0.000000000000001
        0.700000000000000        0.500000000000000       -4.610693859027313       -4.610693859027315        0.000000000000002
        0.733333333333333        0.533333333333333       -3.992978010990562       -3.992978010990563        0.000000000000002
        0.766666666666667        0.566666666666667       -2.305346929513658       -2.305346929513659        0.000000000000001
        0.700000000000000        0.600000000000000       -0.000000000000001       -0.000000000000001        0.000000000000000
        0.733333333333333        0.633333333333333        2.066917511839878        2.066917511839879        0.000000000000001
        0.766666666666667        0.666666666666667        4.453588275546889        4.453588275546890        0.000000000000001
        0.700000000000000        0.700000000000000        4.610693859027312        4.610693859027313        0.000000000000001
        0.733333333333333        0.733333333333333        6.916040788540969        6.916040788540969        0.000000000000001
        0.766666666666667        0.766666666666667        8.603671870017874        8.603671870017875        0.000000000000001
        0.700000000000000        0.800000000000000        6.520505787386769        6.520505787386770        0.000000000000001
        0.733333333333333        0.833333333333333        7.713841169240276        7.713841169240277        0.000000000000001
        0.766666666666667        0.866666666666667        7.713841169240277        7.713841169240277        0.000000000000000
        0.700000000000000        0.900000000000000        4.610693859027314        4.610693859027313        0.000000000000001
        0.733333333333333        0.933333333333333        3.992978010990562        3.992978010990561        0.000000000000002
        0.766666666666667        0.966666666666667        2.305346929513659        2.305346929513658        0.000000000000002
        0.700000000000000        1.000000000000000        0.000000000000002        0.000000000000002        0.000000000000000
        0.733333333333333        1.033333333333333       -2.066917511839877       -2.066917511839875        0.000000000000001
        0.766666666666667        1.066666666666667       -4.453588275546888       -4.453588275546886        0.000000000000002
        0.800000000000000        0.000000000000000        9.221387718054627        9.221387718054634        0.000000000000006
        0.833333333333333        0.033333333333333        8.603671870017875        8.603671870017880        0.000000000000005
        0.866666666666667        0.066666666666667        6.916040788540972        6.916040788540972        0.000000000000000
        0.800000000000000        0.100000000000000        6.520505787386770        6.520505787386769        0.000000000000002
        0.833333333333333        0.133333333333333        4.453588275546892        4.453588275546888        0.000000000000003
        0.866666666666667        0.166666666666667        2.066917511839880        2.066917511839878        0.000000000000002
        0.800000000000000        0.200000000000000        0.000000000000001        0.000000000000000        0.000000000000001
        0.833333333333333        0.233333333333333       -2.305346929513656       -2.305346929513656        0.000000000000001
        0.866666666666667        0.266666666666667       -3.992978010990561       -3.992978010990560        0.000000000000001
        0.800000000000000        0.300000000000000       -6.520505787386770       -6.520505787386769        0.000000000000000
        0.833333333333333        0.333333333333333       -7.713841169240276       -7.713841169240277        0.000000000000000
        0.866666666666667        0.366666666666667       -7.713841169240277       -7.713841169240277        0.000000000000000
        0.800000000000000        0.400000000000000       -9.221387718054627       -9.221387718054628        0.000000000000001
        0.833333333333333        0.433333333333333       -8.603671870017876       -8.603671870017877        0.000000000000001
        0.866666666666667        0.466666666666667       -6.916040788540972       -6.916040788540973        0.000000000000001
        0.800000000000000        0.500000000000000       -6.520505787386771       -6.520505787386774        0.000000000000002
        0.833333333333333        0.533333333333333       -4.453588275546892       -4.453588275546895        0.000000000000002
        0.866666666666667        0.566666666666667       -2.066917511839881       -2.066917511839882        0.000000000000001
        0.800000000000000        0.600000000000000       -0.000000000000002       -0.000000000000001        0.000000000000000
        0.833333333333333        0.633333333333333        2.305346929513655        2.305346929513657        0.000000000000001
        0.866666666666667        0.666666666666667        3.992978010990560        3.992978010990561        0.000000000000001
        0.800000000000000        0.700000000000000        6.520505787386769        6.520505787386770        0.000000000000001
        0.833333333333333        0.733333333333333        7.713841169240276        7.713841169240277        0.000000000000001
        0.866666666666667        0.766666666666667        7.713841169240277        7.713841169240277        0.000000000000000
        0.800000000000000        0.800000000000000        9.221387718054627        9.221387718054630        0.000000000000002
        0.833333333333333        0.833333333333333        8.603671870017876        8.603671870017878        0.000000000000002
        0.866666666666667        0.866666666666667        6.916040788540973        6.916040788540972        0.000000000000000
        0.800000000000000        0.900000000000000        6.520505787386772        6.520505787386771        0.000000000000001
        0.833333333333333        0.933333333333333        4.453588275546893        4.453588275546891        0.000000000000002
        0.866666666666667        0.966666666666667        2.066917511839882        2.066917511839880        0.000000000000002
        0.800000000000000        1.000000000000000        0.000000000000003        0.000000000000003        0.000000000000000
        0.833333333333333        1.033333333333333       -2.305346929513654       -2.305346929513653        0.000000000000002
        0.866666666666667        1.066666666666667       -3.992978010990559       -3.992978010990557        0.000000000000002
        0.900000000000000        0.000000000000000        6.520505787386772        6.520505787386774        0.000000000000002
        0.933333333333333        0.033333333333333        4.453588275546893        4.453588275546893        0.000000000000000
        0.966666666666667        0.066666666666667        2.066917511839882        2.066917511839880        0.000000000000001
        0.900000000000000        0.100000000000000        4.610693859027315        4.610693859027312        0.000000000000003
        0.933333333333333        0.133333333333333        2.305346929513658        2.305346929513655        0.000000000000003
        0.966666666666667        0.166666666666667        0.617715848036754        0.617715848036752        0.000000000000001
        0.900000000000000        0.200000000000000        0.000000000000000        0.000000000000000        0.000000000000000
        0.933333333333333        0.233333333333333       -1.193335381853506       -1.193335381853505        0.000000000000001
        0.966666666666667        0.266666666666667       -1.193335381853507       -1.193335381853506        0.000000000000001
        0.900000000000000        0.300000000000000       -4.610693859027315       -4.610693859027313        0.000000000000002
        0.933333333333333        0.333333333333333       -3.992978010990563       -3.992978010990560        0.000000000000002
        0.966666666666667        0.366666666666667       -2.305346929513659       -2.305346929513658        0.000000000000002
        0.900000000000000        0.400000000000000       -6.520505787386772       -6.520505787386770        0.000000000000002
        0.933333333333333        0.433333333333333       -4.453588275546893       -4.453588275546891        0.000000000000002
        0.966666666666667        0.466666666666667       -2.066917511839882       -2.066917511839880        0.000000000000001
        0.900000000000000        0.500000000000000       -4.610693859027316       -4.610693859027316        0.000000000000000
        0.933333333333333        0.533333333333333       -2.305346929513659       -2.305346929513658        0.000000000000000
        0.966666666666667        0.566666666666667       -0.617715848036754       -0.617715848036754        0.000000000000000
        0.900000000000000        0.600000000000000       -0.000000000000001       -0.000000000000001        0.000000000000000
        0.933333333333333        0.633333333333333        1.193335381853506        1.193335381853505        0.000000000000000
        0.966666666666667        0.666666666666667        1.193335381853507        1.193335381853506        0.000000000000001
        0.900000000000000        0.700000000000000        4.610693859027314        4.610693859027313        0.000000000000001
        0.933333333333333        0.733333333333333        3.992978010990562        3.992978010990561        0.000000000000002
        0.966666666666667        0.766666666666667        2.305346929513659        2.305346929513658        0.000000000000002
        0.900000000000000        0.800000000000000        6.520505787386772        6.520505787386771        0.000000000000001
        0.933333333333333        0.833333333333333        4.453588275546893        4.453588275546891        0.000000000000002
        0.966666666666667        0.866666666666667        2.066917511839882        2.066917511839880        0.000000000000002
        0.900000000000000        0.900000000000000        4.610693859027316        4.610693859027314        0.000000000000002
        0.933333333333333        0.933333333333333        2.305346929513659        2.305346929513657        0.000000000000002
        0.966666666666667        0.966666666666667        0.617715848036754        0.617715848036753        0.000000000000001
        0.900000000000000        1.000000000000000        0.000000000000002        0.000000000000002        0.000000000000000
        0.933333333333333        1.033333333333333       -1.193335381853505       -1.193335381853503        0.000000000000002
        0.966666666666667        1.066666666666667       -1.193335381853506       -1.193335381853505        0.000000000000002
        1.000000000000000        0.000000000000000        0.000000000000003        0.000000000000003        0.000000000000000
        1.033333333333333        0.033333333333333       -2.305346929513654       -2.305346929513653        0.000000000000001
        1.066666666666667        0.066666666666667       -3.992978010990559       -3.992978010990557        0.000000000000002
        1.000000000000000        0.100000000000000        0.000000000000002        0.000000000000002        0.000000000000000
        1.033333333333333        0.133333333333333       -1.193335381853504       -1.193335381853503        0.000000000000002
        1.066666666666667        0.166666666666667       -1.193335381853505       -1.193335381853503        0.000000000000002
        1.000000000000000        0.200000000000000        0.000000000000000        0.000000000000000        0.000000000000000
        1.033333333333333        0.233333333333333        0.617715848036752        0.617715848036751        0.000000000000001
        1.066666666666667        0.266666666666667        2.305346929513655        2.305346929513653        0.000000000000002
        1.000000000000000        0.300000000000000       -0.000000000000002       -0.000000000000002        0.000000000000000
        1.033333333333333        0.333333333333333        2.066917511839877        2.066917511839875        0.000000000000002
        1.066666666666667        0.366666666666667        4.453588275546888        4.453588275546886        0.000000000000002
        1.000000000000000        0.400000000000000       -0.000000000000003       -0.000000000000003        0.000000000000000
        1.033333333333333        0.433333333333333        2.305346929513654        2.305346929513652        0.000000000000002
        1.066666666666667        0.466666666666667        3.992978010990559        3.992978010990557        0.000000000000002
        1.000000000000000        0.500000000000000       -0.000000000000002       -0.000000000000002        0.000000000000000
        1.033333333333333        0.533333333333333        1.193335381853505        1.193335381853504        0.000000000000000
        1.066666666666667        0.566666666666667        1.193335381853506        1.193335381853506        0.000000000000000
        1.000000000000000        0.600000000000000       -0.000000000000000       -0.000000000000000        0.000000000000000
        1.033333333333333        0.633333333333333       -0.617715848036752       -0.617715848036751        0.000000000000000
        1.066666666666667        0.666666666666667       -2.305346929513655       -2.305346929513654        0.000000000000001
        1.000000000000000        0.700000000000000        0.000000000000002        0.000000000000002        0.000000000000000
        1.033333333333333        0.733333333333333       -2.066917511839877       -2.066917511839875        0.000000000000001
        1.066666666666667        0.766666666666667       -4.453588275546888       -4.453588275546886        0.000000000000002
        1.000000000000000        0.800000000000000        0.000000000000003        0.000000000000003        0.000000000000000
        1.033333333333333        0.833333333333333       -2.305346929513654       -2.305346929513653        0.000000000000002
        1.066666666666667        0.866666666666667       -3.992978010990559       -3.992978010990557        0.000000000000002
        1.000000000000000        0.900000000000000        0.000000000000002        0.000000000000002        0.000000000000000
        1.033333333333333        0.933333333333333       -1.193335381853505       -1.193335381853503        0.000000000000002
        1.066666666666667        0.966666666666667       -1.193335381853506       -1.193335381853505        0.000000000000002
        1.000000000000000        1.000000000000000        0.000000000000000        0.000000000000000        0.000000000000000
        1.033333333333333        1.033333333333333        0.617715848036751        0.617715848036750        0.000000000000001
        1.066666666666667        1.066666666666667        2.305346929513654        2.305346929513652        0.000000000000002
