        0.000000000000000        0.000000000000000        0.007191883355826        0.003754584519678        0.003437298836149
        0.033333333333333        0.033333333333333        0.006710118521513        0.003503075047187        0.003207043474326
        0.066666666666667        0.066666666666667        0.005393912516870        0.002815938389758        0.002577974127111
        0.000000000000000        0.100000000000000        0.005085429490407        0.002654892174402        0.002430537316005
        0.033333333333333        0.133333333333333        0.003473412936526        0.001813325077271        0.001660087859255
        0.066666666666667        0.166666666666667        0.001612016553882        0.000841567097131        0.000770449456751
        0.000000000000000        0.200000000000000        0.000000000000000        0.000000000000000        0.000000000000000
        0.033333333333333        0.233333333333333       -0.001797970838957       -0.000938646129919        0.000859324709037
        0.066666666666667        0.266666666666667       -0.003114176843600       -0.001625782787348        0.001488394056252
        0.000000000000000        0.300000000000000       -0.005085429490407       -0.002654892174402        0.002430537316005
        0.033333333333333        0.333333333333333       -0.006016127681729       -0.003140771164472        0.002875356517257
        0.066666666666667        0.366666666666667       -0.006016127681729       -0.003140771164472        0.002875356517257
        0.000000000000000        0.400000000000000       -0.007191883355826       -0.003754584519678        0.003437298836149
        0.033333333333333        0.433333333333333       -0.006710118521513       -0.003503075047187        0.003207043474326
        0.066666666666667        0.466666666666667       -0.005393912516870       -0.002815938389758        0.002577974127111
        0.000000000000000        0.500000000000000       -0.005085429490407       -0.002654892174402        0.002430537316005
        0.033333333333333        0.533333333333333       -0.003473412936526       -0.001813325077271        0.001660087859255
        0.066666666666667        0.566666666666667       -0.001612016553882       -0.000841567097131        0.000770449456751
        0.000000000000000        0.600000000000000       -0.000000000000000       -0.000000000000000        0.000000000000000
        0.033333333333333        0.633333333333333        0.001797970838957        0.000938646129919        0.000859324709037
        0.066666666666667        0.666666666666667        0.003114176843600        0.001625782787348        0.001488394056252
        0.000000000000000        0.700000000000000        0.005085429490407        0.002654892174402        0.002430537316005
        0.033333333333333        0.733333333333333        0.006016127681729        0.003140771164472        0.002875356517257
        0.066666666666667        0.766666666666667        0.006016127681729        0.003140771164472        0.002875356517257
        0.000000000000000        0.800000000000000        0.007191883355826        0.003754584519678        0.003437298836149
        0.033333333333333        0.833333333333333        0.006710118521513        0.003503075047187        0.003207043474326
        0.066666666666667        0.866666666666667        0.005393912516870        0.002815938389758        0.002577974127111
        0.000000000000000        0.900000000000000        0.005085429490407        0.002654892174402        0.002430537316005
        0.033333333333333        0.933333333333333        0.003473412936526        0.001813325077271        0.001660087859255
        0.066666666666667        0.966666666666667        0.001612016553882        0.000841567097131        0.000770449456751
        0.000000000000000        1.000000000000000        0.000000000000000        0.000000000000000        0.000000000000000
        0.033333333333333        1.033333333333333       -0.001797970838957       -0.000938646129919        0.000859324709037
        0.066666666666667        1.066666666666667       -0.003114176843600       -0.001625782787348        0.001488394056252
        0.100000000000000        0.000000000000000        0.005085429490407        0.002654892174402        0.002430537316005
        0.133333333333333        0.033333333333333        0.003473412936526        0.001813325077271        0.001660087859255
        0.166666666666667        0.066666666666667        0.001612016553882        0.000841567097131        0.000770449456751
        0.100000000000000        0.100000000000000        0.003595941677913        0.001877292259839        0.001718649418074
        0.133333333333333        0.133333333333333        0.001797970838957        0.000938646129919        0.000859324709037
        0.166666666666667        0.166666666666667        0.000481764834313        0.000251509472491        0.000230255361823
        0.100000000000000        0.200000000000000        0.000000000000000        0.000000000000000        0.000000000000000
        0.133333333333333        0.233333333333333       -0.000930698191322       -0.000485878990070        0.000444819201252
        0.166666666666667        0.266666666666667       -0.000930698191322       -0.000485878990070        0.000444819201252
        0.100000000000000        0.300000000000000       -0.003595941677913       -0.001877292259839        0.001718649418074
        0.133333333333333        0.333333333333333       -0.003114176843600       -0.001625782787348        0.001488394056252
        0.166666666666667        0.366666666666667       -0.001797970838957       -0.000938646129919        0.000859324709037
        0.100000000000000        0.400000000000000       -0.005085429490407       -0.002654892174402        0.002430537316005
        0.133333333333333        0.433333333333333       -0.003473412936526       -0.001813325077271        0.001660087859255
        0.166666666666667        0.466666666666667       -0.001612016553882       -0.000841567097131        0.000770449456751
        0.100000000000000        0.500000000000000       -0.003595941677913       -0.001877292259839        0.001718649418074
        0.133333333333333        0.533333333333333       -0.001797970838957       -0.000938646129919        0.000859324709037
        0.166666666666667        0.566666666666667       -0.000481764834313       -0.000251509472491        0.000230255361823
        0.100000000000000        0.600000000000000       -0.000000000000000       -0.000000000000000        0.000000000000000
        0.133333333333333        0.633333333333333        0.000930698191322        0.000485878990070        0.000444819201252
        0.166666666666667        0.666666666666667        0.000930698191322        0.000485878990070        0.000444819201252
        0.100000000000000        0.700000000000000        0.003595941677913        0.001877292259839        0.001718649418074
        0.133333333333333        0.733333333333333        0.003114176843600        0.001625782787348        0.001488394056252
        0.166666666666667        0.766666666666667        0.001797970838957        0.000938646129919        0.000859324709037
        0.100000000000000        0.800000000000000        0.005085429490407        0.002654892174402        0.002430537316005
        0.133333333333333        0.833333333333333        0.003473412936526        0.001813325077271        0.001660087859255
        0.166666666666667        0.866666666666667        0.001612016553882        0.000841567097131        0.000770449456751
        0.100000000000000        0.900000000000000        0.003595941677913        0.001877292259839        0.001718649418074
        0.133333333333333        0.933333333333333        0.001797970838957        0.000938646129919        0.000859324709037
        0.166666666666667        0.966666666666667        0.000481764834313        0.000251509472491        0.000230255361823
        0.100000000000000        1.000000000000000        0.000000000000000        0.000000000000000        0.000000000000000
        0.133333333333333        1.033333333333333       -0.000930698191322       -0.000485878990070        0.000444819201252
        0.166666666666667        1.066666666666667       -0.000930698191322       -0.000485878990070        0.000444819201252
        0.200000000000000        0.000000000000000        0.000000000000000        0.000000000000000        0.000000000000000
        0.233333333333333        0.033333333333333       -0.001797970838957       -0.000938646129919        0.000859324709037
        0.266666666666667        0.066666666666667       -0.003114176843600       -0.001625782787348        0.001488394056252
        0.200000000000000        0.100000000000000        0.000000000000000        0.000000000000000        0.000000000000000
        0.233333333333333        0.133333333333333       -0.000930698191322       -0.000485878990070        0.000444819201252
        0.266666666666667        0.166666666666667       -0.000930698191322       -0.000485878990070        0.000444819201252
        0.200000000000000        0.200000000000000        0.000000000000000        0.000000000000000        0.000000000000000
        0.233333333333333        0.233333333333333        0.000481764834313        0.000251509472491        0.000230255361823
        0.266666666666667        0.266666666666667        0.001797970838957        0.000938646129919        0.000859324709037
        0.200000000000000        0.300000000000000       -0.000000000000000       -0.000000000000000        0.000000000000000
        0.233333333333333        0.333333333333333        0.001612016553882        0.000841567097131        0.000770449456751
        0.266666666666667        0.366666666666667        0.003473412936526        0.001813325077271        0.001660087859255
        0.200000000000000        0.400000000000000       -0.000000000000000       -0.000000000000000        0.000000000000000
        0.233333333333333        0.433333333333333        0.001797970838957        0.000938646129919        0.000859324709037
        0.266666666666667        0.466666666666667        0.003114176843600        0.001625782787348        0.001488394056252
        0.200000000000000        0.500000000000000       -0.000000000000000       -0.000000000000000        0.000000000000000
        0.233333333333333        0.533333333333333        0.000930698191322        0.000485878990070        0.000444819201252
        0.266666666666667        0.566666666666667        0.000930698191322        0.000485878990070        0.000444819201252
        0.200000000000000        0.600000000000000       -0.000000000000000        0.000000000000000        0.000000000000000
        0.233333333333333        0.633333333333333       -0.000481764834313       -0.000251509472491        0.000230255361823
        0.266666666666667        0.666666666666667       -0.001797970838957       -0.000938646129919        0.000859324709037
        0.200000000000000        0.700000000000000        0.000000000000000        0.000000000000000        0.000000000000000
        0.233333333333333        0.733333333333333       -0.001612016553882       -0.000841567097131        0.000770449456751
        0.266666666666667        0.766666666666667       -0.003473412936526       -0.001813325077271        0.001660087859255
        0.200000000000000        0.800000000000000        0.000000000000000        0.000000000000000        0.000000000000000
        0.233333333333333        0.833333333333333       -0.001797970838957       -0.000938646129919        0.000859324709037
        0.266666666666667        0.866666666666667       -0.003114176843600       -0.001625782787348        0.001488394056252
        0.200000000000000        0.900000000000000        0.000000000000000        0.000000000000000        0.000000000000000
        0.233333333333333        0.933333333333333       -0.000930698191322       -0.000485878990070        0.000444819201252
        0.266666666666667        0.966666666666667       -0.000930698191322       -0.000485878990070        0.000444819201252
        0.200000000000000        1.000000000000000        0.000000000000000        0.000000000000000        0.000000000000000
        0.233333333333333        1.033333333333333        0.000481764834313        0.000251509472491        0.000230255361823
        0.266666666666667        1.066666666666667        0.001797970838957        0.000938646129919        0.000859324709037
        0.300000000000000        0.000000000000000       -0.005085429490407       -0.002654892174402        0.002430537316005
        0.333333333333333        0.033333333333333       -0.006016127681729       -0.003140771164472        0.002875356517257
        0.366666666666667        0.066666666666667       -0.006016127681729       -0.003140771164472        0.002875356517257
        0.300000000000000        0.100000000000000       -0.003595941677913       -0.001877292259839        0.001718649418074
        0.333333333333333        0.133333333333333       -0.003114176843600       -0.001625782787348        0.001488394056252
        0.366666666666667        0.166666666666667       -0.001797970838957       -0.000938646129919        0.000859324709037
        0.300000000000000        0.200000000000000       -0.000000000000000       -0.000000000000000        0.000000000000000
        0.333333333333333        0.233333333333333        0.001612016553882        0.000841567097131        0.000770449456751
        0.366666666666667        0.266666666666667        0.003473412936526        0.001813325077271        0.001660087859255
        0.300000000000000        0.300000000000000        0.003595941677913        0.001877292259839        0.001718649418074
        0.333333333333333        0.333333333333333        0.005393912516870        0.002815938389758        0.002577974127111
        0.366666666666667        0.366666666666667        0.006710118521513        0.003503075047187        0.003207043474326
        0.300000000000000        0.400000000000000        0.005085429490407        0.002654892174402        0.002430537316005
        0.333333333333333        0.433333333333333        0.006016127681729        0.003140771164472        0.002875356517257
        0.366666666666667        0.466666666666667        0.006016127681729        0.003140771164472        0.002875356517257
        0.300000000000000        0.500000000000000        0.003595941677913        0.001877292259839        0.001718649418074
        0.333333333333333        0.533333333333333        0.003114176843600        0.001625782787348        0.001488394056252
        0.366666666666667        0.566666666666667        0.001797970838957        0.000938646129919        0.000859324709037
        0.300000000000000        0.600000000000000        0.000000000000000        0.000000000000000        0.000000000000000
        0.333333333333333        0.633333333333333       -0.001612016553882       -0.000841567097131        0.000770449456751
        0.366666666666667        0.666666666666667       -0.003473412936526       -0.001813325077271        0.001660087859255
        0.300000000000000        0.700000000000000       -0.003595941677913       -0.001877292259839        0.001718649418074
        0.333333333333333        0.733333333333333       -0.005393912516870       -0.002815938389758        0.002577974127111
        0.366666666666667        0.766666666666667       -0.006710118521513       -0.003503075047187        0.003207043474326
        0.300000000000000        0.800000000000000       -0.005085429490407       -0.002654892174402        0.002430537316005
        0.333333333333333        0.833333333333333       -0.006016127681729       -0.003140771164472        0.002875356517257
        0.366666666666667        0.866666666666667       -0.006016127681729       -0.003140771164472        0.002875356517257
        0.300000000000000        0.900000000000000       -0.003595941677913       -0.001877292259839        0.001718649418074
        0.333333333333333        0.933333333333333       -0.003114176843600       -0.001625782787348        0.001488394056252
        0.366666666666667        0.966666666666667       -0.001797970838957       -0.000938646129919        0.000859324709037
        0.300000000000000        1.000000000000000       -0.000000000000000       -0.000000000000000        0.000000000000000
        0.333333333333333        1.033333333333333        0.001612016553882        0.000841567097131        0.000770449456751
        0.366666666666667        1.066666666666667        0.003473412936526        0.001813325077271        0.001660087859255
        0.400000000000000        0.000000000000000       -0.007191883355826       -0.003754584519678        0.003437298836149
        0.433333333333333        0.033333333333333       -0.006710118521513       -0.003503075047187        0.003207043474326
        0.466666666666667        0.066666666666667       -0.005393912516870       -0.002815938389758        0.002577974127111
        0.400000000000000        0.100000000000000       -0.005085429490407       -0.002654892174402        0.002430537316005
        0.433333333333333        0.133333333333333       -0.003473412936526       -0.001813325077271        0.001660087859255
        0.466666666666667        0.166666666666667       -0.001612016553882       -0.000841567097131        0.000770449456751
        0.400000000000000        0.200000000000000       -0.000000000000000       -0.000000000000000        0.000000000000000
        0.433333333333333        0.233333333333333        0.001797970838957        0.000938646129919        0.000859324709037
        0.466666666666667        0.266666666666667        0.003114176843600        0.001625782787348        0.001488394056252
        0.400000000000000        0.300000000000000        0.005085429490407        0.002654892174402        0.002430537316005
        0.433333333333333        0.333333333333333        0.006016127681729        0.003140771164472        0.002875356517257
        0.466666666666667        0.366666666666667        0.006016127681729        0.003140771164472        0.002875356517257
        0.400000000000000        0.400000000000000        0.007191883355826        0.003754584519678        0.003437298836149
        0.433333333333333        0.433333333333333        0.006710118521513        0.003503075047187        0.003207043474326
        0.466666666666667        0.466666666666667        0.005393912516870        0.002815938389758        0.002577974127111
        0.400000000000000        0.500000000000000        0.005085429490407        0.002654892174402        0.002430537316005
        0.433333333333333        0.533333333333333        0.003473412936526        0.001813325077271        0.001660087859255
        0.466666666666667        0.566666666666667        0.001612016553882        0.000841567097131        0.000770449456751
        0.400000000000000        0.600000000000000        0.000000000000000        0.000000000000000        0.000000000000000
        0.433333333333333        0.633333333333333       -0.001797970838957       -0.000938646129919        0.000859324709037
        0.466666666666667        0.666666666666667       -0.003114176843600       -0.001625782787348        0.001488394056252
        0.400000000000000        0.700000000000000       -0.005085429490407       -0.002654892174402        0.002430537316005
        0.433333333333333        0.733333333333333       -0.006016127681729       -0.003140771164472        0.002875356517257
        0.466666666666667        0.766666666666667       -0.006016127681729       -0.003140771164472        0.002875356517257
        0.400000000000000        0.800000000000000       -0.007191883355826       -0.003754584519678        0.003437298836149
        0.433333333333333        0.833333333333333       -0.006710118521513       -0.003503075047187        0.003207043474326
        0.466666666666667        0.866666666666667       -0.005393912516870       -0.002815938389758        0.002577974127111
        0.400000000000000        0.900000000000000       -0.005085429490407       -0.002654892174402        0.002430537316005
        0.433333333333333        0.933333333333333       -0.003473412936526       -0.001813325077271        0.001660087859255
        0.466666666666667        0.966666666666667       -0.001612016553882       -0.000841567097131        0.000770449456751
        0.400000000000000        1.000000000000000       -0.000000000000000       -0.000000000000000        0.000000000000000
        0.433333333333333        1.033333333333333        0.001797970838957        0.000938646129919        0.000859324709037
        0.466666666666667        1.066666666666667        0.003114176843600        0.001625782787348        0.001488394056252
        0.500000000000000        0.000000000000000       -0.005085429490407       -0.002654892174402        0.002430537316005
        0.533333333333333        0.033333333333333       -0.003473412936526       -0.001813325077271        0.001660087859255
        0.566666666666667        0.066666666666667       -0.001612016553882       -0.000841567097131        0.000770449456751
        0.500000000000000        0.100000000000000       -0.003595941677913       -0.001877292259839        0.001718649418074
        0.533333333333333        0.133333333333333       -0.001797970838957       -0.000938646129919        0.000859324709037
        0.566666666666667        0.166666666666667       -0.000481764834313       -0.000251509472491        0.000230255361823
        0.500000000000000        0.200000000000000       -0.000000000000000       -0.000000000000000        0.000000000000000
        0.533333333333333        0.233333333333333        0.000930698191322        0.000485878990070        0.000444819201252
        0.566666666666667        0.266666666666667        0.000930698191322        0.000485878990070        0.000444819201252
        0.500000000000000        0.300000000000000        0.003595941677913        0.001877292259839        0.001718649418074
        0.533333333333333        0.333333333333333        0.003114176843600        0.001625782787348        0.001488394056252
        0.566666666666667        0.366666666666667        0.001797970838957        0.000938646129919        0.000859324709037
        0.500000000000000        0.400000000000000        0.005085429490407        0.002654892174402        0.002430537316005
        0.533333333333333        0.433333333333333        0.003473412936526        0.001813325077271        0.001660087859255
        0.566666666666667        0.466666666666667        0.001612016553882        0.000841567097131        0.000770449456751
        0.500000000000000        0.500000000000000        0.003595941677913        0.001877292259839        0.001718649418074
        0.533333333333333        0.533333333333333        0.001797970838957        0.000938646129919        0.000859324709037
        0.566666666666667        0.566666666666667        0.000481764834313        0.000251509472491        0.000230255361823
        0.500000000000000        0.600000000000000        0.000000000000000        0.000000000000000        0.000000000000000
        0.533333333333333        0.633333333333333       -0.000930698191322       -0.000485878990070        0.000444819201252
        0.566666666666667        0.666666666666667       -0.000930698191322       -0.000485878990070        0.000444819201252
        0.500000000000000        0.700000000000000       -0.003595941677913       -0.001877292259839        0.001718649418074
        0.533333333333333        0.733333333333333       -0.003114176843600       -0.001625782787348        0.001488394056252
        0.566666666666667        0.766666666666667       -0.001797970838957       -0.000938646129919        0.000859324709037
        0.500000000000000        0.800000000000000       -0.005085429490407       -0.002654892174402        0.002430537316005
        0.533333333333333        0.833333333333333       -0.003473412936526       -0.001813325077271        0.001660087859255
        0.566666666666667        0.866666666666667       -0.001612016553882       -0.000841567097131        0.000770449456751
        0.500000000000000        0.900000000000000       -0.003595941677913       -0.001877292259839        0.001718649418074
        0.533333333333333        0.933333333333333       -0.001797970838957       -0.000938646129919        0.000859324709037
        0.566666666666667        0.966666666666667       -0.000481764834313       -0.000251509472491        0.000230255361823
        0.500000000000000        1.000000000000000       -0.000000000000000       -0.000000000000000        0.000000000000000
        0.533333333333333        1.033333333333333        0.000930698191322        0.000485878990070        0.000444819201252
        0.566666666666667        1.066666666666667        0.000930698191322        0.000485878990070        0.000444819201252
        0.600000000000000        0.000000000000000       -0.000000000000000       -0.000000000000000        0.000000000000000
        0.633333333333333        0.033333333333333        0.001797970838957        0.000938646129919        0.000859324709037
        0.666666666666667        0.066666666666667        0.003114176843600        0.001625782787348        0.001488394056252
        0.600000000000000        0.100000000000000       -0.000000000000000       -0.000000000000000        0.000000000000000
        0.633333333333333        0.133333333333333        0.000930698191322        0.000485878990070        0.000444819201252
        0.666666666666667        0.166666666666667        0.000930698191322        0.000485878990070        0.000444819201252
        0.600000000000000        0.200000000000000       -0.000000000000000       -0.000000000000000        0.000000000000000
        0.633333333333333        0.233333333333333       -0.000481764834313       -0.000251509472491        0.000230255361823
        0.666666666666667        0.266666666666667       -0.001797970838957       -0.000938646129919        0.000859324709037
        0.600000000000000        0.300000000000000        0.000000000000000        0.000000000000000        0.000000000000000
        0.633333333333333        0.333333333333333       -0.001612016553882       -0.000841567097131        0.000770449456751
        0.666666666666667        0.366666666666667       -0.003473412936526       -0.001813325077271        0.001660087859255
        0.600000000000000        0.400000000000000        0.000000000000000        0.000000000000000        0.000000000000000
        0.633333333333333        0.433333333333333       -0.001797970838957       -0.000938646129919        0.000859324709037
        0.666666666666667        0.466666666666667       -0.003114176843600       -0.001625782787348        0.001488394056252
        0.600000000000000        0.500000000000000        0.000000000000000        0.000000000000000        0.000000000000000
        0.633333333333333        0.533333333333333       -0.000930698191322       -0.000485878990070        0.000444819201252
        0.666666666666667        0.566666666666667       -0.000930698191322       -0.000485878990070        0.000444819201252
        0.600000000000000        0.600000000000000        0.000000000000000       -0.000000000000000        0.000000000000000
        0.633333333333333        0.633333333333333        0.000481764834313        0.000251509472491        0.000230255361823
        0.666666666666667        0.666666666666667        0.001797970838957        0.000938646129919        0.000859324709037
        0.600000000000000        0.700000000000000       -0.000000000000000       -0.000000000000000        0.000000000000000
        0.633333333333333        0.733333333333333        0.001612016553882        0.000841567097131        0.000770449456751
        0.666666666666667        0.766666666666667        0.003473412936526        0.001813325077271        0.001660087859255
        0.600000000000000        0.800000000000000       -0.000000000000000       -0.000000000000000        0.000000000000000
        0.633333333333333        0.833333333333333        0.001797970838957        0.000938646129919        0.000859324709037
        0.666666666666667        0.866666666666667        0.003114176843600        0.001625782787348        0.001488394056252
        0.600000000000000        0.900000000000000       -0.000000000000000       -0.000000000000000        0.000000000000000
        0.633333333333333        0.933333333333333        0.000930698191322        0.000485878990070        0.000444819201252
        0.666666666666667        0.966666666666667        0.000930698191322        0.000485878990070        0.000444819201252
        0.600000000000000        1.000000000000000       -0.000000000000000       -0.000000000000000        0.000000000000000
        0.633333333333333        1.033333333333333       -0.000481764834313       -0.000251509472491        0.000230255361823
        0.666666666666667        1.066666666666667       -0.001797970838957       -0.000938646129919        0.000859324709037
        0.700000000000000        0.000000000000000        0.005085429490407        0.002654892174402        0.002430537316005
        0.733333333333333        0.033333333333333        0.006016127681729        0.003140771164472        0.002875356517257
        0.766666666666667        0.066666666666667        0.006016127681729        0.003140771164472        0.002875356517257
        0.700000000000000        0.100000000000000        0.003595941677913        0.001877292259839        0.001718649418074
        0.733333333333333        0.133333333333333        0.003114176843600        0.001625782787348        0.001488394056252
        0.766666666666667        0.166666666666667        0.001797970838957        0.000938646129919        0.000859324709037
        0.700000000000000        0.200000000000000        0.000000000000000        0.000000000000000        0.000000000000000
        0.733333333333333        0.233333333333333       -0.001612016553882       -0.000841567097131        0.000770449456751
        0.766666666666667        0.266666666666667       -0.003473412936526       -0.001813325077271        0.001660087859255
        0.700000000000000        0.300000000000000       -0.003595941677913       -0.001877292259839        0.001718649418074
        0.733333333333333        0.333333333333333       -0.005393912516870       -0.002815938389758        0.002577974127111
        0.766666666666667        0.366666666666667       -0.006710118521513       -0.003503075047187        0.003207043474326
        0.700000000000000        0.400000000000000       -0.005085429490407       -0.002654892174402        0.002430537316005
        0.733333333333333        0.433333333333333       -0.006016127681729       -0.003140771164472        0.002875356517257
        0.766666666666667        0.466666666666667       -0.006016127681729       -0.003140771164472        0.002875356517257
        0.700000000000000        0.500000000000000       -0.003595941677913       -0.001877292259839        0.001718649418074
        0.733333333333333        0.533333333333333       -0.003114176843600       -0.001625782787348        0.001488394056252
        0.766666666666667        0.566666666666667       -0.001797970838957       -0.000938646129919        0.000859324709037
        0.700000000000000        0.600000000000000       -0.000000000000000       -0.000000000000000        0.000000000000000
        0.733333333333333        0.633333333333333        0.001612016553882        0.000841567097131        0.000770449456751
        0.766666666666667        0.666666666666667        0.003473412936526        0.001813325077271        0.001660087859255
        0.700000000000000        0.700000000000000        0.003595941677913        0.001877292259839        0.001718649418074
        0.733333333333333        0.733333333333333        0.005393912516870        0.002815938389758        0.002577974127111
        0.766666666666667        0.766666666666667        0.006710118521513        0.003503075047187        0.003207043474326
        0.700000000000000        0.800000000000000        0.005085429490407        0.002654892174402        0.002430537316005
        0.733333333333333        0.833333333333333        0.006016127681729        0.003140771164472        0.002875356517257
        0.766666666666667        0.866666666666667        0.006016127681729        0.003140771164472        0.002875356517257
        0.700000000000000        0.900000000000000        0.003595941677913        0.001877292259839        0.001718649418074
        0.733333333333333        0.933333333333333        0.003114176843600        0.001625782787348        0.001488394056252
        0.766666666666667        0.966666666666667        0.001797970838957        0.000938646129919        0.000859324709037
        0.700000000000000        1.000000000000000        0.000000000000000        0.000000000000000        0.000000000000000
        0.733333333333333        1.033333333333333       -0.001612016553882       -0.000841567097131        0.000770449456751
        0.766666666666667        1.066666666666667       -0.003473412936526       -0.001813325077271        0.001660087859255
        0.800000000000000        0.000000000000000        0.007191883355826        0.003754584519678        0.003437298836149
        0.833333333333333        0.033333333333333        0.006710118521513        0.003503075047187        0.003207043474326
        0.866666666666667        0.066666666666667        0.005393912516870        0.002815938389758        0.002577974127111
        0.800000000000000        0.100000000000000        0.005085429490407        0.002654892174402        0.002430537316005
        0.833333333333333        0.133333333333333        0.003473412936526        0.001813325077271        0.001660087859255
        0.866666666666667        0.166666666666667        0.001612016553882        0.000841567097131        0.000770449456751
        0.800000000000000        0.200000000000000        0.000000000000000        0.000000000000000        0.000000000000000
        0.833333333333333        0.233333333333333       -0.001797970838957       -0.000938646129919        0.000859324709037
        0.866666666666667        0.266666666666667       -0.003114176843600       -0.001625782787348        0.001488394056252
        0.800000000000000        0.300000000000000       -0.005085429490407       -0.002654892174402        0.002430537316005
        0.833333333333333        0.333333333333333       -0.006016127681729       -0.003140771164472        0.002875356517257
        0.866666666666667        0.366666666666667       -0.006016127681729       -0.003140771164472        0.002875356517257
        0.800000000000000        0.400000000000000       -0.007191883355826       -0.003754584519678        0.003437298836149
        0.833333333333333        0.433333333333333       -0.006710118521513       -0.003503075047187        0.003207043474326
        0.866666666666667        0.466666666666667       -0.005393912516870       -0.002815938389758        0.002577974127111
        0.800000000000000        0.500000000000000       -0.005085429490407       -0.002654892174402        0.002430537316005
        0.833333333333333        0.533333333333333       -0.003473412936526       -0.001813325077271        0.001660087859255
        0.866666666666667        0.566666666666667       -0.001612016553882       -0.000841567097131        0.000770449456751
        0.800000000000000        0.600000000000000       -0.000000000000000       -0.000000000000000        0.000000000000000
        0.833333333333333        0.633333333333333        0.001797970838957        0.000938646129919        0.000859324709037
        0.866666666666667        0.666666666666667        0.003114176843600        0.001625782787348        0.001488394056252
        0.800000000000000        0.700000000000000        0.005085429490407        0.002654892174402        0.002430537316005
        0.833333333333333        0.733333333333333        0.006016127681729        0.003140771164472        0.002875356517257
        0.866666666666667        0.766666666666667        0.006016127681729        0.003140771164472        0.002875356517257
        0.800000000000000        0.800000000000000        0.007191883355826        0.003754584519678        0.003437298836149
        0.833333333333333        0.833333333333333        0.006710118521513        0.003503075047187        0.003207043474326
        0.866666666666667        0.866666666666667        0.005393912516870        0.002815938389758        0.002577974127111
        0.800000000000000        0.900000000000000        0.005085429490407        0.002654892174402        0.002430537316005
        0.833333333333333        0.933333333333333        0.003473412936526        0.001813325077271        0.001660087859255
        0.866666666666667        0.966666666666667        0.001612016553882        0.000841567097131        0.000770449456751
        0.800000000000000        1.000000000000000        0.000000000000000        0.000000000000000        0.000000000000000
        0.833333333333333        1.033333333333333       -0.001797970838957       -0.000938646129919        0.000859324709037
        0.866666666666667        1.066666666666667       -0.003114176843600       -0.001625782787348        0.001488394056252
        0.900000000000000        0.000000000000000        0.005085429490407        0.002654892174402        0.002430537316005
        0.933333333333333        0.033333333333333        0.003473412936526        0.001813325077271        0.001660087859255
        0.966666666666667        0.066666666666667        0.001612016553882        0.000841567097131        0.000770449456751
        0.900000000000000        0.100000000000000        0.003595941677913        0.001877292259839        0.001718649418074
        0.933333333333333        0.133333333333333        0.001797970838957        0.000938646129919        0.000859324709037
        0.966666666666667        0.166666666666667        0.000481764834313        0.000251509472491        0.000230255361823
        0.900000000000000        0.200000000000000        0.000000000000000        0.000000000000000        0.000000000000000
        0.933333333333333        0.233333333333333       -0.000930698191322       -0.000485878990070        0.000444819201252
        0.966666666666667        0.266666666666667       -0.000930698191322       -0.000485878990070        0.000444819201252
        0.900000000000000        0.300000000000000       -0.003595941677913       -0.001877292259839        0.001718649418074
        0.933333333333333        0.333333333333333       -0.003114176843600       -0.001625782787348        0.001488394056252
        0.966666666666667        0.366666666666667       -0.001797970838957       -0.000938646129919        0.000859324709037
        0.900000000000000        0.400000000000000       -0.005085429490407       -0.002654892174402        0.002430537316005
        0.933333333333333        0.433333333333333       -0.003473412936526       -0.001813325077271        0.001660087859255
        0.966666666666667        0.466666666666667       -0.001612016553882       -0.000841567097131        0.000770449456751
        0.900000000000000        0.500000000000000       -0.003595941677913       -0.001877292259839        0.001718649418074
        0.933333333333333        0.533333333333333       -0.001797970838957       -0.000938646129919        0.000859324709037
        0.966666666666667        0.566666666666667       -0.000481764834313       -0.000251509472491        0.000230255361823
        0.900000000000000        0.600000000000000       -0.000000000000000       -0.000000000000000        0.000000000000000
        0.933333333333333        0.633333333333333        0.000930698191322        0.000485878990070        0.000444819201252
        0.966666666666667        0.666666666666667        0.000930698191322        0.000485878990070        0.000444819201252
        0.900000000000000        0.700000000000000        0.003595941677913        0.001877292259839        0.001718649418074
        0.933333333333333        0.733333333333333        0.003114176843600        0.001625782787348        0.001488394056252
        0.966666666666667        0.766666666666667        0.001797970838957        0.000938646129919        0.000859324709037
        0.900000000000000        0.800000000000000        0.005085429490407        0.002654892174402        0.002430537316005
        0.933333333333333        0.833333333333333        0.003473412936526        0.001813325077271        0.001660087859255
        0.966666666666667        0.866666666666667        0.001612016553882        0.000841567097131        0.000770449456751
        0.900000000000000        0.900000000000000        0.003595941677913        0.001877292259839        0.001718649418074
        0.933333333333333        0.933333333333333        0.001797970838957        0.000938646129919        0.000859324709037
        0.966666666666667        0.966666666666667        0.000481764834313        0.000251509472491        0.000230255361823
        0.900000000000000        1.000000000000000        0.000000000000000        0.000000000000000        0.000000000000000
        0.933333333333333        1.033333333333333       -0.000930698191322       -0.000485878990070        0.000444819201252
        0.966666666666667        1.066666666666667       -0.000930698191322       -0.000485878990070        0.000444819201252
        1.000000000000000        0.000000000000000        0.000000000000000        0.000000000000000        0.000000000000000
        1.033333333333333        0.033333333333333       -0.001797970838957       -0.000938646129919        0.000859324709037
        1.066666666666667        0.066666666666667       -0.003114176843600       -0.001625782787348        0.001488394056252
        1.000000000000000        0.100000000000000        0.000000000000000        0.000000000000000        0.000000000000000
        1.033333333333333        0.133333333333333       -0.000930698191322       -0.000485878990070        0.000444819201252
        1.066666666666667        0.166666666666667       -0.000930698191322       -0.000485878990070        0.000444819201252
        1.000000000000000        0.200000000000000        0.000000000000000        0.000000000000000        0.000000000000000
        1.033333333333333        0.233333333333333        0.000481764834313        0.000251509472491        0.000230255361823
        1.066666666666667        0.266666666666667        0.001797970838957        0.000938646129919        0.000859324709037
        1.000000000000000        0.300000000000000       -0.000000000000000       -0.000000000000000        0.000000000000000
        1.033333333333333        0.333333333333333        0.001612016553882        0.000841567097131        0.000770449456751
        1.066666666666667        0.366666666666667        0.003473412936526        0.001813325077271        0.001660087859255
        1.000000000000000        0.400000000000000       -0.000000000000000       -0.000000000000000        0.000000000000000
        1.033333333333333        0.433333333333333        0.001797970838957        0.000938646129919        0.000859324709037
        1.066666666666667        0.466666666666667        0.003114176843600        0.001625782787348        0.001488394056252
        1.000000000000000        0.500000000000000       -0.000000000000000       -0.000000000000000        0.000000000000000
        1.033333333333333        0.533333333333333        0.000930698191322        0.000485878990070        0.000444819201252
        1.066666666666667        0.566666666666667        0.000930698191322        0.000485878990070        0.000444819201252
        1.000000000000000        0.600000000000000       -0.000000000000000       -0.000000000000000        0.000000000000000
        1.033333333333333        0.633333333333333       -0.000481764834313       -0.000251509472491        0.000230255361823
        1.066666666666667        0.666666666666667       -0.001797970838957       -0.000938646129919        0.000859324709037
        1.000000000000000        0.700000000000000        0.000000000000000        0.000000000000000        0.000000000000000
        1.033333333333333        0.733333333333333       -0.001612016553882       -0.000841567097131        0.000770449456751
        1.066666666666667        0.766666666666667       -0.003473412936526       -0.001813325077271        0.001660087859255
        1.000000000000000        0.800000000000000        0.000000000000000        0.000000000000000        0.000000000000000
        1.033333333333333        0.833333333333333       -0.001797970838957       -0.000938646129919        0.000859324709037
        1.066666666666667        0.866666666666667       -0.003114176843600       -0.001625782787348        0.001488394056252
        1.000000000000000        0.900000000000000        0.000000000000000        0.000000000000000        0.000000000000000
        1.033333333333333        0.933333333333333       -0.000930698191322       -0.000485878990070        0.000444819201252
        1.066666666666667        0.966666666666667       -0.000930698191322       -0.000485878990070        0.000444819201252
        1.000000000000000        1.000000000000000        0.000000000000000        0.000000000000000        0.000000000000000
        1.033333333333333        1.033333333333333        0.000481764834313        0.000251509472491        0.000230255361823
        1.066666666666667        1.066666666666667        0.001797970838957        0.000938646129919        0.000859324709037
