        0.000000000000000        0.000000000000000       37.658587481372964       37.658587481373006        0.000000000000042
        0.033333333333333        0.033333333333333       35.135940455440296       35.135940455440326        0.000000000000030
        0.066666666666667        0.066666666666667       28.243940611029724       28.243940611029728        0.000000000000004
        0.000000000000000        0.100000000000000       26.628642577985651       26.628642577985656        0.000000000000004
        0.033333333333333        0.133333333333333       18.187701114912173       18.187701114912166        0.000000000000007
        0.066666666666667        0.166666666666667        8.440941463073480        8.440941463073472        0.000000000000009
        0.000000000000000        0.200000000000000        0.000000000000002        0.000000000000000        0.000000000000002
        0.033333333333333        0.233333333333333       -9.414646870343239       -9.414646870343238        0.000000000000000
        0.066666666666667        0.266666666666667      -16.306646714753812      -16.306646714753808        0.000000000000004
        0.000000000000000        0.300000000000000      -26.628642577985648      -26.628642577985659        0.000000000000011
        0.033333333333333        0.333333333333333      -31.502022403904995      -31.502022403905007        0.000000000000012
        0.066666666666667        0.366666666666667      -31.502022403904996      -31.502022403904998        0.000000000000001
        0.000000000000000        0.400000000000000      -37.658587481372964      -37.658587481372985        0.000000000000020
        0.033333333333333        0.433333333333333      -35.135940455440297      -35.135940455440313        0.000000000000015
        0.066666666666667        0.466666666666667      -28.243940611029726      -28.243940611029731        0.000000000000005
        0.000000000000000        0.500000000000000      -26.628642577985655      -26.628642577985676        0.000000000000022
        0.033333333333333        0.533333333333333      -18.187701114912177      -18.187701114912191        0.000000000000015
        0.066666666666667        0.566666666666667       -8.440941463073484       -8.440941463073488        0.000000000000004
        0.000000000000000        0.600000000000000       -0.000000000000007       -0.000000000000006        0.000000000000001
        0.033333333333333        0.633333333333333        9.414646870343234        9.414646870343242        0.000000000000008
        0.066666666666667        0.666666666666667       16.306646714753808       16.306646714753813        0.000000000000005
        0.000000000000000        0.700000000000000       26.628642577985645       26.628642577985662        0.000000000000017
        0.033333333333333        0.733333333333333       31.502022403904993       31.502022403905008        0.000000000000015
        0.066666666666667        0.766666666666667       31.502022403904995       31.502022403905000        0.000000000000004
        0.000000000000000        0.800000000000000       37.658587481372964       37.658587481372990        0.000000000000026
        0.033333333333333        0.833333333333333       35.135940455440299       35.135940455440317        0.000000000000018
        0.066666666666667        0.866666666666667       28.243940611029728       28.243940611029729        0.000000000000001
        0.000000000000000        0.900000000000000       26.628642577985658       26.628642577985666        0.000000000000008
        0.033333333333333        0.933333333333333       18.187701114912181       18.187701114912179        0.000000000000002
        0.066666666666667        0.966666666666667        8.440941463073488        8.440941463073482        0.000000000000006
        0.000000000000000        1.000000000000000        0.000000000000012        0.000000000000012        0.000000000000000
        0.033333333333333        1.033333333333333       -9.414646870343230       -9.414646870343227        0.000000000000003
        0.066666666666667        1.066666666666667      -16.306646714753805      -16.306646714753797        0.000000000000008
        0.100000000000000        0.000000000000000       26.628642577985651       26.628642577985656        0.000000000000005
        0.133333333333333        0.033333333333333       18.187701114912173       18.187701114912166        0.000000000000007
        0.166666666666667        0.066666666666667        8.440941463073480        8.440941463073472        0.000000000000009
        0.100000000000000        0.100000000000000       18.829293740686483       18.829293740686469        0.000000000000015
        0.133333333333333        0.133333333333333        9.414646870343242        9.414646870343227        0.000000000000015
        0.166666666666667        0.166666666666667        2.522647025932669        2.522647025932664        0.000000000000006
        0.100000000000000        0.200000000000000        0.000000000000002        0.000000000000000        0.000000000000002
        0.133333333333333        0.233333333333333       -4.873379825919346       -4.873379825919339        0.000000000000006
        0.166666666666667        0.266666666666667       -4.873379825919347       -4.873379825919340        0.000000000000007
        0.100000000000000        0.300000000000000      -18.829293740686481      -18.829293740686471        0.000000000000010
        0.133333333333333        0.333333333333333      -16.306646714753814      -16.306646714753800        0.000000000000014
        0.166666666666667        0.366666666666667       -9.414646870343243       -9.414646870343232        0.000000000000011
        0.100000000000000        0.400000000000000      -26.628642577985651      -26.628642577985640        0.000000000000011
        0.133333333333333        0.433333333333333      -18.187701114912174      -18.187701114912159        0.000000000000014
        0.166666666666667        0.466666666666667       -8.440941463073481       -8.440941463073473        0.000000000000008
        0.100000000000000        0.500000000000000      -18.829293740686486      -18.829293740686483        0.000000000000003
        0.133333333333333        0.533333333333333       -9.414646870343244       -9.414646870343240        0.000000000000004
        0.166666666666667        0.566666666666667       -2.522647025932670       -2.522647025932669        0.000000000000002
        0.100000000000000        0.600000000000000       -0.000000000000005       -0.000000000000004        0.000000000000001
        0.133333333333333        0.633333333333333        4.873379825919343        4.873379825919342        0.000000000000002
        0.166666666666667        0.666666666666667        4.873379825919346        4.873379825919341        0.000000000000004
        0.100000000000000        0.700000000000000       18.829293740686479       18.829293740686473        0.000000000000006
        0.133333333333333        0.733333333333333       16.306646714753813       16.306646714753801        0.000000000000012
        0.166666666666667        0.766666666666667        9.414646870343242        9.414646870343233        0.000000000000010
        0.100000000000000        0.800000000000000       26.628642577985651       26.628642577985644        0.000000000000007
        0.133333333333333        0.833333333333333       18.187701114912174       18.187701114912162        0.000000000000013
        0.166666666666667        0.866666666666667        8.440941463073482        8.440941463073472        0.000000000000010
        0.100000000000000        0.900000000000000       18.829293740686488       18.829293740686476        0.000000000000012
        0.133333333333333        0.933333333333333        9.414646870343246        9.414646870343234        0.000000000000013
        0.166666666666667        0.966666666666667        2.522647025932672        2.522647025932667        0.000000000000005
        0.100000000000000        1.000000000000000        0.000000000000008        0.000000000000008        0.000000000000000
        0.133333333333333        1.033333333333333       -4.873379825919341       -4.873379825919334        0.000000000000008
        0.166666666666667        1.066666666666667       -4.873379825919345       -4.873379825919337        0.000000000000008
        0.200000000000000        0.000000000000000        0.000000000000002        0.000000000000000        0.000000000000002
        0.233333333333333        0.033333333333333       -9.414646870343239       -9.414646870343238        0.000000000000000
        0.266666666666667        0.066666666666667      -16.306646714753812      -16.306646714753808        0.000000000000004
        0.200000000000000        0.100000000000000        0.000000000000002        0.000000000000000        0.000000000000002
        0.233333333333333        0.133333333333333       -4.873379825919346       -4.873379825919339        0.000000000000006
        0.266666666666667        0.166666666666667       -4.873379825919347       -4.873379825919340        0.000000000000007
        0.200000000000000        0.200000000000000        0.000000000000000       -0.000000000000000        0.000000000000000
        0.233333333333333        0.233333333333333        2.522647025932667        2.522647025932665        0.000000000000002
        0.266666666666667        0.266666666666667        9.414646870343238        9.414646870343232        0.000000000000006
        0.200000000000000        0.300000000000000       -0.000000000000002       -0.000000000000000        0.000000000000002
        0.233333333333333        0.333333333333333        8.440941463073476        8.440941463073472        0.000000000000004
        0.266666666666667        0.366666666666667       18.187701114912169       18.187701114912163        0.000000000000006
        0.200000000000000        0.400000000000000       -0.000000000000002       -0.000000000000000        0.000000000000002
        0.233333333333333        0.433333333333333        9.414646870343239        9.414646870343235        0.000000000000004
        0.266666666666667        0.466666666666667       16.306646714753813       16.306646714753810        0.000000000000003
        0.200000000000000        0.500000000000000       -0.000000000000002       -0.000000000000000        0.000000000000002
        0.233333333333333        0.533333333333333        4.873379825919347        4.873379825919346        0.000000000000000
        0.266666666666667        0.566666666666667        4.873379825919349        4.873379825919349        0.000000000000000
        0.200000000000000        0.600000000000000       -0.000000000000000       -0.000000000000000        0.000000000000000
        0.233333333333333        0.633333333333333       -2.522647025932666       -2.522647025932666        0.000000000000000
        0.266666666666667        0.666666666666667       -9.414646870343236       -9.414646870343236        0.000000000000001
        0.200000000000000        0.700000000000000        0.000000000000002        0.000000000000000        0.000000000000002
        0.233333333333333        0.733333333333333       -8.440941463073475       -8.440941463073472        0.000000000000003
        0.266666666666667        0.766666666666667      -18.187701114912168      -18.187701114912164        0.000000000000004
        0.200000000000000        0.800000000000000        0.000000000000002        0.000000000000000        0.000000000000002
        0.233333333333333        0.833333333333333       -9.414646870343239       -9.414646870343236        0.000000000000003
        0.266666666666667        0.866666666666667      -16.306646714753814      -16.306646714753809        0.000000000000006
        0.200000000000000        0.900000000000000        0.000000000000002        0.000000000000000        0.000000000000002
        0.233333333333333        0.933333333333333       -4.873379825919348       -4.873379825919343        0.000000000000005
        0.266666666666667        0.966666666666667       -4.873379825919351       -4.873379825919346        0.000000000000005
        0.200000000000000        1.000000000000000        0.000000000000000        0.000000000000000        0.000000000000000
        0.233333333333333        1.033333333333333        2.522647025932665        2.522647025932662        0.000000000000003
        0.266666666666667        1.066666666666667        9.414646870343234        9.414646870343226        0.000000000000008
        0.300000000000000        0.000000000000000      -26.628642577985648      -26.628642577985659        0.000000000000011
        0.333333333333333        0.033333333333333      -31.502022403904995      -31.502022403905007        0.000000000000012
        0.366666666666667        0.066666666666667      -31.502022403904996      -31.502022403904998        0.000000000000001
        0.300000000000000        0.100000000000000      -18.829293740686481      -18.829293740686471        0.000000000000010
        0.333333333333333        0.133333333333333      -16.306646714753814      -16.306646714753800        0.000000000000014
        0.366666666666667        0.166666666666667       -9.414646870343243       -9.414646870343232        0.000000000000011
        0.300000000000000        0.200000000000000       -0.000000000000002       -0.000000000000000        0.000000000000002
        0.333333333333333        0.233333333333333        8.440941463073476        8.440941463073472        0.000000000000004
        0.366666666666667        0.266666666666667       18.187701114912169       18.187701114912163        0.000000000000006
        0.300000000000000        0.300000000000000       18.829293740686479       18.829293740686473        0.000000000000005
        0.333333333333333        0.333333333333333       28.243940611029720       28.243940611029717        0.000000000000002
        0.366666666666667        0.366666666666667       35.135940455440294       35.135940455440293        0.000000000000001
        0.300000000000000        0.400000000000000       26.628642577985648       26.628642577985644        0.000000000000004
        0.333333333333333        0.433333333333333       31.502022403904996       31.502022403904995        0.000000000000001
        0.366666666666667        0.466666666666667       31.502022403904999       31.502022403905001        0.000000000000003
        0.300000000000000        0.500000000000000       18.829293740686483       18.829293740686485        0.000000000000002
        0.333333333333333        0.533333333333333       16.306646714753818       16.306646714753823        0.000000000000005
        0.366666666666667        0.566666666666667        9.414646870343247        9.414646870343250        0.000000000000003
        0.300000000000000        0.600000000000000        0.000000000000005        0.000000000000004        0.000000000000001
        0.333333333333333        0.633333333333333       -8.440941463073472       -8.440941463073476        0.000000000000003
        0.366666666666667        0.666666666666667      -18.187701114912165      -18.187701114912169        0.000000000000004
        0.300000000000000        0.700000000000000      -18.829293740686476      -18.829293740686476        0.000000000000001
        0.333333333333333        0.733333333333333      -28.243940611029718      -28.243940611029718        0.000000000000000
        0.366666666666667        0.766666666666667      -35.135940455440293      -35.135940455440295        0.000000000000002
        0.300000000000000        0.800000000000000      -26.628642577985648      -26.628642577985647        0.000000000000001
        0.333333333333333        0.833333333333333      -31.502022403904997      -31.502022403904999        0.000000000000002
        0.366666666666667        0.866666666666667      -31.502022403905001      -31.502022403905000        0.000000000000001
        0.300000000000000        0.900000000000000      -18.829293740686486      -18.829293740686478        0.000000000000008
        0.333333333333333        0.933333333333333      -16.306646714753821      -16.306646714753812        0.000000000000009
        0.366666666666667        0.966666666666667       -9.414646870343251       -9.414646870343244        0.000000000000007
        0.300000000000000        1.000000000000000       -0.000000000000008       -0.000000000000008        0.000000000000000
        0.333333333333333        1.033333333333333        8.440941463073468        8.440941463073462        0.000000000000007
        0.366666666666667        1.066666666666667       18.187701114912161       18.187701114912151        0.000000000000010
        0.400000000000000        0.000000000000000      -37.658587481372964      -37.658587481372985        0.000000000000020
        0.433333333333333        0.033333333333333      -35.135940455440297      -35.135940455440313        0.000000000000015
        0.466666666666667        0.066666666666667      -28.243940611029726      -28.243940611029731        0.000000000000005
        0.400000000000000        0.100000000000000      -26.628642577985651      -26.628642577985640        0.000000000000011
        0.433333333333333        0.133333333333333      -18.187701114912174      -18.187701114912159        0.000000000000014
        0.466666666666667        0.166666666666667       -8.440941463073481       -8.440941463073473        0.000000000000008
        0.400000000000000        0.200000000000000       -0.000000000000002       -0.000000000000000        0.000000000000002
        0.433333333333333        0.233333333333333        9.414646870343239        9.414646870343235        0.000000000000004
        0.466666666666667        0.266666666666667       16.306646714753813       16.306646714753810        0.000000000000003
        0.400000000000000        0.300000000000000       26.628642577985648       26.628642577985644        0.000000000000004
        0.433333333333333        0.333333333333333       31.502022403904996       31.502022403904995        0.000000000000001
        0.466666666666667        0.366666666666667       31.502022403904999       31.502022403905001        0.000000000000003
        0.400000000000000        0.400000000000000       37.658587481372964       37.658587481372963        0.000000000000002
        0.433333333333333        0.433333333333333       35.135940455440299       35.135940455440299        0.000000000000001
        0.466666666666667        0.466666666666667       28.243940611029728       28.243940611029734        0.000000000000006
        0.400000000000000        0.500000000000000       26.628642577985655       26.628642577985661        0.000000000000006
        0.433333333333333        0.533333333333333       18.187701114912178       18.187701114912185        0.000000000000007
        0.466666666666667        0.566666666666667        8.440941463073485        8.440941463073489        0.000000000000004
        0.400000000000000        0.600000000000000        0.000000000000007        0.000000000000006        0.000000000000001
        0.433333333333333        0.633333333333333       -9.414646870343235       -9.414646870343239        0.000000000000004
        0.466666666666667        0.666666666666667      -16.306646714753810      -16.306646714753815        0.000000000000006
        0.400000000000000        0.700000000000000      -26.628642577985645      -26.628642577985647        0.000000000000002
        0.433333333333333        0.733333333333333      -31.502022403904994      -31.502022403904996        0.000000000000002
        0.466666666666667        0.766666666666667      -31.502022403904998      -31.502022403905003        0.000000000000006
        0.400000000000000        0.800000000000000      -37.658587481372964      -37.658587481372968        0.000000000000004
        0.433333333333333        0.833333333333333      -35.135940455440300      -35.135940455440304        0.000000000000004
        0.466666666666667        0.866666666666667      -28.243940611029730      -28.243940611029732        0.000000000000002
        0.400000000000000        0.900000000000000      -26.628642577985658      -26.628642577985650        0.000000000000007
        0.433333333333333        0.933333333333333      -18.187701114912181      -18.187701114912172        0.000000000000009
        0.466666666666667        0.966666666666667       -8.440941463073489       -8.440941463073483        0.000000000000005
        0.400000000000000        1.000000000000000       -0.000000000000012       -0.000000000000012        0.000000000000000
        0.433333333333333        1.033333333333333        9.414646870343230        9.414646870343223        0.000000000000007
        0.466666666666667        1.066666666666667       16.306646714753806       16.306646714753799        0.000000000000007
        0.500000000000000        0.000000000000000      -26.628642577985655      -26.628642577985676        0.000000000000022
        0.533333333333333        0.033333333333333      -18.187701114912177      -18.187701114912191        0.000000000000015
        0.566666666666667        0.066666666666667       -8.440941463073484       -8.440941463073488        0.000000000000004
        0.500000000000000        0.100000000000000      -18.829293740686486      -18.829293740686483        0.000000000000003
        0.533333333333333        0.133333333333333       -9.414646870343244       -9.414646870343240        0.000000000000004
        0.566666666666667        0.166666666666667       -2.522647025932670       -2.522647025932669        0.000000000000002
        0.500000000000000        0.200000000000000       -0.000000000000002       -0.000000000000000        0.000000000000002
        0.533333333333333        0.233333333333333        4.873379825919347        4.873379825919346        0.000000000000000
        0.566666666666667        0.266666666666667        4.873379825919349        4.873379825919349        0.000000000000000
        0.500000000000000        0.300000000000000       18.829293740686483       18.829293740686485        0.000000000000002
        0.533333333333333        0.333333333333333       16.306646714753818       16.306646714753823        0.000000000000005
        0.566666666666667        0.366666666666667        9.414646870343247        9.414646870343250        0.000000000000004
        0.500000000000000        0.400000000000000       26.628642577985655       26.628642577985661        0.000000000000006
        0.533333333333333        0.433333333333333       18.187701114912178       18.187701114912185        0.000000000000007
        0.566666666666667        0.466666666666667        8.440941463073485        8.440941463073489        0.000000000000004
        0.500000000000000        0.500000000000000       18.829293740686488       18.829293740686497        0.000000000000009
        0.533333333333333        0.533333333333333        9.414646870343246        9.414646870343253        0.000000000000007
        0.566666666666667        0.566666666666667        2.522647025932672        2.522647025932673        0.000000000000002
        0.500000000000000        0.600000000000000        0.000000000000005        0.000000000000004        0.000000000000001
        0.533333333333333        0.633333333333333       -4.873379825919344       -4.873379825919348        0.000000000000004
        0.566666666666667        0.666666666666667       -4.873379825919348       -4.873379825919351        0.000000000000003
        0.500000000000000        0.700000000000000      -18.829293740686481      -18.829293740686488        0.000000000000007
        0.533333333333333        0.733333333333333      -16.306646714753816      -16.306646714753823        0.000000000000007
        0.566666666666667        0.766666666666667       -9.414646870343247       -9.414646870343251        0.000000000000004
        0.500000000000000        0.800000000000000      -26.628642577985655      -26.628642577985664        0.000000000000010
        0.533333333333333        0.833333333333333      -18.187701114912178      -18.187701114912187        0.000000000000009
        0.566666666666667        0.866666666666667       -8.440941463073486       -8.440941463073489        0.000000000000003
        0.500000000000000        0.900000000000000      -18.829293740686490      -18.829293740686490        0.000000000000000
        0.533333333333333        0.933333333333333       -9.414646870343248       -9.414646870343247        0.000000000000001
        0.566666666666667        0.966666666666667       -2.522647025932673       -2.522647025932672        0.000000000000001
        0.500000000000000        1.000000000000000       -0.000000000000008       -0.000000000000008        0.000000000000000
        0.533333333333333        1.033333333333333        4.873379825919342        4.873379825919340        0.000000000000002
        0.566666666666667        1.066666666666667        4.873379825919347        4.873379825919346        0.000000000000001
        0.600000000000000        0.000000000000000       -0.000000000000007       -0.000000000000006        0.000000000000001
        0.633333333333333        0.033333333333333        9.414646870343234        9.414646870343242        0.000000000000008
        0.666666666666667        0.066666666666667       16.306646714753808       16.306646714753813        0.000000000000005
        0.600000000000000        0.100000000000000       -0.000000000000005       -0.000000000000004        0.000000000000001
        0.633333333333333        0.133333333333333        4.873379825919343        4.873379825919342        0.000000000000002
        0.666666666666667        0.166666666666667        4.873379825919346        4.873379825919341        0.000000000000004
        0.600000000000000        0.200000000000000       -0.000000000000000       -0.000000000000000        0.000000000000000
        0.633333333333333        0.233333333333333       -2.522647025932666       -2.522647025932666        0.000000000000000
        0.666666666666667        0.266666666666667       -9.414646870343236       -9.414646870343236        0.000000000000001
        0.600000000000000        0.300000000000000        0.000000000000005        0.000000000000004        0.000000000000001
        0.633333333333333        0.333333333333333       -8.440941463073472       -8.440941463073476        0.000000000000003
        0.666666666666667        0.366666666666667      -18.187701114912165      -18.187701114912169        0.000000000000004
        0.600000000000000        0.400000000000000        0.000000000000007        0.000000000000006        0.000000000000001
        0.633333333333333        0.433333333333333       -9.414646870343235       -9.414646870343239        0.000000000000004
        0.666666666666667        0.466666666666667      -16.306646714753810      -16.306646714753815        0.000000000000006
        0.600000000000000        0.500000000000000        0.000000000000005        0.000000000000004        0.000000000000001
        0.633333333333333        0.533333333333333       -4.873379825919344       -4.873379825919348        0.000000000000004
        0.666666666666667        0.566666666666667       -4.873379825919348       -4.873379825919351        0.000000000000003
        0.600000000000000        0.600000000000000        0.000000000000000        0.000000000000000        0.000000000000000
        0.633333333333333        0.633333333333333        2.522647025932665        2.522647025932667        0.000000000000002
        0.666666666666667        0.666666666666667        9.414646870343234        9.414646870343239        0.000000000000004
        0.600000000000000        0.700000000000000       -0.000000000000005       -0.000000000000004        0.000000000000001
        0.633333333333333        0.733333333333333        8.440941463073472        8.440941463073476        0.000000000000004
        0.666666666666667        0.766666666666667       18.187701114912164       18.187701114912170        0.000000000000006
        0.600000000000000        0.800000000000000       -0.000000000000007       -0.000000000000006        0.000000000000001
        0.633333333333333        0.833333333333333        9.414646870343235        9.414646870343240        0.000000000000005
        0.666666666666667        0.866666666666667       16.306646714753811       16.306646714753814        0.000000000000003
        0.600000000000000        0.900000000000000       -0.000000000000005       -0.000000000000004        0.000000000000001
        0.633333333333333        0.933333333333333        4.873379825919345        4.873379825919345        0.000000000000000
        0.666666666666667        0.966666666666667        4.873379825919350        4.873379825919348        0.000000000000003
        0.600000000000000        1.000000000000000       -0.000000000000000       -0.000000000000000        0.000000000000000
        0.633333333333333        1.033333333333333       -2.522647025932663       -2.522647025932663        0.000000000000001
        0.666666666666667        1.066666666666667       -9.414646870343232       -9.414646870343230        0.000000000000003
        0.700000000000000        0.000000000000000       26.628642577985645       26.628642577985662        0.000000000000017
        0.733333333333333        0.033333333333333       31.502022403904993       31.502022403905008        0.000000000000015
        0.766666666666667        0.066666666666667       31.502022403904995       31.502022403905000        0.000000000000004
        0.700000000000000        0.100000000000000       18.829293740686479       18.829293740686473        0.000000000000006
        0.733333333333333        0.133333333333333       16.306646714753813       16.306646714753801        0.000000000000012
        0.766666666666667        0.166666666666667        9.414646870343242        9.414646870343233        0.000000000000010
        0.700000000000000        0.200000000000000        0.000000000000002        0.000000000000000        0.000000000000002
        0.733333333333333        0.233333333333333       -8.440941463073475       -8.440941463073472        0.000000000000003
        0.766666666666667        0.266666666666667      -18.187701114912168      -18.187701114912164        0.000000000000004
        0.700000000000000        0.300000000000000      -18.829293740686476      -18.829293740686476        0.000000000000001
        0.733333333333333        0.333333333333333      -28.243940611029718      -28.243940611029718        0.000000000000000
        0.766666666666667        0.366666666666667      -35.135940455440293      -35.135940455440295        0.000000000000002
        0.700000000000000        0.400000000000000      -26.628642577985645      -26.628642577985647        0.000000000000002
        0.733333333333333        0.433333333333333      -31.502022403904994      -31.502022403904996        0.000000000000002
        0.766666666666667        0.466666666666667      -31.502022403904998      -31.502022403905003        0.000000000000006
        0.700000000000000        0.500000000000000      -18.829293740686481      -18.829293740686488        0.000000000000007
        0.733333333333333        0.533333333333333      -16.306646714753816      -16.306646714753823        0.000000000000007
        0.766666666666667        0.566666666666667       -9.414646870343247       -9.414646870343251        0.000000000000004
        0.700000000000000        0.600000000000000       -0.000000000000005       -0.000000000000004        0.000000000000001
        0.733333333333333        0.633333333333333        8.440941463073472        8.440941463073476        0.000000000000004
        0.766666666666667        0.666666666666667       18.187701114912164       18.187701114912170        0.000000000000006
        0.700000000000000        0.700000000000000       18.829293740686474       18.829293740686478        0.000000000000004
        0.733333333333333        0.733333333333333       28.243940611029716       28.243940611029719        0.000000000000003
        0.766666666666667        0.766666666666667       35.135940455440292       35.135940455440297        0.000000000000005
        0.700000000000000        0.800000000000000       26.628642577985645       26.628642577985651        0.000000000000006
        0.733333333333333        0.833333333333333       31.502022403904995       31.502022403905000        0.000000000000005
        0.766666666666667        0.866666666666667       31.502022403905000       31.502022403905002        0.000000000000002
        0.700000000000000        0.900000000000000       18.829293740686483       18.829293740686480        0.000000000000003
        0.733333333333333        0.933333333333333       16.306646714753820       16.306646714753812        0.000000000000008
        0.766666666666667        0.966666666666667        9.414646870343251        9.414646870343244        0.000000000000006
        0.700000000000000        1.000000000000000        0.000000000000008        0.000000000000008        0.000000000000000
        0.733333333333333        1.033333333333333       -8.440941463073468       -8.440941463073462        0.000000000000006
        0.766666666666667        1.066666666666667      -18.187701114912160      -18.187701114912152        0.000000000000008
        0.800000000000000        0.000000000000000       37.658587481372964       37.658587481372990        0.000000000000026
        0.833333333333333        0.033333333333333       35.135940455440299       35.135940455440317        0.000000000000018
        0.866666666666667        0.066666666666667       28.243940611029728       28.243940611029729        0.000000000000001
        0.800000000000000        0.100000000000000       26.628642577985651       26.628642577985644        0.000000000000007
        0.833333333333333        0.133333333333333       18.187701114912174       18.187701114912162        0.000000000000013
        0.866666666666667        0.166666666666667        8.440941463073482        8.440941463073472        0.000000000000010
        0.800000000000000        0.200000000000000        0.000000000000002        0.000000000000000        0.000000000000002
        0.833333333333333        0.233333333333333       -9.414646870343239       -9.414646870343236        0.000000000000003
        0.866666666666667        0.266666666666667      -16.306646714753814      -16.306646714753809        0.000000000000006
        0.800000000000000        0.300000000000000      -26.628642577985648      -26.628642577985647        0.000000000000001
        0.833333333333333        0.333333333333333      -31.502022403904997      -31.502022403904999        0.000000000000002
        0.866666666666667        0.366666666666667      -31.502022403905001      -31.502022403905000        0.000000000000001
        0.800000000000000        0.400000000000000      -37.658587481372964      -37.658587481372968        0.000000000000004
        0.833333333333333        0.433333333333333      -35.135940455440300      -35.135940455440304        0.000000000000004
        0.866666666666667        0.466666666666667      -28.243940611029730      -28.243940611029732        0.000000000000002
        0.800000000000000        0.500000000000000      -26.628642577985655      -26.628642577985664        0.000000000000010
        0.833333333333333        0.533333333333333      -18.187701114912178      -18.187701114912187        0.000000000000009
        0.866666666666667        0.566666666666667       -8.440941463073486       -8.440941463073489        0.000000000000003
        0.800000000000000        0.600000000000000       -0.000000000000007       -0.000000000000006        0.000000000000001
        0.833333333333333        0.633333333333333        9.414646870343235        9.414646870343240        0.000000000000005
        0.866666666666667        0.666666666666667       16.306646714753811       16.306646714753814        0.000000000000003
        0.800000000000000        0.700000000000000       26.628642577985645       26.628642577985651        0.000000000000006
        0.833333333333333        0.733333333333333       31.502022403904995       31.502022403905000        0.000000000000005
        0.866666666666667        0.766666666666667       31.502022403905000       31.502022403905002        0.000000000000002
        0.800000000000000        0.800000000000000       37.658587481372964       37.658587481372973        0.000000000000009
        0.833333333333333        0.833333333333333       35.135940455440301       35.135940455440308        0.000000000000007
        0.866666666666667        0.866666666666667       28.243940611029732       28.243940611029731        0.000000000000001
        0.800000000000000        0.900000000000000       26.628642577985658       26.628642577985654        0.000000000000004
        0.833333333333333        0.933333333333333       18.187701114912182       18.187701114912174        0.000000000000008
        0.866666666666667        0.966666666666667        8.440941463073489        8.440941463073483        0.000000000000007
        0.800000000000000        1.000000000000000        0.000000000000012        0.000000000000012        0.000000000000000
        0.833333333333333        1.033333333333333       -9.414646870343231       -9.414646870343224        0.000000000000006
        0.866666666666667        1.066666666666667      -16.306646714753807      -16.306646714753798        0.000000000000009
        0.900000000000000        0.000000000000000       26.628642577985658       26.628642577985666        0.000000000000008
        0.933333333333333        0.033333333333333       18.187701114912181       18.187701114912179        0.000000000000002
        0.966666666666667        0.066666666666667        8.440941463073488        8.440941463073482        0.000000000000006
        0.900000000000000        0.100000000000000       18.829293740686488       18.829293740686476        0.000000000000012
        0.933333333333333        0.133333333333333        9.414646870343246        9.414646870343234        0.000000000000013
        0.966666666666667        0.166666666666667        2.522647025932672        2.522647025932667        0.000000000000005
        0.900000000000000        0.200000000000000        0.000000000000002        0.000000000000000        0.000000000000002
        0.933333333333333        0.233333333333333       -4.873379825919348       -4.873379825919343        0.000000000000005
        0.966666666666667        0.266666666666667       -4.873379825919351       -4.873379825919346        0.000000000000005
        0.900000000000000        0.300000000000000      -18.829293740686486      -18.829293740686478        0.000000000000008
        0.933333333333333        0.333333333333333      -16.306646714753821      -16.306646714753812        0.000000000000009
        0.966666666666667        0.366666666666667       -9.414646870343251       -9.414646870343244        0.000000000000007
        0.900000000000000        0.400000000000000      -26.628642577985658      -26.628642577985650        0.000000000000007
        0.933333333333333        0.433333333333333      -18.187701114912181      -18.187701114912172        0.000000000000010
        0.966666666666667        0.466666666666667       -8.440941463073489       -8.440941463073483        0.000000000000005
        0.900000000000000        0.500000000000000      -18.829293740686490      -18.829293740686490        0.000000000000000
        0.933333333333333        0.533333333333333       -9.414646870343248       -9.414646870343247        0.000000000000001
        0.966666666666667        0.566666666666667       -2.522647025932673       -2.522647025932672        0.000000000000001
        0.900000000000000        0.600000000000000       -0.000000000000005       -0.000000000000004        0.000000000000001
        0.933333333333333        0.633333333333333        4.873379825919345        4.873379825919345        0.000000000000000
        0.966666666666667        0.666666666666667        4.873379825919350        4.873379825919348        0.000000000000003
        0.900000000000000        0.700000000000000       18.829293740686483       18.829293740686480        0.000000000000003
        0.933333333333333        0.733333333333333       16.306646714753820       16.306646714753812        0.000000000000008
        0.966666666666667        0.766666666666667        9.414646870343251        9.414646870343244        0.000000000000006
        0.900000000000000        0.800000000000000       26.628642577985658       26.628642577985654        0.000000000000004
        0.933333333333333        0.833333333333333       18.187701114912182       18.187701114912174        0.000000000000008
        0.966666666666667        0.866666666666667        8.440941463073489        8.440941463073483        0.000000000000007
        0.900000000000000        0.900000000000000       18.829293740686493       18.829293740686483        0.000000000000010
        0.933333333333333        0.933333333333333        9.414646870343250        9.414646870343240        0.000000000000010
        0.966666666666667        0.966666666666667        2.522647025932674        2.522647025932670        0.000000000000004
        0.900000000000000        1.000000000000000        0.000000000000008        0.000000000000008        0.000000000000000
        0.933333333333333        1.033333333333333       -4.873379825919343       -4.873379825919337        0.000000000000006
        0.966666666666667        1.066666666666667       -4.873379825919349       -4.873379825919343        0.000000000000006
        1.000000000000000        0.000000000000000        0.000000000000012        0.000000000000012        0.000000000000000
        1.033333333333333        0.033333333333333       -9.414646870343230       -9.414646870343227        0.000000000000003
        1.066666666666667        0.066666666666667      -16.306646714753805      -16.306646714753797        0.000000000000008
        1.000000000000000        0.100000000000000        0.000000000000008        0.000000000000008        0.000000000000000
        1.033333333333333        0.133333333333333       -4.873379825919341       -4.873379825919334        0.000000000000008
        1.066666666666667        0.166666666666667       -4.873379825919345       -4.873379825919337        0.000000000000008
        1.000000000000000        0.200000000000000        0.000000000000000        0.000000000000000        0.000000000000000
        1.033333333333333        0.233333333333333        2.522647025932665        2.522647025932662        0.000000000000003
        1.066666666666667        0.266666666666667        9.414646870343234        9.414646870343226        0.000000000000008
        1.000000000000000        0.300000000000000       -0.000000000000008       -0.000000000000008        0.000000000000000
        1.033333333333333        0.333333333333333        8.440941463073468        8.440941463073462        0.000000000000007
        1.066666666666667        0.366666666666667       18.187701114912161       18.187701114912151        0.000000000000010
        1.000000000000000        0.400000000000000       -0.000000000000012       -0.000000000000012        0.000000000000000
        1.033333333333333        0.433333333333333        9.414646870343230        9.414646870343223        0.000000000000007
        1.066666666666667        0.466666666666667       16.306646714753806       16.306646714753799        0.000000000000007
        1.000000000000000        0.500000000000000       -0.000000000000008       -0.000000000000008        0.000000000000000
        1.033333333333333        0.533333333333333        4.873379825919342        4.873379825919340        0.000000000000002
        1.066666666666667        0.566666666666667        4.873379825919347        4.873379825919346        0.000000000000001
        1.000000000000000        0.600000000000000       -0.000000000000000       -0.000000000000000        0.000000000000000
        1.033333333333333        0.633333333333333       -2.522647025932663       -2.522647025932663        0.000000000000001
        1.066666666666667        0.666666666666667       -9.414646870343232       -9.414646870343230        0.000000000000003
        1.000000000000000        0.700000000000000        0.000000000000008        0.000000000000008        0.000000000000000
        1.033333333333333        0.733333333333333       -8.440941463073468       -8.440941463073462        0.000000000000006
        1.066666666666667        0.766666666666667      -18.187701114912160      -18.187701114912152        0.000000000000008
        1.000000000000000        0.800000000000000        0.000000000000012        0.000000000000012        0.000000000000000
        1.033333333333333        0.833333333333333       -9.414646870343231       -9.414646870343224        0.000000000000006
        1.066666666666667        0.866666666666667      -16.306646714753807      -16.306646714753798        0.000000000000009
        1.000000000000000        0.900000000000000        0.000000000000008        0.000000000000008        0.000000000000000
        1.033333333333333        0.933333333333333       -4.873379825919343       -4.873379825919337        0.000000000000006
        1.066666666666667        0.966666666666667       -4.873379825919349       -4.873379825919343        0.000000000000006
        1.000000000000000        1.000000000000000        0.000000000000000        0.000000000000000        0.000000000000000
        1.033333333333333        1.033333333333333        2.522647025932662        2.522647025932658        0.000000000000004
        1.066666666666667        1.066666666666667        9.414646870343230        9.414646870343220        0.000000000000010
