        0.000000000000000        0.000000000000000        0.006761657490688        0.003529981409019        0.003231676081669
        0.033333333333333        0.033333333333333        0.006308712324656        0.003293517492058        0.003015194832598
        0.066666666666667        0.066666666666667        0.005071243118016        0.002647486056764        0.002423757061252
        0.000000000000000        0.100000000000000        0.004781213863726        0.002496073791780        0.002285140071946
        0.033333333333333        0.133333333333333        0.003265629799388        0.001704850104646        0.001560779694742
        0.066666666666667        0.166666666666667        0.001515584064338        0.000791223687134        0.000724360377204
        0.000000000000000        0.200000000000000        0.000000000000000        0.000000000000000        0.000000000000000
        0.033333333333333        0.233333333333333       -0.001690414372672       -0.000882495352255        0.000807919020417
        0.066666666666667        0.266666666666667       -0.002927883579313       -0.001528526787549        0.001399356791764
        0.000000000000000        0.300000000000000       -0.004781213863726       -0.002496073791780        0.002285140071946
        0.033333333333333        0.333333333333333       -0.005656236731251       -0.002952887000536        0.002703349730716
        0.066666666666667        0.366666666666667       -0.005656236731251       -0.002952887000536        0.002703349730716
        0.000000000000000        0.400000000000000       -0.006761657490688       -0.003529981409019        0.003231676081669
        0.033333333333333        0.433333333333333       -0.006308712324656       -0.003293517492058        0.003015194832598
        0.066666666666667        0.466666666666667       -0.005071243118016       -0.002647486056764        0.002423757061252
        0.000000000000000        0.500000000000000       -0.004781213863726       -0.002496073791780        0.002285140071946
        0.033333333333333        0.533333333333333       -0.003265629799388       -0.001704850104646        0.001560779694742
        0.066666666666667        0.566666666666667       -0.001515584064338       -0.000791223687134        0.000724360377204
        0.000000000000000        0.600000000000000       -0.000000000000000       -0.000000000000000        0.000000000000000
        0.033333333333333        0.633333333333333        0.001690414372672        0.000882495352255        0.000807919020417
        0.066666666666667        0.666666666666667        0.002927883579313        0.001528526787549        0.001399356791764
        0.000000000000000        0.700000000000000        0.004781213863726        0.002496073791780        0.002285140071946
        0.033333333333333        0.733333333333333        0.005656236731251        0.002952887000536        0.002703349730716
        0.066666666666667        0.766666666666667        0.005656236731251        0.002952887000536        0.002703349730716
        0.000000000000000        0.800000000000000        0.006761657490688        0.003529981409019        0.003231676081669
        0.033333333333333        0.833333333333333        0.006308712324656        0.003293517492058        0.003015194832598
        0.066666666666667        0.866666666666667        0.005071243118016        0.002647486056764        0.002423757061252
        0.000000000000000        0.900000000000000        0.004781213863726        0.002496073791780        0.002285140071946
        0.033333333333333        0.933333333333333        0.003265629799388        0.001704850104646        0.001560779694742
        0.066666666666667        0.966666666666667        0.001515584064338        0.000791223687134        0.000724360377204
        0.000000000000000        1.000000000000000        0.000000000000000        0.000000000000000        0.000000000000000
        0.033333333333333        1.033333333333333       -0.001690414372672       -0.000882495352255        0.000807919020417
        0.066666666666667        1.066666666666667       -0.002927883579313       -0.001528526787549        0.001399356791764
        0.100000000000000        0.000000000000000        0.004781213863726        0.002496073791780        0.002285140071946
        0.133333333333333        0.033333333333333        0.003265629799388        0.001704850104646        0.001560779694742
        0.166666666666667        0.066666666666667        0.001515584064338        0.000791223687134        0.000724360377204
        0.100000000000000        0.100000000000000        0.003380828745344        0.001764990704509        0.001615838040834
        0.133333333333333        0.133333333333333        0.001690414372672        0.000882495352255        0.000807919020417
        0.166666666666667        0.166666666666667        0.000452945166031        0.000236463916961        0.000216481249071
        0.100000000000000        0.200000000000000        0.000000000000000        0.000000000000000        0.000000000000000
        0.133333333333333        0.233333333333333       -0.000875022867525       -0.000456813208756        0.000418209658769
        0.166666666666667        0.266666666666667       -0.000875022867525       -0.000456813208756        0.000418209658769
        0.100000000000000        0.300000000000000       -0.003380828745344       -0.001764990704509        0.001615838040834
        0.133333333333333        0.333333333333333       -0.002927883579313       -0.001528526787549        0.001399356791764
        0.166666666666667        0.366666666666667       -0.001690414372672       -0.000882495352255        0.000807919020417
        0.100000000000000        0.400000000000000       -0.004781213863726       -0.002496073791780        0.002285140071946
        0.133333333333333        0.433333333333333       -0.003265629799388       -0.001704850104646        0.001560779694742
        0.166666666666667        0.466666666666667       -0.001515584064338       -0.000791223687134        0.000724360377204
        0.100000000000000        0.500000000000000       -0.003380828745344       -0.001764990704509        0.001615838040834
        0.133333333333333        0.533333333333333       -0.001690414372672       -0.000882495352255        0.000807919020417
        0.166666666666667        0.566666666666667       -0.000452945166031       -0.000236463916961        0.000216481249071
        0.100000000000000        0.600000000000000       -0.000000000000000       -0.000000000000000        0.000000000000000
        0.133333333333333        0.633333333333333        0.000875022867525        0.000456813208756        0.000418209658769
        0.166666666666667        0.666666666666667        0.000875022867525        0.000456813208756        0.000418209658769
        0.100000000000000        0.700000000000000        0.003380828745344        0.001764990704509        0.001615838040834
        0.133333333333333        0.733333333333333        0.002927883579313        0.001528526787549        0.001399356791764
        0.166666666666667        0.766666666666667        0.001690414372672        0.000882495352255        0.000807919020417
        0.100000000000000        0.800000000000000        0.004781213863726        0.002496073791780        0.002285140071946
        0.133333333333333        0.833333333333333        0.003265629799388        0.001704850104646        0.001560779694742
        0.166666666666667        0.866666666666667        0.001515584064338        0.000791223687134        0.000724360377204
        0.100000000000000        0.900000000000000        0.003380828745344        0.001764990704509        0.001615838040834
        0.133333333333333        0.933333333333333        0.001690414372672        0.000882495352255        0.000807919020417
        0.166666666666667        0.966666666666667        0.000452945166031        0.000236463916961        0.000216481249071
        0.100000000000000        1.000000000000000        0.000000000000000        0.000000000000000        0.000000000000000
        0.133333333333333        1.033333333333333       -0.000875022867525       -0.000456813208756        0.000418209658769
        0.166666666666667        1.066666666666667       -0.000875022867525       -0.000456813208756        0.000418209658769
        0.200000000000000        0.000000000000000        0.000000000000000        0.000000000000000        0.000000000000000
        0.233333333333333        0.033333333333333       -0.001690414372672       -0.000882495352255        0.000807919020417
        0.266666666666667        0.066666666666667       -0.002927883579313       -0.001528526787549        0.001399356791764
        0.200000000000000        0.100000000000000        0.000000000000000        0.000000000000000        0.000000000000000
        0.233333333333333        0.133333333333333       -0.000875022867525       -0.000456813208756        0.000418209658769
        0.266666666666667        0.166666666666667       -0.000875022867525       -0.000456813208756        0.000418209658769
        0.200000000000000        0.200000000000000        0.000000000000000        0.000000000000000        0.000000000000000
        0.233333333333333        0.233333333333333        0.000452945166031        0.000236463916961        0.000216481249071
        0.266666666666667        0.266666666666667        0.001690414372672        0.000882495352255        0.000807919020417
        0.200000000000000        0.300000000000000       -0.000000000000000       -0.000000000000000        0.000000000000000
        0.233333333333333        0.333333333333333        0.001515584064338        0.000791223687134        0.000724360377204
        0.266666666666667        0.366666666666667        0.003265629799388        0.001704850104646        0.001560779694742
        0.200000000000000        0.400000000000000       -0.000000000000000       -0.000000000000000        0.000000000000000
        0.233333333333333        0.433333333333333        0.001690414372672        0.000882495352255        0.000807919020417
        0.266666666666667        0.466666666666667        0.002927883579313        0.001528526787549        0.001399356791764
        0.200000000000000        0.500000000000000       -0.000000000000000       -0.000000000000000        0.000000000000000
        0.233333333333333        0.533333333333333        0.000875022867525        0.000456813208756        0.000418209658769
        0.266666666666667        0.566666666666667        0.000875022867525        0.000456813208756        0.000418209658769
        0.200000000000000        0.600000000000000       -0.000000000000000        0.000000000000000        0.000000000000000
        0.233333333333333        0.633333333333333       -0.000452945166031       -0.000236463916961        0.000216481249071
        0.266666666666667        0.666666666666667       -0.001690414372672       -0.000882495352255        0.000807919020417
        0.200000000000000        0.700000000000000        0.000000000000000        0.000000000000000        0.000000000000000
        0.233333333333333        0.733333333333333       -0.001515584064338       -0.000791223687134        0.000724360377204
        0.266666666666667        0.766666666666667       -0.003265629799388       -0.001704850104646        0.001560779694742
        0.200000000000000        0.800000000000000        0.000000000000000        0.000000000000000        0.000000000000000
        0.233333333333333        0.833333333333333       -0.001690414372672       -0.000882495352255        0.000807919020417
        0.266666666666667        0.866666666666667       -0.002927883579313       -0.001528526787549        0.001399356791764
        0.200000000000000        0.900000000000000        0.000000000000000        0.000000000000000        0.000000000000000
        0.233333333333333        0.933333333333333       -0.000875022867525       -0.000456813208756        0.000418209658769
        0.266666666666667        0.966666666666667       -0.000875022867525       -0.000456813208756        0.000418209658769
        0.200000000000000        1.000000000000000        0.000000000000000        0.000000000000000        0.000000000000000
        0.233333333333333        1.033333333333333        0.000452945166031        0.000236463916961        0.000216481249071
        0.266666666666667        1.066666666666667        0.001690414372672        0.000882495352255        0.000807919020417
        0.300000000000000        0.000000000000000       -0.004781213863726       -0.002496073791780        0.002285140071946
        0.333333333333333        0.033333333333333       -0.005656236731251       -0.002952887000536        0.002703349730716
        0.366666666666667        0.066666666666667       -0.005656236731251       -0.002952887000536        0.002703349730716
        0.300000000000000        0.100000000000000       -0.003380828745344       -0.001764990704509        0.001615838040834
        0.333333333333333        0.133333333333333       -0.002927883579313       -0.001528526787549        0.001399356791764
        0.366666666666667        0.166666666666667       -0.001690414372672       -0.000882495352255        0.000807919020417
        0.300000000000000        0.200000000000000       -0.000000000000000       -0.000000000000000        0.000000000000000
        0.333333333333333        0.233333333333333        0.001515584064338        0.000791223687134        0.000724360377204
        0.366666666666667        0.266666666666667        0.003265629799388        0.001704850104646        0.001560779694742
        0.300000000000000        0.300000000000000        0.003380828745344        0.001764990704509        0.001615838040834
        0.333333333333333        0.333333333333333        0.005071243118016        0.002647486056764        0.002423757061252
        0.366666666666667        0.366666666666667        0.006308712324656        0.003293517492058        0.003015194832598
        0.300000000000000        0.400000000000000        0.004781213863726        0.002496073791780        0.002285140071946
        0.333333333333333        0.433333333333333        0.005656236731251        0.002952887000536        0.002703349730716
        0.366666666666667        0.466666666666667        0.005656236731251        0.002952887000536        0.002703349730716
        0.300000000000000        0.500000000000000        0.003380828745344        0.001764990704509        0.001615838040834
        0.333333333333333        0.533333333333333        0.002927883579313        0.001528526787549        0.001399356791764
        0.366666666666667        0.566666666666667        0.001690414372672        0.000882495352255        0.000807919020417
        0.300000000000000        0.600000000000000        0.000000000000000        0.000000000000000        0.000000000000000
        0.333333333333333        0.633333333333333       -0.001515584064338       -0.000791223687134        0.000724360377204
        0.366666666666667        0.666666666666667       -0.003265629799388       -0.001704850104646        0.001560779694742
        0.300000000000000        0.700000000000000       -0.003380828745344       -0.001764990704509        0.001615838040834
        0.333333333333333        0.733333333333333       -0.005071243118016       -0.002647486056764        0.002423757061252
        0.366666666666667        0.766666666666667       -0.006308712324656       -0.003293517492058        0.003015194832598
        0.300000000000000        0.800000000000000       -0.004781213863726       -0.002496073791780        0.002285140071946
        0.333333333333333        0.833333333333333       -0.005656236731251       -0.002952887000536        0.002703349730716
        0.366666666666667        0.866666666666667       -0.005656236731251       -0.002952887000536        0.002703349730716
        0.300000000000000        0.900000000000000       -0.003380828745344       -0.001764990704509        0.001615838040834
        0.333333333333333        0.933333333333333       -0.002927883579313       -0.001528526787549        0.001399356791764
        0.366666666666667        0.966666666666667       -0.001690414372672       -0.000882495352255        0.000807919020417
        0.300000000000000        1.000000000000000       -0.000000000000000       -0.000000000000000        0.000000000000000
        0.333333333333333        1.033333333333333        0.001515584064338        0.000791223687134        0.000724360377204
        0.366666666666667        1.066666666666667        0.003265629799388        0.001704850104646        0.001560779694742
        0.400000000000000        0.000000000000000       -0.006761657490688       -0.003529981409019        0.003231676081669
        0.433333333333333        0.033333333333333       -0.006308712324656       -0.003293517492058        0.003015194832598
        0.466666666666667        0.066666666666667       -0.005071243118016       -0.002647486056764        0.002423757061252
        0.400000000000000        0.100000000000000       -0.004781213863726       -0.002496073791780        0.002285140071946
        0.433333333333333        0.133333333333333       -0.003265629799388       -0.001704850104646        0.001560779694742
        0.466666666666667        0.166666666666667       -0.001515584064338       -0.000791223687134        0.000724360377204
        0.400000000000000        0.200000000000000       -0.000000000000000       -0.000000000000000        0.000000000000000
        0.433333333333333        0.233333333333333        0.001690414372672        0.000882495352255        0.000807919020417
        0.466666666666667        0.266666666666667        0.002927883579313        0.001528526787549        0.001399356791764
        0.400000000000000        0.300000000000000        0.004781213863726        0.002496073791780        0.002285140071946
        0.433333333333333        0.333333333333333        0.005656236731251        0.002952887000536        0.002703349730716
        0.466666666666667        0.366666666666667        0.005656236731251        0.002952887000536        0.002703349730716
        0.400000000000000        0.400000000000000        0.006761657490688        0.003529981409019        0.003231676081669
        0.433333333333333        0.433333333333333        0.006308712324656        0.003293517492058        0.003015194832598
        0.466666666666667        0.466666666666667        0.005071243118016        0.002647486056764        0.002423757061252
        0.400000000000000        0.500000000000000        0.004781213863726        0.002496073791780        0.002285140071946
        0.433333333333333        0.533333333333333        0.003265629799388        0.001704850104646        0.001560779694742
        0.466666666666667        0.566666666666667        0.001515584064338        0.000791223687134        0.000724360377204
        0.400000000000000        0.600000000000000        0.000000000000000        0.000000000000000        0.000000000000000
        0.433333333333333        0.633333333333333       -0.001690414372672       -0.000882495352255        0.000807919020417
        0.466666666666667        0.666666666666667       -0.002927883579313       -0.001528526787549        0.001399356791764
        0.400000000000000        0.700000000000000       -0.004781213863726       -0.002496073791780        0.002285140071946
        0.433333333333333        0.733333333333333       -0.005656236731251       -0.002952887000536        0.002703349730716
        0.466666666666667        0.766666666666667       -0.005656236731251       -0.002952887000536        0.002703349730716
        0.400000000000000        0.800000000000000       -0.006761657490688       -0.003529981409019        0.003231676081669
        0.433333333333333        0.833333333333333       -0.006308712324656       -0.003293517492058        0.003015194832598
        0.466666666666667        0.866666666666667       -0.005071243118016       -0.002647486056764        0.002423757061252
        0.400000000000000        0.900000000000000       -0.004781213863726       -0.002496073791780        0.002285140071946
        0.433333333333333        0.933333333333333       -0.003265629799388       -0.001704850104646        0.001560779694742
        0.466666666666667        0.966666666666667       -0.001515584064338       -0.000791223687134        0.000724360377204
        0.400000000000000        1.000000000000000       -0.000000000000000       -0.000000000000000        0.000000000000000
        0.433333333333333        1.033333333333333        0.001690414372672        0.000882495352255        0.000807919020417
        0.466666666666667        1.066666666666667        0.002927883579313        0.001528526787549        0.001399356791764
        0.500000000000000        0.000000000000000       -0.004781213863726       -0.002496073791780        0.002285140071946
        0.533333333333333        0.033333333333333       -0.003265629799388       -0.001704850104646        0.001560779694742
        0.566666666666667        0.066666666666667       -0.001515584064338       -0.000791223687134        0.000724360377204
        0.500000000000000        0.100000000000000       -0.003380828745344       -0.001764990704509        0.001615838040834
        0.533333333333333        0.133333333333333       -0.001690414372672       -0.000882495352255        0.000807919020417
        0.566666666666667        0.166666666666667       -0.000452945166031       -0.000236463916961        0.000216481249071
        0.500000000000000        0.200000000000000       -0.000000000000000       -0.000000000000000        0.000000000000000
        0.533333333333333        0.233333333333333        0.000875022867525        0.000456813208756        0.000418209658769
        0.566666666666667        0.266666666666667        0.000875022867525        0.000456813208756        0.000418209658769
        0.500000000000000        0.300000000000000        0.003380828745344        0.001764990704509        0.001615838040834
        0.533333333333333        0.333333333333333        0.002927883579313        0.001528526787549        0.001399356791764
        0.566666666666667        0.366666666666667        0.001690414372672        0.000882495352255        0.000807919020417
        0.500000000000000        0.400000000000000        0.004781213863726        0.002496073791780        0.002285140071946
        0.533333333333333        0.433333333333333        0.003265629799388        0.001704850104646        0.001560779694742
        0.566666666666667        0.466666666666667        0.001515584064338        0.000791223687134        0.000724360377204
        0.500000000000000        0.500000000000000        0.003380828745344        0.001764990704509        0.001615838040834
        0.533333333333333        0.533333333333333        0.001690414372672        0.000882495352255        0.000807919020417
        0.566666666666667        0.566666666666667        0.000452945166031        0.000236463916961        0.000216481249071
        0.500000000000000        0.600000000000000        0.000000000000000        0.000000000000000        0.000000000000000
        0.533333333333333        0.633333333333333       -0.000875022867525       -0.000456813208756        0.000418209658769
        0.566666666666667        0.666666666666667       -0.000875022867525       -0.000456813208756        0.000418209658769
        0.500000000000000        0.700000000000000       -0.003380828745344       -0.001764990704509        0.001615838040834
        0.533333333333333        0.733333333333333       -0.002927883579313       -0.001528526787549        0.001399356791764
        0.566666666666667        0.766666666666667       -0.001690414372672       -0.000882495352255        0.000807919020417
        0.500000000000000        0.800000000000000       -0.004781213863726       -0.002496073791780        0.002285140071946
        0.533333333333333        0.833333333333333       -0.003265629799388       -0.001704850104646        0.001560779694742
        0.566666666666667        0.866666666666667       -0.001515584064338       -0.000791223687134        0.000724360377204
        0.500000000000000        0.900000000000000       -0.003380828745344       -0.001764990704509        0.001615838040834
        0.533333333333333        0.933333333333333       -0.001690414372672       -0.000882495352255        0.000807919020417
        0.566666666666667        0.966666666666667       -0.000452945166031       -0.000236463916961        0.000216481249071
        0.500000000000000        1.000000000000000       -0.000000000000000       -0.000000000000000        0.000000000000000
        0.533333333333333        1.033333333333333        0.000875022867525        0.000456813208756        0.000418209658769
        0.566666666666667        1.066666666666667        0.000875022867525        0.000456813208756        0.000418209658769
        0.600000000000000        0.000000000000000       -0.000000000000000       -0.000000000000000        0.000000000000000
        0.633333333333333        0.033333333333333        0.001690414372672        0.000882495352255        0.000807919020417
        0.666666666666667        0.066666666666667        0.002927883579313        0.001528526787549        0.001399356791764
        0.600000000000000        0.100000000000000       -0.000000000000000       -0.000000000000000        0.000000000000000
        0.633333333333333        0.133333333333333        0.000875022867525        0.000456813208756        0.000418209658769
        0.666666666666667        0.166666666666667        0.000875022867525        0.000456813208756        0.000418209658769
        0.600000000000000        0.200000000000000       -0.000000000000000        0.000000000000000        0.000000000000000
        0.633333333333333        0.233333333333333       -0.000452945166031       -0.000236463916961        0.000216481249071
        0.666666666666667        0.266666666666667       -0.001690414372672       -0.000882495352255        0.000807919020417
        0.600000000000000        0.300000000000000        0.000000000000000        0.000000000000000        0.000000000000000
        0.633333333333333        0.333333333333333       -0.001515584064338       -0.000791223687134        0.000724360377204
        0.666666666666667        0.366666666666667       -0.003265629799388       -0.001704850104646        0.001560779694742
        0.600000000000000        0.400000000000000        0.000000000000000        0.000000000000000        0.000000000000000
        0.633333333333333        0.433333333333333       -0.001690414372672       -0.000882495352255        0.000807919020417
        0.666666666666667        0.466666666666667       -0.002927883579313       -0.001528526787549        0.001399356791764
        0.600000000000000        0.500000000000000        0.000000000000000        0.000000000000000        0.000000000000000
        0.633333333333333        0.533333333333333       -0.000875022867525       -0.000456813208756        0.000418209658769
        0.666666666666667        0.566666666666667       -0.000875022867525       -0.000456813208756        0.000418209658769
        0.600000000000000        0.600000000000000        0.000000000000000       -0.000000000000000        0.000000000000000
        0.633333333333333        0.633333333333333        0.000452945166031        0.000236463916961        0.000216481249071
        0.666666666666667        0.666666666666667        0.001690414372672        0.000882495352255        0.000807919020417
        0.600000000000000        0.700000000000000       -0.000000000000000       -0.000000000000000        0.000000000000000
        0.633333333333333        0.733333333333333        0.001515584064338        0.000791223687134        0.000724360377204
        0.666666666666667        0.766666666666667        0.003265629799388        0.001704850104646        0.001560779694742
        0.600000000000000        0.800000000000000       -0.000000000000000       -0.000000000000000        0.000000000000000
        0.633333333333333        0.833333333333333        0.001690414372672        0.000882495352255        0.000807919020417
        0.666666666666667        0.866666666666667        0.002927883579313        0.001528526787549        0.001399356791764
        0.600000000000000        0.900000000000000       -0.000000000000000       -0.000000000000000        0.000000000000000
        0.633333333333333        0.933333333333333        0.000875022867525        0.000456813208756        0.000418209658769
        0.666666666666667        0.966666666666667        0.000875022867525        0.000456813208756        0.000418209658769
        0.600000000000000        1.000000000000000       -0.000000000000000       -0.000000000000000        0.000000000000000
        0.633333333333333        1.033333333333333       -0.000452945166031       -0.000236463916961        0.000216481249071
        0.666666666666667        1.066666666666667       -0.001690414372672       -0.000882495352255        0.000807919020417
        0.700000000000000        0.000000000000000        0.004781213863726        0.002496073791780        0.002285140071946
        0.733333333333333        0.033333333333333        0.005656236731251        0.002952887000536        0.002703349730716
        0.766666666666667        0.066666666666667        0.005656236731251        0.002952887000536        0.002703349730716
        0.700000000000000        0.100000000000000        0.003380828745344        0.001764990704509        0.001615838040834
        0.733333333333333        0.133333333333333        0.002927883579313        0.001528526787549        0.001399356791764
        0.766666666666667        0.166666666666667        0.001690414372672        0.000882495352255        0.000807919020417
        0.700000000000000        0.200000000000000        0.000000000000000        0.000000000000000        0.000000000000000
        0.733333333333333        0.233333333333333       -0.001515584064338       -0.000791223687134        0.000724360377204
        0.766666666666667        0.266666666666667       -0.003265629799388       -0.001704850104646        0.001560779694742
        0.700000000000000        0.300000000000000       -0.003380828745344       -0.001764990704509        0.001615838040834
        0.733333333333333        0.333333333333333       -0.005071243118016       -0.002647486056764        0.002423757061252
        0.766666666666667        0.366666666666667       -0.006308712324656       -0.003293517492058        0.003015194832598
        0.700000000000000        0.400000000000000       -0.004781213863726       -0.002496073791780        0.002285140071946
        0.733333333333333        0.433333333333333       -0.005656236731251       -0.002952887000536        0.002703349730716
        0.766666666666667        0.466666666666667       -0.005656236731251       -0.002952887000536        0.002703349730716
        0.700000000000000        0.500000000000000       -0.003380828745344       -0.001764990704509        0.001615838040834
        0.733333333333333        0.533333333333333       -0.002927883579313       -0.001528526787549        0.001399356791764
        0.766666666666667        0.566666666666667       -0.001690414372672       -0.000882495352255        0.000807919020417
        0.700000000000000        0.600000000000000       -0.000000000000000       -0.000000000000000        0.000000000000000
        0.733333333333333        0.633333333333333        0.001515584064338        0.000791223687134        0.000724360377204
        0.766666666666667        0.666666666666667        0.003265629799388        0.001704850104646        0.001560779694742
        0.700000000000000        0.700000000000000        0.003380828745344        0.001764990704509        0.001615838040834
        0.733333333333333        0.733333333333333        0.005071243118016        0.002647486056764        0.002423757061252
        0.766666666666667        0.766666666666667        0.006308712324656        0.003293517492058        0.003015194832598
        0.700000000000000        0.800000000000000        0.004781213863726        0.002496073791780        0.002285140071946
        0.733333333333333        0.833333333333333        0.005656236731251        0.002952887000536        0.002703349730716
        0.766666666666667        0.866666666666667        0.005656236731251        0.002952887000536        0.002703349730716
        0.700000000000000        0.900000000000000        0.003380828745344        0.001764990704509        0.001615838040834
        0.733333333333333        0.933333333333333        0.002927883579313        0.001528526787549        0.001399356791764
        0.766666666666667        0.966666666666667        0.001690414372672        0.000882495352255        0.000807919020417
        0.700000000000000        1.000000000000000        0.000000000000000        0.000000000000000        0.000000000000000
        0.733333333333333        1.033333333333333       -0.001515584064338       -0.000791223687134        0.000724360377204
        0.766666666666667        1.066666666666667       -0.003265629799388       -0.001704850104646        0.001560779694742
        0.800000000000000        0.000000000000000        0.006761657490688        0.003529981409019        0.003231676081669
        0.833333333333333        0.033333333333333        0.006308712324656        0.003293517492058        0.003015194832598
        0.866666666666667        0.066666666666667        0.005071243118016        0.002647486056764        0.002423757061252
        0.800000000000000        0.100000000000000        0.004781213863726        0.002496073791780        0.002285140071946
        0.833333333333333        0.133333333333333        0.003265629799388        0.001704850104646        0.001560779694742
        0.866666666666667        0.166666666666667        0.001515584064338        0.000791223687134        0.000724360377204
        0.800000000000000        0.200000000000000        0.000000000000000        0.000000000000000        0.000000000000000
        0.833333333333333        0.233333333333333       -0.001690414372672       -0.000882495352255        0.000807919020417
        0.866666666666667        0.266666666666667       -0.002927883579313       -0.001528526787549        0.001399356791764
        0.800000000000000        0.300000000000000       -0.004781213863726       -0.002496073791780        0.002285140071946
        0.833333333333333        0.333333333333333       -0.005656236731251       -0.002952887000536        0.002703349730716
        0.866666666666667        0.366666666666667       -0.005656236731251       -0.002952887000536        0.002703349730716
        0.800000000000000        0.400000000000000       -0.006761657490688       -0.003529981409019        0.003231676081669
        0.833333333333333        0.433333333333333       -0.006308712324656       -0.003293517492058        0.003015194832598
        0.866666666666667        0.466666666666667       -0.005071243118016       -0.002647486056764        0.002423757061252
        0.800000000000000        0.500000000000000       -0.004781213863726       -0.002496073791780        0.002285140071946
        0.833333333333333        0.533333333333333       -0.003265629799388       -0.001704850104646        0.001560779694742
        0.866666666666667        0.566666666666667       -0.001515584064338       -0.000791223687134        0.000724360377204
        0.800000000000000        0.600000000000000       -0.000000000000000       -0.000000000000000        0.000000000000000
        0.833333333333333        0.633333333333333        0.001690414372672        0.000882495352255        0.000807919020417
        0.866666666666667        0.666666666666667        0.002927883579313        0.001528526787549        0.001399356791764
        0.800000000000000        0.700000000000000        0.004781213863726        0.002496073791780        0.002285140071946
        0.833333333333333        0.733333333333333        0.005656236731251        0.002952887000536        0.002703349730716
        0.866666666666667        0.766666666666667        0.005656236731251        0.002952887000536        0.002703349730716
        0.800000000000000        0.800000000000000        0.006761657490688        0.003529981409019        0.003231676081669
        0.833333333333333        0.833333333333333        0.006308712324656        0.003293517492058        0.003015194832598
        0.866666666666667        0.866666666666667        0.005071243118016        0.002647486056764        0.002423757061252
        0.800000000000000        0.900000000000000        0.004781213863726        0.002496073791780        0.002285140071946
        0.833333333333333        0.933333333333333        0.003265629799388        0.001704850104646        0.001560779694742
        0.866666666666667        0.966666666666667        0.001515584064338        0.000791223687134        0.000724360377204
        0.800000000000000        1.000000000000000        0.000000000000000        0.000000000000000        0.000000000000000
        0.833333333333333        1.033333333333333       -0.001690414372672       -0.000882495352255        0.000807919020417
        0.866666666666667        1.066666666666667       -0.002927883579313       -0.001528526787549        0.001399356791764
        0.900000000000000        0.000000000000000        0.004781213863726        0.002496073791780        0.002285140071946
        0.933333333333333        0.033333333333333        0.003265629799388        0.001704850104646        0.001560779694742
        0.966666666666667        0.066666666666667        0.001515584064338        0.000791223687134        0.000724360377204
        0.900000000000000        0.100000000000000        0.003380828745344        0.001764990704509        0.001615838040834
        0.933333333333333        0.133333333333333        0.001690414372672        0.000882495352255        0.000807919020417
        0.966666666666667        0.166666666666667        0.000452945166031        0.000236463916961        0.000216481249071
        0.900000000000000        0.200000000000000        0.000000000000000        0.000000000000000        0.000000000000000
        0.933333333333333        0.233333333333333       -0.000875022867525       -0.000456813208756        0.000418209658769
        0.966666666666667        0.266666666666667       -0.000875022867525       -0.000456813208756        0.000418209658769
        0.900000000000000        0.300000000000000       -0.003380828745344       -0.001764990704509        0.001615838040834
        0.933333333333333        0.333333333333333       -0.002927883579313       -0.001528526787549        0.001399356791764
        0.966666666666667        0.366666666666667       -0.001690414372672       -0.000882495352255        0.000807919020417
        0.900000000000000        0.400000000000000       -0.004781213863726       -0.002496073791780        0.002285140071946
        0.933333333333333        0.433333333333333       -0.003265629799388       -0.001704850104646        0.001560779694742
        0.966666666666667        0.466666666666667       -0.001515584064338       -0.000791223687134        0.000724360377204
        0.900000000000000        0.500000000000000       -0.003380828745344       -0.001764990704509        0.001615838040834
        0.933333333333333        0.533333333333333       -0.001690414372672       -0.000882495352255        0.000807919020417
        0.966666666666667        0.566666666666667       -0.000452945166031       -0.000236463916961        0.000216481249071
        0.900000000000000        0.600000000000000       -0.000000000000000       -0.000000000000000        0.000000000000000
        0.933333333333333        0.633333333333333        0.000875022867525        0.000456813208756        0.000418209658769
        0.966666666666667        0.666666666666667        0.000875022867525        0.000456813208756        0.000418209658769
        0.900000000000000        0.700000000000000        0.003380828745344        0.001764990704509        0.001615838040834
        0.933333333333333        0.733333333333333        0.002927883579313        0.001528526787549        0.001399356791764
        0.966666666666667        0.766666666666667        0.001690414372672        0.000882495352255        0.000807919020417
        0.900000000000000        0.800000000000000        0.004781213863726        0.002496073791780        0.002285140071946
        0.933333333333333        0.833333333333333        0.003265629799388        0.001704850104646        0.001560779694742
        0.966666666666667        0.866666666666667        0.001515584064338        0.000791223687134        0.000724360377204
        0.900000000000000        0.900000000000000        0.003380828745344        0.001764990704509        0.001615838040834
        0.933333333333333        0.933333333333333        0.001690414372672        0.000882495352255        0.000807919020417
        0.966666666666667        0.966666666666667        0.000452945166031        0.000236463916961        0.000216481249071
        0.900000000000000        1.000000000000000        0.000000000000000        0.000000000000000        0.000000000000000
        0.933333333333333        1.033333333333333       -0.000875022867525       -0.000456813208756        0.000418209658769
        0.966666666666667        1.066666666666667       -0.000875022867525       -0.000456813208756        0.000418209658769
        1.000000000000000        0.000000000000000        0.000000000000000        0.000000000000000        0.000000000000000
        1.033333333333333        0.033333333333333       -0.001690414372672       -0.000882495352255        0.000807919020417
        1.066666666666667        0.066666666666667       -0.002927883579313       -0.001528526787549        0.001399356791764
        1.000000000000000        0.100000000000000        0.000000000000000        0.000000000000000        0.000000000000000
        1.033333333333333        0.133333333333333       -0.000875022867525       -0.000456813208756        0.000418209658769
        1.066666666666667        0.166666666666667       -0.000875022867525       -0.000456813208756        0.000418209658769
        1.000000000000000        0.200000000000000        0.000000000000000        0.000000000000000        0.000000000000000
        1.033333333333333        0.233333333333333        0.000452945166031        0.000236463916961        0.000216481249071
        1.066666666666667        0.266666666666667        0.001690414372672        0.000882495352255        0.000807919020417
        1.000000000000000        0.300000000000000       -0.000000000000000       -0.000000000000000        0.000000000000000
        1.033333333333333        0.333333333333333        0.001515584064338        0.000791223687134        0.000724360377204
        1.066666666666667        0.366666666666667        0.003265629799388        0.001704850104646        0.001560779694742
        1.000000000000000        0.400000000000000       -0.000000000000000       -0.000000000000000        0.000000000000000
        1.033333333333333        0.433333333333333        0.001690414372672        0.000882495352255        0.000807919020417
        1.066666666666667        0.466666666666667        0.002927883579313        0.001528526787549        0.001399356791764
        1.000000000000000        0.500000000000000       -0.000000000000000       -0.000000000000000        0.000000000000000
        1.033333333333333        0.533333333333333        0.000875022867525        0.000456813208756        0.000418209658769
        1.066666666666667        0.566666666666667        0.000875022867525        0.000456813208756        0.000418209658769
        1.000000000000000        0.600000000000000       -0.000000000000000       -0.000000000000000        0.000000000000000
        1.033333333333333        0.633333333333333       -0.000452945166031       -0.000236463916961        0.000216481249071
        1.066666666666667        0.666666666666667       -0.001690414372672       -0.000882495352255        0.000807919020417
        1.000000000000000        0.700000000000000        0.000000000000000        0.000000000000000        0.000000000000000
        1.033333333333333        0.733333333333333       -0.001515584064338       -0.000791223687134        0.000724360377204
        1.066666666666667        0.766666666666667       -0.003265629799388       -0.001704850104646        0.001560779694742
        1.000000000000000        0.800000000000000        0.000000000000000        0.000000000000000        0.000000000000000
        1.033333333333333        0.833333333333333       -0.001690414372672       -0.000882495352255        0.000807919020417
        1.066666666666667        0.866666666666667       -0.002927883579313       -0.001528526787549        0.001399356791764
        1.000000000000000        0.900000000000000        0.000000000000000        0.000000000000000        0.000000000000000
        1.033333333333333        0.933333333333333       -0.000875022867525       -0.000456813208756        0.000418209658769
        1.066666666666667        0.966666666666667       -0.000875022867525       -0.000456813208756        0.000418209658769
        1.000000000000000        1.000000000000000        0.000000000000000        0.000000000000000        0.000000000000000
        1.033333333333333        1.033333333333333        0.000452945166031        0.000236463916961        0.000216481249071
        1.066666666666667        1.066666666666667        0.001690414372672        0.000882495352255        0.000807919020417
