        0.000000000000000        0.000000000000000        0.006357168179645        0.003318814287630        0.003038353892015
        0.033333333333333        0.033333333333333        0.005931318659673        0.003096495885580        0.002834822774094
        0.066666666666667        0.066666666666667        0.004767876134733        0.002489110715722        0.002278765419011
        0.000000000000000        0.100000000000000        0.004495196728970        0.002346756088282        0.002148440640688
        0.033333333333333        0.133333333333333        0.003070276463391        0.001602864216539        0.001467412246852
        0.066666666666667        0.166666666666667        0.001424920265579        0.000743891871742        0.000681028393837
        0.000000000000000        0.200000000000000        0.000000000000000        0.000000000000000        0.000000000000000
        0.033333333333333        0.233333333333333       -0.001589292044911       -0.000829703571907        0.000759588473004
        0.066666666666667        0.266666666666667       -0.002752734569851       -0.001437088741765        0.001315645828086
        0.000000000000000        0.300000000000000       -0.004495196728970       -0.002346756088282        0.002148440640688
        0.033333333333333        0.333333333333333       -0.005317874827876       -0.002776242260680        0.002541632567196
        0.066666666666667        0.366666666666667       -0.005317874827876       -0.002776242260680        0.002541632567196
        0.000000000000000        0.400000000000000       -0.006357168179645       -0.003318814287630        0.003038353892015
        0.033333333333333        0.433333333333333       -0.005931318659673       -0.003096495885580        0.002834822774094
        0.066666666666667        0.466666666666667       -0.004767876134733       -0.002489110715722        0.002278765419011
        0.000000000000000        0.500000000000000       -0.004495196728970       -0.002346756088282        0.002148440640688
        0.033333333333333        0.533333333333333       -0.003070276463391       -0.001602864216539        0.001467412246852
        0.066666666666667        0.566666666666667       -0.001424920265579       -0.000743891871742        0.000681028393837
        0.000000000000000        0.600000000000000       -0.000000000000000       -0.000000000000000        0.000000000000000
        0.033333333333333        0.633333333333333        0.001589292044911        0.000829703571907        0.000759588473004
        0.066666666666667        0.666666666666667        0.002752734569851        0.001437088741765        0.001315645828086
        0.000000000000000        0.700000000000000        0.004495196728970        0.002346756088282        0.002148440640688
        0.033333333333333        0.733333333333333        0.005317874827876        0.002776242260680        0.002541632567196
        0.066666666666667        0.766666666666667        0.005317874827876        0.002776242260680        0.002541632567196
        0.000000000000000        0.800000000000000        0.006357168179645        0.003318814287630        0.003038353892015
        0.033333333333333        0.833333333333333        0.005931318659673        0.003096495885580        0.002834822774094
        0.066666666666667        0.866666666666667        0.004767876134733        0.002489110715722        0.002278765419011
        0.000000000000000        0.900000000000000        0.004495196728970        0.002346756088282        0.002148440640688
        0.033333333333333        0.933333333333333        0.003070276463391        0.001602864216539        0.001467412246852
        0.066666666666667        0.966666666666667        0.001424920265579        0.000743891871742        0.000681028393837
        0.000000000000000        1.000000000000000        0.000000000000000        0.000000000000000        0.000000000000000
        0.033333333333333        1.033333333333333       -0.001589292044911       -0.000829703571907        0.000759588473004
        0.066666666666667        1.066666666666667       -0.002752734569851       -0.001437088741765        0.001315645828086
        0.100000000000000        0.000000000000000        0.004495196728970        0.002346756088282        0.002148440640688
        0.133333333333333        0.033333333333333        0.003070276463391        0.001602864216539        0.001467412246852
        0.166666666666667        0.066666666666667        0.001424920265579        0.000743891871742        0.000681028393837
        0.100000000000000        0.100000000000000        0.003178584089822        0.001659407143815        0.001519176946008
        0.133333333333333        0.133333333333333        0.001589292044911        0.000829703571907        0.000759588473004
        0.166666666666667        0.166666666666667        0.000425849519971        0.000222318402050        0.000203531117921
        0.100000000000000        0.200000000000000        0.000000000000000        0.000000000000000        0.000000000000000
        0.133333333333333        0.233333333333333       -0.000822678098906       -0.000429486172398        0.000393191926507
        0.166666666666667        0.266666666666667       -0.000822678098906       -0.000429486172398        0.000393191926507
        0.100000000000000        0.300000000000000       -0.003178584089822       -0.001659407143815        0.001519176946008
        0.133333333333333        0.333333333333333       -0.002752734569851       -0.001437088741765        0.001315645828086
        0.166666666666667        0.366666666666667       -0.001589292044911       -0.000829703571907        0.000759588473004
        0.100000000000000        0.400000000000000       -0.004495196728970       -0.002346756088282        0.002148440640688
        0.133333333333333        0.433333333333333       -0.003070276463391       -0.001602864216539        0.001467412246852
        0.166666666666667        0.466666666666667       -0.001424920265579       -0.000743891871742        0.000681028393837
        0.100000000000000        0.500000000000000       -0.003178584089822       -0.001659407143815        0.001519176946008
        0.133333333333333        0.533333333333333       -0.001589292044911       -0.000829703571907        0.000759588473004
        0.166666666666667        0.566666666666667       -0.000425849519971       -0.000222318402050        0.000203531117921
        0.100000000000000        0.600000000000000       -0.000000000000000       -0.000000000000000        0.000000000000000
        0.133333333333333        0.633333333333333        0.000822678098906        0.000429486172398        0.000393191926507
        0.166666666666667        0.666666666666667        0.000822678098906        0.000429486172398        0.000393191926507
        0.100000000000000        0.700000000000000        0.003178584089822        0.001659407143815        0.001519176946008
        0.133333333333333        0.733333333333333        0.002752734569851        0.001437088741765        0.001315645828086
        0.166666666666667        0.766666666666667        0.001589292044911        0.000829703571907        0.000759588473004
        0.100000000000000        0.800000000000000        0.004495196728970        0.002346756088282        0.002148440640688
        0.133333333333333        0.833333333333333        0.003070276463391        0.001602864216539        0.001467412246852
        0.166666666666667        0.866666666666667        0.001424920265579        0.000743891871742        0.000681028393837
        0.100000000000000        0.900000000000000        0.003178584089822        0.001659407143815        0.001519176946008
        0.133333333333333        0.933333333333333        0.001589292044911        0.000829703571907        0.000759588473004
        0.166666666666667        0.966666666666667        0.000425849519971        0.000222318402050        0.000203531117921
        0.100000000000000        1.000000000000000        0.000000000000000        0.000000000000000        0.000000000000000
        0.133333333333333        1.033333333333333       -0.000822678098906       -0.000429486172398        0.000393191926507
        0.166666666666667        1.066666666666667       -0.000822678098906       -0.000429486172398        0.000393191926507
        0.200000000000000        0.000000000000000        0.000000000000000        0.000000000000000        0.000000000000000
        0.233333333333333        0.033333333333333       -0.001589292044911       -0.000829703571907        0.000759588473004
        0.266666666666667        0.066666666666667       -0.002752734569851       -0.001437088741765        0.001315645828086
        0.200000000000000        0.100000000000000        0.000000000000000        0.000000000000000        0.000000000000000
        0.233333333333333        0.133333333333333       -0.000822678098906       -0.000429486172398        0.000393191926507
        0.266666666666667        0.166666666666667       -0.000822678098906       -0.000429486172398        0.000393191926507
        0.200000000000000        0.200000000000000        0.000000000000000        0.000000000000000        0.000000000000000
        0.233333333333333        0.233333333333333        0.000425849519971        0.000222318402050        0.000203531117921
        0.266666666666667        0.266666666666667        0.001589292044911        0.000829703571907        0.000759588473004
        0.200000000000000        0.300000000000000       -0.000000000000000       -0.000000000000000        0.000000000000000
        0.233333333333333        0.333333333333333        0.001424920265579        0.000743891871742        0.000681028393837
        0.266666666666667        0.366666666666667        0.003070276463391        0.001602864216539        0.001467412246852
        0.200000000000000        0.400000000000000       -0.000000000000000       -0.000000000000000        0.000000000000000
        0.233333333333333        0.433333333333333        0.001589292044911        0.000829703571907        0.000759588473004
        0.266666666666667        0.466666666666667        0.002752734569851        0.001437088741765        0.001315645828086
        0.200000000000000        0.500000000000000       -0.000000000000000       -0.000000000000000        0.000000000000000
        0.233333333333333        0.533333333333333        0.000822678098906        0.000429486172398        0.000393191926507
        0.266666666666667        0.566666666666667        0.000822678098906        0.000429486172398        0.000393191926507
        0.200000000000000        0.600000000000000       -0.000000000000000        0.000000000000000        0.000000000000000
        0.233333333333333        0.633333333333333       -0.000425849519971       -0.000222318402050        0.000203531117921
        0.266666666666667        0.666666666666667       -0.001589292044911       -0.000829703571907        0.000759588473004
        0.200000000000000        0.700000000000000        0.000000000000000        0.000000000000000        0.000000000000000
        0.233333333333333        0.733333333333333       -0.001424920265579       -0.000743891871742        0.000681028393837
        0.266666666666667        0.766666666666667       -0.003070276463391       -0.001602864216539        0.001467412246852
        0.200000000000000        0.800000000000000        0.000000000000000        0.000000000000000        0.000000000000000
        0.233333333333333        0.833333333333333       -0.001589292044911       -0.000829703571907        0.000759588473004
        0.266666666666667        0.866666666666667       -0.002752734569851       -0.001437088741765        0.001315645828086
        0.200000000000000        0.900000000000000        0.000000000000000        0.000000000000000        0.000000000000000
        0.233333333333333        0.933333333333333       -0.000822678098906       -0.000429486172398        0.000393191926507
        0.266666666666667        0.966666666666667       -0.000822678098906       -0.000429486172398        0.000393191926507
        0.200000000000000        1.000000000000000        0.000000000000000        0.000000000000000        0.000000000000000
        0.233333333333333        1.033333333333333        0.000425849519971        0.000222318402050        0.000203531117921
        0.266666666666667        1.066666666666667        0.001589292044911        0.000829703571907        0.000759588473004
        0.300000000000000        0.000000000000000       -0.004495196728970       -0.002346756088282        0.002148440640688
        0.333333333333333        0.033333333333333       -0.005317874827876       -0.002776242260680        0.002541632567196
        0.366666666666667        0.066666666666667       -0.005317874827876       -0.002776242260680        0.002541632567196
        0.300000000000000        0.100000000000000       -0.003178584089822       -0.001659407143815        0.001519176946008
        0.333333333333333        0.133333333333333       -0.002752734569851       -0.001437088741765        0.001315645828086
        0.366666666666667        0.166666666666667       -0.001589292044911       -0.000829703571907        0.000759588473004
        0.300000000000000        0.200000000000000       -0.000000000000000       -0.000000000000000        0.000000000000000
        0.333333333333333        0.233333333333333        0.001424920265579        0.000743891871742        0.000681028393837
        0.366666666666667        0.266666666666667        0.003070276463391        0.001602864216539        0.001467412246852
        0.300000000000000        0.300000000000000        0.003178584089822        0.001659407143815        0.001519176946008
        0.333333333333333        0.333333333333333        0.004767876134733        0.002489110715722        0.002278765419011
        0.366666666666667        0.366666666666667        0.005931318659673        0.003096495885580        0.002834822774094
        0.300000000000000        0.400000000000000        0.004495196728970        0.002346756088282        0.002148440640688
        0.333333333333333        0.433333333333333        0.005317874827876        0.002776242260680        0.002541632567196
        0.366666666666667        0.466666666666667        0.005317874827876        0.002776242260680        0.002541632567196
        0.300000000000000        0.500000000000000        0.003178584089822        0.001659407143815        0.001519176946008
        0.333333333333333        0.533333333333333        0.002752734569851        0.001437088741765        0.001315645828086
        0.366666666666667        0.566666666666667        0.001589292044911        0.000829703571907        0.000759588473004
        0.300000000000000        0.600000000000000        0.000000000000000        0.000000000000000        0.000000000000000
        0.333333333333333        0.633333333333333       -0.001424920265579       -0.000743891871742        0.000681028393837
        0.366666666666667        0.666666666666667       -0.003070276463391       -0.001602864216539        0.001467412246852
        0.300000000000000        0.700000000000000       -0.003178584089822       -0.001659407143815        0.001519176946008
        0.333333333333333        0.733333333333333       -0.004767876134733       -0.002489110715722        0.002278765419011
        0.366666666666667        0.766666666666667       -0.005931318659673       -0.003096495885580        0.002834822774094
        0.300000000000000        0.800000000000000       -0.004495196728970       -0.002346756088282        0.002148440640688
        0.333333333333333        0.833333333333333       -0.005317874827876       -0.002776242260680        0.002541632567196
        0.366666666666667        0.866666666666667       -0.005317874827876       -0.002776242260680        0.002541632567196
        0.300000000000000        0.900000000000000       -0.003178584089822       -0.001659407143815        0.001519176946008
        0.333333333333333        0.933333333333333       -0.002752734569851       -0.001437088741765        0.001315645828086
        0.366666666666667        0.966666666666667       -0.001589292044911       -0.000829703571907        0.000759588473004
        0.300000000000000        1.000000000000000       -0.000000000000000       -0.000000000000000        0.000000000000000
        0.333333333333333        1.033333333333333        0.001424920265579        0.000743891871742        0.000681028393837
        0.366666666666667        1.066666666666667        0.003070276463391        0.001602864216539        0.001467412246852
        0.400000000000000        0.000000000000000       -0.006357168179645       -0.003318814287630        0.003038353892015
        0.433333333333333        0.033333333333333       -0.005931318659673       -0.003096495885580        0.002834822774094
        0.466666666666667        0.066666666666667       -0.004767876134733       -0.002489110715722        0.002278765419011
        0.400000000000000        0.100000000000000       -0.004495196728970       -0.002346756088282        0.002148440640688
        0.433333333333333        0.133333333333333       -0.003070276463391       -0.001602864216539        0.001467412246852
        0.466666666666667        0.166666666666667       -0.001424920265579       -0.000743891871742        0.000681028393837
        0.400000000000000        0.200000000000000       -0.000000000000000       -0.000000000000000        0.000000000000000
        0.433333333333333        0.233333333333333        0.001589292044911        0.000829703571907        0.000759588473004
        0.466666666666667        0.266666666666667        0.002752734569851        0.001437088741765        0.001315645828086
        0.400000000000000        0.300000000000000        0.004495196728970        0.002346756088282        0.002148440640688
        0.433333333333333        0.333333333333333        0.005317874827876        0.002776242260680        0.002541632567196
        0.466666666666667        0.366666666666667        0.005317874827876        0.002776242260680        0.002541632567196
        0.400000000000000        0.400000000000000        0.006357168179645        0.003318814287630        0.003038353892015
        0.433333333333333        0.433333333333333        0.005931318659673        0.003096495885580        0.002834822774094
        0.466666666666667        0.466666666666667        0.004767876134733        0.002489110715722        0.002278765419011
        0.400000000000000        0.500000000000000        0.004495196728970        0.002346756088282        0.002148440640688
        0.433333333333333        0.533333333333333        0.003070276463391        0.001602864216539        0.001467412246852
        0.466666666666667        0.566666666666667        0.001424920265579        0.000743891871742        0.000681028393837
        0.400000000000000        0.600000000000000        0.000000000000000        0.000000000000000        0.000000000000000
        0.433333333333333        0.633333333333333       -0.001589292044911       -0.000829703571907        0.000759588473004
        0.466666666666667        0.666666666666667       -0.002752734569851       -0.001437088741765        0.001315645828086
        0.400000000000000        0.700000000000000       -0.004495196728970       -0.002346756088282        0.002148440640688
        0.433333333333333        0.733333333333333       -0.005317874827876       -0.002776242260680        0.002541632567196
        0.466666666666667        0.766666666666667       -0.005317874827876       -0.002776242260680        0.002541632567196
        0.400000000000000        0.800000000000000       -0.006357168179645       -0.003318814287630        0.003038353892015
        0.433333333333333        0.833333333333333       -0.005931318659673       -0.003096495885580        0.002834822774094
        0.466666666666667        0.866666666666667       -0.004767876134733       -0.002489110715722        0.002278765419011
        0.400000000000000        0.900000000000000       -0.004495196728970       -0.002346756088282        0.002148440640688
        0.433333333333333        0.933333333333333       -0.003070276463391       -0.001602864216539        0.001467412246852
        0.466666666666667        0.966666666666667       -0.001424920265579       -0.000743891871742        0.000681028393837
        0.400000000000000        1.000000000000000       -0.000000000000000       -0.000000000000000        0.000000000000000
        0.433333333333333        1.033333333333333        0.001589292044911        0.000829703571907        0.000759588473004
        0.466666666666667        1.066666666666667        0.002752734569851        0.001437088741765        0.001315645828086
        0.500000000000000        0.000000000000000       -0.004495196728970       -0.002346756088282        0.002148440640688
        0.533333333333333        0.033333333333333       -0.003070276463391       -0.001602864216539        0.001467412246852
        0.566666666666667        0.066666666666667       -0.001424920265579       -0.000743891871742        0.000681028393837
        0.500000000000000        0.100000000000000       -0.003178584089822       -0.001659407143815        0.001519176946008
        0.533333333333333        0.133333333333333       -0.001589292044911       -0.000829703571907        0.000759588473004
        0.566666666666667        0.166666666666667       -0.000425849519971       -0.000222318402050        0.000203531117921
        0.500000000000000        0.200000000000000       -0.000000000000000       -0.000000000000000        0.000000000000000
        0.533333333333333        0.233333333333333        0.000822678098906        0.000429486172398        0.000393191926507
        0.566666666666667        0.266666666666667        0.000822678098906        0.000429486172398        0.000393191926507
        0.500000000000000        0.300000000000000        0.003178584089822        0.001659407143815        0.001519176946008
        0.533333333333333        0.333333333333333        0.002752734569851        0.001437088741765        0.001315645828086
        0.566666666666667        0.366666666666667        0.001589292044911        0.000829703571907        0.000759588473004
        0.500000000000000        0.400000000000000        0.004495196728970        0.002346756088282        0.002148440640688
        0.533333333333333        0.433333333333333        0.003070276463391        0.001602864216539        0.001467412246852
        0.566666666666667        0.466666666666667        0.001424920265579        0.000743891871742        0.000681028393837
        0.500000000000000        0.500000000000000        0.003178584089822        0.001659407143815        0.001519176946008
        0.533333333333333        0.533333333333333        0.001589292044911        0.000829703571907        0.000759588473004
        0.566666666666667        0.566666666666667        0.000425849519971        0.000222318402050        0.000203531117921
        0.500000000000000        0.600000000000000        0.000000000000000        0.000000000000000        0.000000000000000
        0.533333333333333        0.633333333333333       -0.000822678098906       -0.000429486172398        0.000393191926507
        0.566666666666667        0.666666666666667       -0.000822678098906       -0.000429486172398        0.000393191926507
        0.500000000000000        0.700000000000000       -0.003178584089822       -0.001659407143815        0.001519176946008
        0.533333333333333        0.733333333333333       -0.002752734569851       -0.001437088741765        0.001315645828086
        0.566666666666667        0.766666666666667       -0.001589292044911       -0.000829703571907        0.000759588473004
        0.500000000000000        0.800000000000000       -0.004495196728970       -0.002346756088282        0.002148440640688
        0.533333333333333        0.833333333333333       -0.003070276463391       -0.001602864216539        0.001467412246852
        0.566666666666667        0.866666666666667       -0.001424920265579       -0.000743891871742        0.000681028393837
        0.500000000000000        0.900000000000000       -0.003178584089822       -0.001659407143815        0.001519176946008
        0.533333333333333        0.933333333333333       -0.001589292044911       -0.000829703571907        0.000759588473004
        0.566666666666667        0.966666666666667       -0.000425849519971       -0.000222318402050        0.000203531117921
        0.500000000000000        1.000000000000000       -0.000000000000000       -0.000000000000000        0.000000000000000
        0.533333333333333        1.033333333333333        0.000822678098906        0.000429486172398        0.000393191926507
        0.566666666666667        1.066666666666667        0.000822678098906        0.000429486172398        0.000393191926507
        0.600000000000000        0.000000000000000       -0.000000000000000       -0.000000000000000        0.000000000000000
        0.633333333333333        0.033333333333333        0.001589292044911        0.000829703571907        0.000759588473004
        0.666666666666667        0.066666666666667        0.002752734569851        0.001437088741765        0.001315645828086
        0.600000000000000        0.100000000000000       -0.000000000000000       -0.000000000000000        0.000000000000000
        0.633333333333333        0.133333333333333        0.000822678098906        0.000429486172398        0.000393191926507
        0.666666666666667        0.166666666666667        0.000822678098906        0.000429486172398        0.000393191926507
        0.600000000000000        0.200000000000000       -0.000000000000000        0.000000000000000        0.000000000000000
        0.633333333333333        0.233333333333333       -0.000425849519971       -0.000222318402050        0.000203531117921
        0.666666666666667        0.266666666666667       -0.001589292044911       -0.000829703571907        0.000759588473004
        0.600000000000000        0.300000000000000        0.000000000000000        0.000000000000000        0.000000000000000
        0.633333333333333        0.333333333333333       -0.001424920265579       -0.000743891871742        0.000681028393837
        0.666666666666667        0.366666666666667       -0.003070276463391       -0.001602864216539        0.001467412246852
        0.600000000000000        0.400000000000000        0.000000000000000        0.000000000000000        0.000000000000000
        0.633333333333333        0.433333333333333       -0.001589292044911       -0.000829703571907        0.000759588473004
        0.666666666666667        0.466666666666667       -0.002752734569851       -0.001437088741765        0.001315645828086
        0.600000000000000        0.500000000000000        0.000000000000000        0.000000000000000        0.000000000000000
        0.633333333333333        0.533333333333333       -0.000822678098906       -0.000429486172398        0.000393191926507
        0.666666666666667        0.566666666666667       -0.000822678098906       -0.000429486172398        0.000393191926507
        0.600000000000000        0.600000000000000        0.000000000000000        0.000000000000000        0.000000000000000
        0.633333333333333        0.633333333333333        0.000425849519971        0.000222318402050        0.000203531117921
        0.666666666666667        0.666666666666667        0.001589292044911        0.000829703571907        0.000759588473004
        0.600000000000000        0.700000000000000       -0.000000000000000       -0.000000000000000        0.000000000000000
        0.633333333333333        0.733333333333333        0.001424920265579        0.000743891871742        0.000681028393837
        0.666666666666667        0.766666666666667        0.003070276463391        0.001602864216539        0.001467412246852
        0.600000000000000        0.800000000000000       -0.000000000000000       -0.000000000000000        0.000000000000000
        0.633333333333333        0.833333333333333        0.001589292044911        0.000829703571907        0.000759588473004
        0.666666666666667        0.866666666666667        0.002752734569851        0.001437088741765        0.001315645828086
        0.600000000000000        0.900000000000000       -0.000000000000000       -0.000000000000000        0.000000000000000
        0.633333333333333        0.933333333333333        0.000822678098906        0.000429486172398        0.000393191926507
        0.666666666666667        0.966666666666667        0.000822678098906        0.000429486172398        0.000393191926507
        0.600000000000000        1.000000000000000       -0.000000000000000       -0.000000000000000        0.000000000000000
        0.633333333333333        1.033333333333333       -0.000425849519971       -0.000222318402050        0.000203531117921
        0.666666666666667        1.066666666666667       -0.001589292044911       -0.000829703571907        0.000759588473004
        0.700000000000000        0.000000000000000        0.004495196728970        0.002346756088282        0.002148440640688
        0.733333333333333        0.033333333333333        0.005317874827876        0.002776242260680        0.002541632567196
        0.766666666666667        0.066666666666667        0.005317874827876        0.002776242260680        0.002541632567196
        0.700000000000000        0.100000000000000        0.003178584089822        0.001659407143815        0.001519176946008
        0.733333333333333        0.133333333333333        0.002752734569851        0.001437088741765        0.001315645828086
        0.766666666666667        0.166666666666667        0.001589292044911        0.000829703571907        0.000759588473004
        0.700000000000000        0.200000000000000        0.000000000000000        0.000000000000000        0.000000000000000
        0.733333333333333        0.233333333333333       -0.001424920265579       -0.000743891871742        0.000681028393837
        0.766666666666667        0.266666666666667       -0.003070276463391       -0.001602864216539        0.001467412246852
        0.700000000000000        0.300000000000000       -0.003178584089822       -0.001659407143815        0.001519176946008
        0.733333333333333        0.333333333333333       -0.004767876134733       -0.002489110715722        0.002278765419011
        0.766666666666667        0.366666666666667       -0.005931318659673       -0.003096495885580        0.002834822774094
        0.700000000000000        0.400000000000000       -0.004495196728970       -0.002346756088282        0.002148440640688
        0.733333333333333        0.433333333333333       -0.005317874827876       -0.002776242260680        0.002541632567196
        0.766666666666667        0.466666666666667       -0.005317874827876       -0.002776242260680        0.002541632567196
        0.700000000000000        0.500000000000000       -0.003178584089822       -0.001659407143815        0.001519176946008
        0.733333333333333        0.533333333333333       -0.002752734569851       -0.001437088741765        0.001315645828086
        0.766666666666667        0.566666666666667       -0.001589292044911       -0.000829703571907        0.000759588473004
        0.700000000000000        0.600000000000000       -0.000000000000000       -0.000000000000000        0.000000000000000
        0.733333333333333        0.633333333333333        0.001424920265579        0.000743891871742        0.000681028393837
        0.766666666666667        0.666666666666667        0.003070276463391        0.001602864216539        0.001467412246852
        0.700000000000000        0.700000000000000        0.003178584089822        0.001659407143815        0.001519176946008
        0.733333333333333        0.733333333333333        0.004767876134733        0.002489110715722        0.002278765419011
        0.766666666666667        0.766666666666667        0.005931318659673        0.003096495885580        0.002834822774094
        0.700000000000000        0.800000000000000        0.004495196728970        0.002346756088282        0.002148440640688
        0.733333333333333        0.833333333333333        0.005317874827876        0.002776242260680        0.002541632567196
        0.766666666666667        0.866666666666667        0.005317874827876        0.002776242260680        0.002541632567196
        0.700000000000000        0.900000000000000        0.003178584089822        0.001659407143815        0.001519176946008
        0.733333333333333        0.933333333333333        0.002752734569851        0.001437088741765        0.001315645828086
        0.766666666666667        0.966666666666667        0.001589292044911        0.000829703571907        0.000759588473004
        0.700000000000000        1.000000000000000        0.000000000000000        0.000000000000000        0.000000000000000
        0.733333333333333        1.033333333333333       -0.001424920265579       -0.000743891871742        0.000681028393837
        0.766666666666667        1.066666666666667       -0.003070276463391       -0.001602864216539        0.001467412246852
        0.800000000000000        0.000000000000000        0.006357168179645        0.003318814287630        0.003038353892015
        0.833333333333333        0.033333333333333        0.005931318659673        0.003096495885580        0.002834822774094
        0.866666666666667        0.066666666666667        0.004767876134733        0.002489110715722        0.002278765419011
        0.800000000000000        0.100000000000000        0.004495196728970        0.002346756088282        0.002148440640688
        0.833333333333333        0.133333333333333        0.003070276463391        0.001602864216539        0.001467412246852
        0.866666666666667        0.166666666666667        0.001424920265579        0.000743891871742        0.000681028393837
        0.800000000000000        0.200000000000000        0.000000000000000        0.000000000000000        0.000000000000000
        0.833333333333333        0.233333333333333       -0.001589292044911       -0.000829703571907        0.000759588473004
        0.866666666666667        0.266666666666667       -0.002752734569851       -0.001437088741765        0.001315645828086
        0.800000000000000        0.300000000000000       -0.004495196728970       -0.002346756088282        0.002148440640688
        0.833333333333333        0.333333333333333       -0.005317874827876       -0.002776242260680        0.002541632567196
        0.866666666666667        0.366666666666667       -0.005317874827876       -0.002776242260680        0.002541632567196
        0.800000000000000        0.400000000000000       -0.006357168179645       -0.003318814287630        0.003038353892015
        0.833333333333333        0.433333333333333       -0.005931318659673       -0.003096495885580        0.002834822774094
        0.866666666666667        0.466666666666667       -0.004767876134733       -0.002489110715722        0.002278765419011
        0.800000000000000        0.500000000000000       -0.004495196728970       -0.002346756088282        0.002148440640688
        0.833333333333333        0.533333333333333       -0.003070276463391       -0.001602864216539        0.001467412246852
        0.866666666666667        0.566666666666667       -0.001424920265579       -0.000743891871742        0.000681028393837
        0.800000000000000        0.600000000000000       -0.000000000000000       -0.000000000000000        0.000000000000000
        0.833333333333333        0.633333333333333        0.001589292044911        0.000829703571907        0.000759588473004
        0.866666666666667        0.666666666666667        0.002752734569851        0.001437088741765        0.001315645828086
        0.800000000000000        0.700000000000000        0.004495196728970        0.002346756088282        0.002148440640688
        0.833333333333333        0.733333333333333        0.005317874827876        0.002776242260680        0.002541632567196
        0.866666666666667        0.766666666666667        0.005317874827876        0.002776242260680        0.002541632567196
        0.800000000000000        0.800000000000000        0.006357168179645        0.003318814287630        0.003038353892015
        0.833333333333333        0.833333333333333        0.005931318659673        0.003096495885580        0.002834822774094
        0.866666666666667        0.866666666666667        0.004767876134733        0.002489110715722        0.002278765419011
        0.800000000000000        0.900000000000000        0.004495196728970        0.002346756088282        0.002148440640688
        0.833333333333333        0.933333333333333        0.003070276463391        0.001602864216539        0.001467412246852
        0.866666666666667        0.966666666666667        0.001424920265579        0.000743891871742        0.000681028393837
        0.800000000000000        1.000000000000000        0.000000000000000        0.000000000000000        0.000000000000000
        0.833333333333333        1.033333333333333       -0.001589292044911       -0.000829703571907        0.000759588473004
        0.866666666666667        1.066666666666667       -0.002752734569851       -0.001437088741765        0.001315645828086
        0.900000000000000        0.000000000000000        0.004495196728970        0.002346756088282        0.002148440640688
        0.933333333333333        0.033333333333333        0.003070276463391        0.001602864216539        0.001467412246852
        0.966666666666667        0.066666666666667        0.001424920265579        0.000743891871742        0.000681028393837
        0.900000000000000        0.100000000000000        0.003178584089822        0.001659407143815        0.001519176946008
        0.933333333333333        0.133333333333333        0.001589292044911        0.000829703571907        0.000759588473004
        0.966666666666667        0.166666666666667        0.000425849519971        0.000222318402050        0.000203531117921
        0.900000000000000        0.200000000000000        0.000000000000000        0.000000000000000        0.000000000000000
        0.933333333333333        0.233333333333333       -0.000822678098906       -0.000429486172398        0.000393191926507
        0.966666666666667        0.266666666666667       -0.000822678098906       -0.000429486172398        0.000393191926507
        0.900000000000000        0.300000000000000       -0.003178584089822       -0.001659407143815        0.001519176946008
        0.933333333333333        0.333333333333333       -0.002752734569851       -0.001437088741765        0.001315645828086
        0.966666666666667        0.366666666666667       -0.001589292044911       -0.000829703571907        0.000759588473004
        0.900000000000000        0.400000000000000       -0.004495196728970       -0.002346756088282        0.002148440640688
        0.933333333333333        0.433333333333333       -0.003070276463391       -0.001602864216539        0.001467412246852
        0.966666666666667        0.466666666666667       -0.001424920265579       -0.000743891871742        0.000681028393837
        0.900000000000000        0.500000000000000       -0.003178584089822       -0.001659407143815        0.001519176946008
        0.933333333333333        0.533333333333333       -0.001589292044911       -0.000829703571907        0.000759588473004
        0.966666666666667        0.566666666666667       -0.000425849519971       -0.000222318402050        0.000203531117921
        0.900000000000000        0.600000000000000       -0.000000000000000       -0.000000000000000        0.000000000000000
        0.933333333333333        0.633333333333333        0.000822678098906        0.000429486172398        0.000393191926507
        0.966666666666667        0.666666666666667        0.000822678098906        0.000429486172398        0.000393191926507
        0.900000000000000        0.700000000000000        0.003178584089822        0.001659407143815        0.001519176946008
        0.933333333333333        0.733333333333333        0.002752734569851        0.001437088741765        0.001315645828086
        0.966666666666667        0.766666666666667        0.001589292044911        0.000829703571907        0.000759588473004
        0.900000000000000        0.800000000000000        0.004495196728970        0.002346756088282        0.002148440640688
        0.933333333333333        0.833333333333333        0.003070276463391        0.001602864216539        0.001467412246852
        0.966666666666667        0.866666666666667        0.001424920265579        0.000743891871742        0.000681028393837
        0.900000000000000        0.900000000000000        0.003178584089822        0.001659407143815        0.001519176946008
        0.933333333333333        0.933333333333333        0.001589292044911        0.000829703571907        0.000759588473004
        0.966666666666667        0.966666666666667        0.000425849519971        0.000222318402050        0.000203531117921
        0.900000000000000        1.000000000000000        0.000000000000000        0.000000000000000        0.000000000000000
        0.933333333333333        1.033333333333333       -0.000822678098906       -0.000429486172398        0.000393191926507
        0.966666666666667        1.066666666666667       -0.000822678098906       -0.000429486172398        0.000393191926507
        1.000000000000000        0.000000000000000        0.000000000000000        0.000000000000000        0.000000000000000
        1.033333333333333        0.033333333333333       -0.001589292044911       -0.000829703571907        0.000759588473004
        1.066666666666667        0.066666666666667       -0.002752734569851       -0.001437088741765        0.001315645828086
        1.000000000000000        0.100000000000000        0.000000000000000        0.000000000000000        0.000000000000000
        1.033333333333333        0.133333333333333       -0.000822678098906       -0.000429486172398        0.000393191926507
        1.066666666666667        0.166666666666667       -0.000822678098906       -0.000429486172398        0.000393191926507
        1.000000000000000        0.200000000000000        0.000000000000000        0.000000000000000        0.000000000000000
        1.033333333333333        0.233333333333333        0.000425849519971        0.000222318402050        0.000203531117921
        1.066666666666667        0.266666666666667        0.001589292044911        0.000829703571907        0.000759588473004
        1.000000000000000        0.300000000000000       -0.000000000000000       -0.000000000000000        0.000000000000000
        1.033333333333333        0.333333333333333        0.001424920265579        0.000743891871742        0.000681028393837
        1.066666666666667        0.366666666666667        0.003070276463391        0.001602864216539        0.001467412246852
        1.000000000000000        0.400000000000000       -0.000000000000000       -0.000000000000000        0.000000000000000
        1.033333333333333        0.433333333333333        0.001589292044911        0.000829703571907        0.000759588473004
        1.066666666666667        0.466666666666667        0.002752734569851        0.001437088741765        0.001315645828086
        1.000000000000000        0.500000000000000       -0.000000000000000       -0.000000000000000        0.000000000000000
        1.033333333333333        0.533333333333333        0.000822678098906        0.000429486172398        0.000393191926507
        1.066666666666667        0.566666666666667        0.000822678098906        0.000429486172398        0.000393191926507
        1.000000000000000        0.600000000000000       -0.000000000000000       -0.000000000000000        0.000000000000000
        1.033333333333333        0.633333333333333       -0.000425849519971       -0.000222318402050        0.000203531117921
        1.066666666666667        0.666666666666667       -0.001589292044911       -0.000829703571907        0.000759588473004
        1.000000000000000        0.700000000000000        0.000000000000000        0.000000000000000        0.000000000000000
        1.033333333333333        0.733333333333333       -0.001424920265579       -0.000743891871742        0.000681028393837
        1.066666666666667        0.766666666666667       -0.003070276463391       -0.001602864216539        0.001467412246852
        1.000000000000000        0.800000000000000        0.000000000000000        0.000000000000000        0.000000000000000
        1.033333333333333        0.833333333333333       -0.001589292044911       -0.000829703571907        0.000759588473004
        1.066666666666667        0.866666666666667       -0.002752734569851       -0.001437088741765        0.001315645828086
        1.000000000000000        0.900000000000000        0.000000000000000        0.000000000000000        0.000000000000000
        1.033333333333333        0.933333333333333       -0.000822678098906       -0.000429486172398        0.000393191926507
        1.066666666666667        0.966666666666667       -0.000822678098906       -0.000429486172398        0.000393191926507
        1.000000000000000        1.000000000000000        0.000000000000000        0.000000000000000        0.000000000000000
        1.033333333333333        1.033333333333333        0.000425849519971        0.000222318402050        0.000203531117921
        1.066666666666667        1.066666666666667        0.001589292044911        0.000829703571907        0.000759588473004
