        0.000000000000000        0.000000000000000        7.560215910627359        7.560215910627367        0.000000000000008
        0.033333333333333        0.033333333333333        7.053777473662978        7.053777473662983        0.000000000000006
        0.066666666666667        0.066666666666667        5.670161932970519        5.670161932970520        0.000000000000001
        0.000000000000000        0.100000000000000        5.345879937639035        5.345879937639036        0.000000000000001
        0.033333333333333        0.133333333333333        3.651303900198247        3.651303900198245        0.000000000000001
        0.066666666666667        0.166666666666667        1.694576037440789        1.694576037440787        0.000000000000002
        0.000000000000000        0.200000000000000        0.000000000000000        0.000000000000000        0.000000000000000
        0.033333333333333        0.233333333333333       -1.890053977656839       -1.890053977656839        0.000000000000000
        0.066666666666667        0.266666666666667       -3.273669518349298       -3.273669518349297        0.000000000000001
        0.000000000000000        0.300000000000000       -5.345879937639035       -5.345879937639037        0.000000000000002
        0.033333333333333        0.333333333333333       -6.324243869017763       -6.324243869017766        0.000000000000002
        0.066666666666667        0.366666666666667       -6.324243869017764       -6.324243869017764        0.000000000000000
        0.000000000000000        0.400000000000000       -7.560215910627359       -7.560215910627363        0.000000000000004
        0.033333333333333        0.433333333333333       -7.053777473662978       -7.053777473662981        0.000000000000003
        0.066666666666667        0.466666666666667       -5.670161932970520       -5.670161932970521        0.000000000000001
        0.000000000000000        0.500000000000000       -5.345879937639036       -5.345879937639040        0.000000000000004
        0.033333333333333        0.533333333333333       -3.651303900198247       -3.651303900198250        0.000000000000003
        0.066666666666667        0.566666666666667       -1.694576037440790       -1.694576037440791        0.000000000000001
        0.000000000000000        0.600000000000000       -0.000000000000001       -0.000000000000001        0.000000000000000
        0.033333333333333        0.633333333333333        1.890053977656838        1.890053977656840        0.000000000000002
        0.066666666666667        0.666666666666667        3.273669518349297        3.273669518349298        0.000000000000001
        0.000000000000000        0.700000000000000        5.345879937639034        5.345879937639037        0.000000000000004
        0.033333333333333        0.733333333333333        6.324243869017763        6.324243869017766        0.000000000000003
        0.066666666666667        0.766666666666667        6.324243869017763        6.324243869017764        0.000000000000001
        0.000000000000000        0.800000000000000        7.560215910627359        7.560215910627364        0.000000000000005
        0.033333333333333        0.833333333333333        7.053777473662978        7.053777473662982        0.000000000000004
        0.066666666666667        0.866666666666667        5.670161932970520        5.670161932970520        0.000000000000000
        0.000000000000000        0.900000000000000        5.345879937639036        5.345879937639038        0.000000000000002
        0.033333333333333        0.933333333333333        3.651303900198248        3.651303900198248        0.000000000000000
        0.066666666666667        0.966666666666667        1.694576037440791        1.694576037440789        0.000000000000001
        0.000000000000000        1.000000000000000        0.000000000000002        0.000000000000002        0.000000000000000
        0.033333333333333        1.033333333333333       -1.890053977656837       -1.890053977656837        0.000000000000001
        0.066666666666667        1.066666666666667       -3.273669518349296       -3.273669518349295        0.000000000000002
        0.100000000000000        0.000000000000000        5.345879937639035        5.345879937639036        0.000000000000001
        0.133333333333333        0.033333333333333        3.651303900198247        3.651303900198245        0.000000000000001
        0.166666666666667        0.066666666666667        1.694576037440789        1.694576037440787        0.000000000000002
        0.100000000000000        0.100000000000000        3.780107955313680        3.780107955313677        0.000000000000003
        0.133333333333333        0.133333333333333        1.890053977656840        1.890053977656837        0.000000000000003
        0.166666666666667        0.166666666666667        0.506438436964382        0.506438436964381        0.000000000000001
        0.100000000000000        0.200000000000000        0.000000000000000        0.000000000000000        0.000000000000000
        0.133333333333333        0.233333333333333       -0.978363931378729       -0.978363931378727        0.000000000000001
        0.166666666666667        0.266666666666667       -0.978363931378729       -0.978363931378727        0.000000000000001
        0.100000000000000        0.300000000000000       -3.780107955313679       -3.780107955313677        0.000000000000002
        0.133333333333333        0.333333333333333       -3.273669518349298       -3.273669518349295        0.000000000000003
        0.166666666666667        0.366666666666667       -1.890053977656840       -1.890053977656838        0.000000000000002
        0.100000000000000        0.400000000000000       -5.345879937639035       -5.345879937639033        0.000000000000002
        0.133333333333333        0.433333333333333       -3.651303900198247       -3.651303900198244        0.000000000000003
        0.166666666666667        0.466666666666667       -1.694576037440789       -1.694576037440788        0.000000000000002
        0.100000000000000        0.500000000000000       -3.780107955313680       -3.780107955313680        0.000000000000001
        0.133333333333333        0.533333333333333       -1.890053977656840       -1.890053977656840        0.000000000000001
        0.166666666666667        0.566666666666667       -0.506438436964382       -0.506438436964382        0.000000000000000
        0.100000000000000        0.600000000000000       -0.000000000000001       -0.000000000000001        0.000000000000000
        0.133333333333333        0.633333333333333        0.978363931378728        0.978363931378728        0.000000000000000
        0.166666666666667        0.666666666666667        0.978363931378729        0.978363931378728        0.000000000000001
        0.100000000000000        0.700000000000000        3.780107955313679        3.780107955313678        0.000000000000001
        0.133333333333333        0.733333333333333        3.273669518349298        3.273669518349295        0.000000000000002
        0.166666666666667        0.766666666666667        1.890053977656840        1.890053977656838        0.000000000000002
        0.100000000000000        0.800000000000000        5.345879937639035        5.345879937639034        0.000000000000001
        0.133333333333333        0.833333333333333        3.651303900198247        3.651303900198244        0.000000000000003
        0.166666666666667        0.866666666666667        1.694576037440789        1.694576037440787        0.000000000000002
        0.100000000000000        0.900000000000000        3.780107955313681        3.780107955313678        0.000000000000002
        0.133333333333333        0.933333333333333        1.890053977656841        1.890053977656838        0.000000000000003
        0.166666666666667        0.966666666666667        0.506438436964382        0.506438436964381        0.000000000000001
        0.100000000000000        1.000000000000000        0.000000000000002        0.000000000000002        0.000000000000000
        0.133333333333333        1.033333333333333       -0.978363931378728       -0.978363931378726        0.000000000000002
        0.166666666666667        1.066666666666667       -0.978363931378728       -0.978363931378727        0.000000000000002
        0.200000000000000        0.000000000000000        0.000000000000000        0.000000000000000        0.000000000000000
        0.233333333333333        0.033333333333333       -1.890053977656839       -1.890053977656839        0.000000000000000
        0.266666666666667        0.066666666666667       -3.273669518349298       -3.273669518349297        0.000000000000001
        0.200000000000000        0.100000000000000        0.000000000000000        0.000000000000000        0.000000000000000
        0.233333333333333        0.133333333333333       -0.978363931378729       -0.978363931378727        0.000000000000001
        0.266666666666667        0.166666666666667       -0.978363931378729       -0.978363931378727        0.000000000000001
        0.200000000000000        0.200000000000000        0.000000000000000        0.000000000000000        0.000000000000000
        0.233333333333333        0.233333333333333        0.506438436964381        0.506438436964381        0.000000000000000
        0.266666666666667        0.266666666666667        1.890053977656839        1.890053977656838        0.000000000000001
        0.200000000000000        0.300000000000000       -0.000000000000000       -0.000000000000000        0.000000000000000
        0.233333333333333        0.333333333333333        1.694576037440788        1.694576037440787        0.000000000000001
        0.266666666666667        0.366666666666667        3.651303900198246        3.651303900198244        0.000000000000001
        0.200000000000000        0.400000000000000       -0.000000000000000       -0.000000000000000        0.000000000000000
        0.233333333333333        0.433333333333333        1.890053977656839        1.890053977656838        0.000000000000001
        0.266666666666667        0.466666666666667        3.273669518349298        3.273669518349297        0.000000000000001
        0.200000000000000        0.500000000000000       -0.000000000000000       -0.000000000000000        0.000000000000000
        0.233333333333333        0.533333333333333        0.978363931378729        0.978363931378729        0.000000000000000
        0.266666666666667        0.566666666666667        0.978363931378729        0.978363931378729        0.000000000000000
        0.200000000000000        0.600000000000000       -0.000000000000000       -0.000000000000000        0.000000000000000
        0.233333333333333        0.633333333333333       -0.506438436964381       -0.506438436964381        0.000000000000000
        0.266666666666667        0.666666666666667       -1.890053977656839       -1.890053977656839        0.000000000000000
        0.200000000000000        0.700000000000000        0.000000000000000        0.000000000000000        0.000000000000000
        0.233333333333333        0.733333333333333       -1.694576037440788       -1.694576037440787        0.000000000000001
        0.266666666666667        0.766666666666667       -3.651303900198245       -3.651303900198245        0.000000000000001
        0.200000000000000        0.800000000000000        0.000000000000000        0.000000000000000        0.000000000000000
        0.233333333333333        0.833333333333333       -1.890053977656839       -1.890053977656839        0.000000000000001
        0.266666666666667        0.866666666666667       -3.273669518349298       -3.273669518349297        0.000000000000001
        0.200000000000000        0.900000000000000        0.000000000000000        0.000000000000000        0.000000000000000
        0.233333333333333        0.933333333333333       -0.978363931378729       -0.978363931378728        0.000000000000001
        0.266666666666667        0.966666666666667       -0.978363931378730       -0.978363931378729        0.000000000000001
        0.200000000000000        1.000000000000000        0.000000000000000        0.000000000000000        0.000000000000000
        0.233333333333333        1.033333333333333        0.506438436964381        0.506438436964380        0.000000000000001
        0.266666666666667        1.066666666666667        1.890053977656838        1.890053977656837        0.000000000000002
        0.300000000000000        0.000000000000000       -5.345879937639035       -5.345879937639037        0.000000000000002
        0.333333333333333        0.033333333333333       -6.324243869017763       -6.324243869017766        0.000000000000002
        0.366666666666667        0.066666666666667       -6.324243869017764       -6.324243869017764        0.000000000000000
        0.300000000000000        0.100000000000000       -3.780107955313679       -3.780107955313677        0.000000000000002
        0.333333333333333        0.133333333333333       -3.273669518349298       -3.273669518349295        0.000000000000003
        0.366666666666667        0.166666666666667       -1.890053977656840       -1.890053977656838        0.000000000000002
        0.300000000000000        0.200000000000000       -0.000000000000000       -0.000000000000000        0.000000000000000
        0.333333333333333        0.233333333333333        1.694576037440788        1.694576037440787        0.000000000000001
        0.366666666666667        0.266666666666667        3.651303900198246        3.651303900198244        0.000000000000001
        0.300000000000000        0.300000000000000        3.780107955313679        3.780107955313678        0.000000000000001
        0.333333333333333        0.333333333333333        5.670161932970519        5.670161932970518        0.000000000000000
        0.366666666666667        0.366666666666667        7.053777473662977        7.053777473662977        0.000000000000000
        0.300000000000000        0.400000000000000        5.345879937639035        5.345879937639034        0.000000000000001
        0.333333333333333        0.433333333333333        6.324243869017764        6.324243869017763        0.000000000000000
        0.366666666666667        0.466666666666667        6.324243869017764        6.324243869017765        0.000000000000001
        0.300000000000000        0.500000000000000        3.780107955313680        3.780107955313680        0.000000000000000
        0.333333333333333        0.533333333333333        3.273669518349299        3.273669518349300        0.000000000000001
        0.366666666666667        0.566666666666667        1.890053977656841        1.890053977656842        0.000000000000001
        0.300000000000000        0.600000000000000        0.000000000000001        0.000000000000001        0.000000000000000
        0.333333333333333        0.633333333333333       -1.694576037440787       -1.694576037440788        0.000000000000001
        0.366666666666667        0.666666666666667       -3.651303900198245       -3.651303900198246        0.000000000000001
        0.300000000000000        0.700000000000000       -3.780107955313678       -3.780107955313678        0.000000000000000
        0.333333333333333        0.733333333333333       -5.670161932970518       -5.670161932970518        0.000000000000000
        0.366666666666667        0.766666666666667       -7.053777473662977       -7.053777473662977        0.000000000000000
        0.300000000000000        0.800000000000000       -5.345879937639035       -5.345879937639034        0.000000000000000
        0.333333333333333        0.833333333333333       -6.324243869017764       -6.324243869017764        0.000000000000000
        0.366666666666667        0.866666666666667       -6.324243869017765       -6.324243869017764        0.000000000000000
        0.300000000000000        0.900000000000000       -3.780107955313680       -3.780107955313679        0.000000000000002
        0.333333333333333        0.933333333333333       -3.273669518349299       -3.273669518349298        0.000000000000002
        0.366666666666667        0.966666666666667       -1.890053977656842       -1.890053977656840        0.000000000000001
        0.300000000000000        1.000000000000000       -0.000000000000002       -0.000000000000002        0.000000000000000
        0.333333333333333        1.033333333333333        1.694576037440787        1.694576037440785        0.000000000000001
        0.366666666666667        1.066666666666667        3.651303900198244        3.651303900198242        0.000000000000002
        0.400000000000000        0.000000000000000       -7.560215910627359       -7.560215910627363        0.000000000000004
        0.433333333333333        0.033333333333333       -7.053777473662978       -7.053777473662981        0.000000000000003
        0.466666666666667        0.066666666666667       -5.670161932970520       -5.670161932970521        0.000000000000001
        0.400000000000000        0.100000000000000       -5.345879937639035       -5.345879937639033        0.000000000000002
        0.433333333333333        0.133333333333333       -3.651303900198247       -3.651303900198244        0.000000000000003
        0.466666666666667        0.166666666666667       -1.694576037440789       -1.694576037440788        0.000000000000002
        0.400000000000000        0.200000000000000       -0.000000000000000       -0.000000000000000        0.000000000000000
        0.433333333333333        0.233333333333333        1.890053977656839        1.890053977656838        0.000000000000001
        0.466666666666667        0.266666666666667        3.273669518349298        3.273669518349297        0.000000000000001
        0.400000000000000        0.300000000000000        5.345879937639035        5.345879937639034        0.000000000000001
        0.433333333333333        0.333333333333333        6.324243869017764        6.324243869017763        0.000000000000000
        0.466666666666667        0.366666666666667        6.324243869017764        6.324243869017765        0.000000000000001
        0.400000000000000        0.400000000000000        7.560215910627359        7.560215910627359        0.000000000000000
        0.433333333333333        0.433333333333333        7.053777473662978        7.053777473662978        0.000000000000000
        0.466666666666667        0.466666666666667        5.670161932970520        5.670161932970521        0.000000000000001
        0.400000000000000        0.500000000000000        5.345879937639036        5.345879937639037        0.000000000000001
        0.433333333333333        0.533333333333333        3.651303900198247        3.651303900198249        0.000000000000001
        0.466666666666667        0.566666666666667        1.694576037440790        1.694576037440791        0.000000000000001
        0.400000000000000        0.600000000000000        0.000000000000001        0.000000000000001        0.000000000000000
        0.433333333333333        0.633333333333333       -1.890053977656838       -1.890053977656839        0.000000000000001
        0.466666666666667        0.666666666666667       -3.273669518349297       -3.273669518349298        0.000000000000001
        0.400000000000000        0.700000000000000       -5.345879937639034       -5.345879937639034        0.000000000000000
        0.433333333333333        0.733333333333333       -6.324243869017763       -6.324243869017764        0.000000000000000
        0.466666666666667        0.766666666666667       -6.324243869017764       -6.324243869017765        0.000000000000001
        0.400000000000000        0.800000000000000       -7.560215910627359       -7.560215910627360        0.000000000000001
        0.433333333333333        0.833333333333333       -7.053777473662978       -7.053777473662979        0.000000000000001
        0.466666666666667        0.866666666666667       -5.670161932970521       -5.670161932970521        0.000000000000000
        0.400000000000000        0.900000000000000       -5.345879937639036       -5.345879937639035        0.000000000000001
        0.433333333333333        0.933333333333333       -3.651303900198248       -3.651303900198246        0.000000000000002
        0.466666666666667        0.966666666666667       -1.694576037440791       -1.694576037440790        0.000000000000001
        0.400000000000000        1.000000000000000       -0.000000000000002       -0.000000000000002        0.000000000000000
        0.433333333333333        1.033333333333333        1.890053977656838        1.890053977656836        0.000000000000001
        0.466666666666667        1.066666666666667        3.273669518349296        3.273669518349295        0.000000000000001
        0.500000000000000        0.000000000000000       -5.345879937639036       -5.345879937639040        0.000000000000004
        0.533333333333333        0.033333333333333       -3.651303900198247       -3.651303900198250        0.000000000000003
        0.566666666666667        0.066666666666667       -1.694576037440790       -1.694576037440791        0.000000000000001
        0.500000000000000        0.100000000000000       -3.780107955313680       -3.780107955313680        0.000000000000001
        0.533333333333333        0.133333333333333       -1.890053977656840       -1.890053977656840        0.000000000000001
        0.566666666666667        0.166666666666667       -0.506438436964382       -0.506438436964382        0.000000000000000
        0.500000000000000        0.200000000000000       -0.000000000000000       -0.000000000000000        0.000000000000000
        0.533333333333333        0.233333333333333        0.978363931378729        0.978363931378729        0.000000000000000
        0.566666666666667        0.266666666666667        0.978363931378729        0.978363931378729        0.000000000000000
        0.500000000000000        0.300000000000000        3.780107955313680        3.780107955313680        0.000000000000000
        0.533333333333333        0.333333333333333        3.273669518349299        3.273669518349300        0.000000000000001
        0.566666666666667        0.366666666666667        1.890053977656841        1.890053977656842        0.000000000000001
        0.500000000000000        0.400000000000000        5.345879937639036        5.345879937639037        0.000000000000001
        0.533333333333333        0.433333333333333        3.651303900198247        3.651303900198249        0.000000000000001
        0.566666666666667        0.466666666666667        1.694576037440790        1.694576037440791        0.000000000000001
        0.500000000000000        0.500000000000000        3.780107955313681        3.780107955313682        0.000000000000002
        0.533333333333333        0.533333333333333        1.890053977656841        1.890053977656842        0.000000000000001
        0.566666666666667        0.566666666666667        0.506438436964382        0.506438436964382        0.000000000000000
        0.500000000000000        0.600000000000000        0.000000000000001        0.000000000000001        0.000000000000000
        0.533333333333333        0.633333333333333       -0.978363931378728       -0.978363931378729        0.000000000000001
        0.566666666666667        0.666666666666667       -0.978363931378729       -0.978363931378730        0.000000000000001
        0.500000000000000        0.700000000000000       -3.780107955313679       -3.780107955313681        0.000000000000001
        0.533333333333333        0.733333333333333       -3.273669518349299       -3.273669518349300        0.000000000000001
        0.566666666666667        0.766666666666667       -1.890053977656841       -1.890053977656842        0.000000000000001
        0.500000000000000        0.800000000000000       -5.345879937639036       -5.345879937639038        0.000000000000002
        0.533333333333333        0.833333333333333       -3.651303900198248       -3.651303900198249        0.000000000000002
        0.566666666666667        0.866666666666667       -1.694576037440790       -1.694576037440791        0.000000000000001
        0.500000000000000        0.900000000000000       -3.780107955313681       -3.780107955313681        0.000000000000000
        0.533333333333333        0.933333333333333       -1.890053977656841       -1.890053977656841        0.000000000000000
        0.566666666666667        0.966666666666667       -0.506438436964382       -0.506438436964382        0.000000000000000
        0.500000000000000        1.000000000000000       -0.000000000000002       -0.000000000000002        0.000000000000000
        0.533333333333333        1.033333333333333        0.978363931378728        0.978363931378727        0.000000000000000
        0.566666666666667        1.066666666666667        0.978363931378729        0.978363931378729        0.000000000000000
        0.600000000000000        0.000000000000000       -0.000000000000001       -0.000000000000001        0.000000000000000
        0.633333333333333        0.033333333333333        1.890053977656838        1.890053977656840        0.000000000000002
        0.666666666666667        0.066666666666667        3.273669518349297        3.273669518349298        0.000000000000001
        0.600000000000000        0.100000000000000       -0.000000000000001       -0.000000000000001        0.000000000000000
        0.633333333333333        0.133333333333333        0.978363931378728        0.978363931378728        0.000000000000000
        0.666666666666667        0.166666666666667        0.978363931378729        0.978363931378728        0.000000000000001
        0.600000000000000        0.200000000000000       -0.000000000000000       -0.000000000000000        0.000000000000000
        0.633333333333333        0.233333333333333       -0.506438436964381       -0.506438436964381        0.000000000000000
        0.666666666666667        0.266666666666667       -1.890053977656839       -1.890053977656839        0.000000000000000
        0.600000000000000        0.300000000000000        0.000000000000001        0.000000000000001        0.000000000000000
        0.633333333333333        0.333333333333333       -1.694576037440787       -1.694576037440788        0.000000000000001
        0.666666666666667        0.366666666666667       -3.651303900198245       -3.651303900198246        0.000000000000001
        0.600000000000000        0.400000000000000        0.000000000000001        0.000000000000001        0.000000000000000
        0.633333333333333        0.433333333333333       -1.890053977656838       -1.890053977656839        0.000000000000001
        0.666666666666667        0.466666666666667       -3.273669518349297       -3.273669518349298        0.000000000000001
        0.600000000000000        0.500000000000000        0.000000000000001        0.000000000000001        0.000000000000000
        0.633333333333333        0.533333333333333       -0.978363931378728       -0.978363931378729        0.000000000000001
        0.666666666666667        0.566666666666667       -0.978363931378729       -0.978363931378730        0.000000000000001
        0.600000000000000        0.600000000000000        0.000000000000000        0.000000000000000        0.000000000000000
        0.633333333333333        0.633333333333333        0.506438436964381        0.506438436964381        0.000000000000000
        0.666666666666667        0.666666666666667        1.890053977656838        1.890053977656839        0.000000000000001
        0.600000000000000        0.700000000000000       -0.000000000000001       -0.000000000000001        0.000000000000000
        0.633333333333333        0.733333333333333        1.694576037440787        1.694576037440788        0.000000000000001
        0.666666666666667        0.766666666666667        3.651303900198245        3.651303900198246        0.000000000000001
        0.600000000000000        0.800000000000000       -0.000000000000001       -0.000000000000001        0.000000000000000
        0.633333333333333        0.833333333333333        1.890053977656838        1.890053977656840        0.000000000000001
        0.666666666666667        0.866666666666667        3.273669518349297        3.273669518349298        0.000000000000001
        0.600000000000000        0.900000000000000       -0.000000000000001       -0.000000000000001        0.000000000000000
        0.633333333333333        0.933333333333333        0.978363931378729        0.978363931378728        0.000000000000000
        0.666666666666667        0.966666666666667        0.978363931378729        0.978363931378729        0.000000000000001
        0.600000000000000        1.000000000000000       -0.000000000000000       -0.000000000000000        0.000000000000000
        0.633333333333333        1.033333333333333       -0.506438436964380       -0.506438436964380        0.000000000000000
        0.666666666666667        1.066666666666667       -1.890053977656838       -1.890053977656837        0.000000000000001
        0.700000000000000        0.000000000000000        5.345879937639034        5.345879937639037        0.000000000000004
        0.733333333333333        0.033333333333333        6.324243869017763        6.324243869017766        0.000000000000003
        0.766666666666667        0.066666666666667        6.324243869017763        6.324243869017764        0.000000000000001
        0.700000000000000        0.100000000000000        3.780107955313679        3.780107955313678        0.000000000000001
        0.733333333333333        0.133333333333333        3.273669518349298        3.273669518349295        0.000000000000002
        0.766666666666667        0.166666666666667        1.890053977656840        1.890053977656838        0.000000000000002
        0.700000000000000        0.200000000000000        0.000000000000000        0.000000000000000        0.000000000000000
        0.733333333333333        0.233333333333333       -1.694576037440788       -1.694576037440787        0.000000000000001
        0.766666666666667        0.266666666666667       -3.651303900198245       -3.651303900198245        0.000000000000001
        0.700000000000000        0.300000000000000       -3.780107955313678       -3.780107955313678        0.000000000000000
        0.733333333333333        0.333333333333333       -5.670161932970518       -5.670161932970518        0.000000000000000
        0.766666666666667        0.366666666666667       -7.053777473662977       -7.053777473662977        0.000000000000000
        0.700000000000000        0.400000000000000       -5.345879937639034       -5.345879937639034        0.000000000000000
        0.733333333333333        0.433333333333333       -6.324243869017763       -6.324243869017764        0.000000000000000
        0.766666666666667        0.466666666666667       -6.324243869017764       -6.324243869017765        0.000000000000001
        0.700000000000000        0.500000000000000       -3.780107955313679       -3.780107955313681        0.000000000000001
        0.733333333333333        0.533333333333333       -3.273669518349299       -3.273669518349300        0.000000000000001
        0.766666666666667        0.566666666666667       -1.890053977656841       -1.890053977656842        0.000000000000001
        0.700000000000000        0.600000000000000       -0.000000000000001       -0.000000000000001        0.000000000000000
        0.733333333333333        0.633333333333333        1.694576037440787        1.694576037440788        0.000000000000001
        0.766666666666667        0.666666666666667        3.651303900198245        3.651303900198246        0.000000000000001
        0.700000000000000        0.700000000000000        3.780107955313678        3.780107955313679        0.000000000000001
        0.733333333333333        0.733333333333333        5.670161932970518        5.670161932970518        0.000000000000001
        0.766666666666667        0.766666666666667        7.053777473662977        7.053777473662978        0.000000000000001
        0.700000000000000        0.800000000000000        5.345879937639034        5.345879937639035        0.000000000000001
        0.733333333333333        0.833333333333333        6.324243869017763        6.324243869017764        0.000000000000001
        0.766666666666667        0.866666666666667        6.324243869017764        6.324243869017765        0.000000000000000
        0.700000000000000        0.900000000000000        3.780107955313680        3.780107955313679        0.000000000000001
        0.733333333333333        0.933333333333333        3.273669518349299        3.273669518349298        0.000000000000002
        0.766666666666667        0.966666666666667        1.890053977656842        1.890053977656840        0.000000000000001
        0.700000000000000        1.000000000000000        0.000000000000002        0.000000000000002        0.000000000000000
        0.733333333333333        1.033333333333333       -1.694576037440787       -1.694576037440785        0.000000000000001
        0.766666666666667        1.066666666666667       -3.651303900198244       -3.651303900198242        0.000000000000002
        0.800000000000000        0.000000000000000        7.560215910627359        7.560215910627364        0.000000000000005
        0.833333333333333        0.033333333333333        7.053777473662978        7.053777473662982        0.000000000000004
        0.866666666666667        0.066666666666667        5.670161932970520        5.670161932970520        0.000000000000000
        0.800000000000000        0.100000000000000        5.345879937639035        5.345879937639034        0.000000000000001
        0.833333333333333        0.133333333333333        3.651303900198247        3.651303900198244        0.000000000000003
        0.866666666666667        0.166666666666667        1.694576037440789        1.694576037440787        0.000000000000002
        0.800000000000000        0.200000000000000        0.000000000000000        0.000000000000000        0.000000000000000
        0.833333333333333        0.233333333333333       -1.890053977656839       -1.890053977656839        0.000000000000001
        0.866666666666667        0.266666666666667       -3.273669518349298       -3.273669518349297        0.000000000000001
        0.800000000000000        0.300000000000000       -5.345879937639035       -5.345879937639034        0.000000000000000
        0.833333333333333        0.333333333333333       -6.324243869017764       -6.324243869017764        0.000000000000000
        0.866666666666667        0.366666666666667       -6.324243869017765       -6.324243869017764        0.000000000000000
        0.800000000000000        0.400000000000000       -7.560215910627359       -7.560215910627360        0.000000000000001
        0.833333333333333        0.433333333333333       -7.053777473662978       -7.053777473662979        0.000000000000001
        0.866666666666667        0.466666666666667       -5.670161932970521       -5.670161932970521        0.000000000000000
        0.800000000000000        0.500000000000000       -5.345879937639036       -5.345879937639038        0.000000000000002
        0.833333333333333        0.533333333333333       -3.651303900198248       -3.651303900198249        0.000000000000002
        0.866666666666667        0.566666666666667       -1.694576037440790       -1.694576037440791        0.000000000000001
        0.800000000000000        0.600000000000000       -0.000000000000001       -0.000000000000001        0.000000000000000
        0.833333333333333        0.633333333333333        1.890053977656838        1.890053977656840        0.000000000000001
        0.866666666666667        0.666666666666667        3.273669518349297        3.273669518349298        0.000000000000001
        0.800000000000000        0.700000000000000        5.345879937639034        5.345879937639035        0.000000000000001
        0.833333333333333        0.733333333333333        6.324243869017763        6.324243869017764        0.000000000000001
        0.866666666666667        0.766666666666667        6.324243869017764        6.324243869017765        0.000000000000000
        0.800000000000000        0.800000000000000        7.560215910627359        7.560215910627361        0.000000000000002
        0.833333333333333        0.833333333333333        7.053777473662978        7.053777473662980        0.000000000000001
        0.866666666666667        0.866666666666667        5.670161932970521        5.670161932970521        0.000000000000000
        0.800000000000000        0.900000000000000        5.345879937639036        5.345879937639036        0.000000000000001
        0.833333333333333        0.933333333333333        3.651303900198248        3.651303900198247        0.000000000000002
        0.866666666666667        0.966666666666667        1.694576037440791        1.694576037440790        0.000000000000001
        0.800000000000000        1.000000000000000        0.000000000000002        0.000000000000002        0.000000000000000
        0.833333333333333        1.033333333333333       -1.890053977656838       -1.890053977656836        0.000000000000001
        0.866666666666667        1.066666666666667       -3.273669518349297       -3.273669518349295        0.000000000000002
        0.900000000000000        0.000000000000000        5.345879937639036        5.345879937639038        0.000000000000002
        0.933333333333333        0.033333333333333        3.651303900198248        3.651303900198248        0.000000000000000
        0.966666666666667        0.066666666666667        1.694576037440791        1.694576037440789        0.000000000000001
        0.900000000000000        0.100000000000000        3.780107955313681        3.780107955313678        0.000000000000002
        0.933333333333333        0.133333333333333        1.890053977656841        1.890053977656838        0.000000000000003
        0.966666666666667        0.166666666666667        0.506438436964382        0.506438436964381        0.000000000000001
        0.900000000000000        0.200000000000000        0.000000000000000        0.000000000000000        0.000000000000000
        0.933333333333333        0.233333333333333       -0.978363931378729       -0.978363931378728        0.000000000000001
        0.966666666666667        0.266666666666667       -0.978363931378730       -0.978363931378729        0.000000000000001
        0.900000000000000        0.300000000000000       -3.780107955313680       -3.780107955313679        0.000000000000002
        0.933333333333333        0.333333333333333       -3.273669518349299       -3.273669518349298        0.000000000000002
        0.966666666666667        0.366666666666667       -1.890053977656842       -1.890053977656840        0.000000000000001
        0.900000000000000        0.400000000000000       -5.345879937639036       -5.345879937639035        0.000000000000001
        0.933333333333333        0.433333333333333       -3.651303900198248       -3.651303900198246        0.000000000000002
        0.966666666666667        0.466666666666667       -1.694576037440791       -1.694576037440790        0.000000000000001
        0.900000000000000        0.500000000000000       -3.780107955313681       -3.780107955313681        0.000000000000000
        0.933333333333333        0.533333333333333       -1.890053977656841       -1.890053977656841        0.000000000000000
        0.966666666666667        0.566666666666667       -0.506438436964382       -0.506438436964382        0.000000000000000
        0.900000000000000        0.600000000000000       -0.000000000000001       -0.000000000000001        0.000000000000000
        0.933333333333333        0.633333333333333        0.978363931378729        0.978363931378728        0.000000000000000
        0.966666666666667        0.666666666666667        0.978363931378729        0.978363931378729        0.000000000000001
        0.900000000000000        0.700000000000000        3.780107955313680        3.780107955313679        0.000000000000001
        0.933333333333333        0.733333333333333        3.273669518349299        3.273669518349298        0.000000000000002
        0.966666666666667        0.766666666666667        1.890053977656842        1.890053977656840        0.000000000000001
        0.900000000000000        0.800000000000000        5.345879937639036        5.345879937639036        0.000000000000001
        0.933333333333333        0.833333333333333        3.651303900198248        3.651303900198247        0.000000000000002
        0.966666666666667        0.866666666666667        1.694576037440791        1.694576037440790        0.000000000000001
        0.900000000000000        0.900000000000000        3.780107955313682        3.780107955313680        0.000000000000002
        0.933333333333333        0.933333333333333        1.890053977656842        1.890053977656840        0.000000000000002
        0.966666666666667        0.966666666666667        0.506438436964383        0.506438436964382        0.000000000000001
        0.900000000000000        1.000000000000000        0.000000000000002        0.000000000000002        0.000000000000000
        0.933333333333333        1.033333333333333       -0.978363931378728       -0.978363931378727        0.000000000000001
        0.966666666666667        1.066666666666667       -0.978363931378729       -0.978363931378728        0.000000000000001
        1.000000000000000        0.000000000000000        0.000000000000002        0.000000000000002        0.000000000000000
        1.033333333333333        0.033333333333333       -1.890053977656837       -1.890053977656837        0.000000000000001
        1.066666666666667        0.066666666666667       -3.273669518349296       -3.273669518349295        0.000000000000002
        1.000000000000000        0.100000000000000        0.000000000000002        0.000000000000002        0.000000000000000
        1.033333333333333        0.133333333333333       -0.978363931378728       -0.978363931378726        0.000000000000002
        1.066666666666667        0.166666666666667       -0.978363931378728       -0.978363931378727        0.000000000000002
        1.000000000000000        0.200000000000000        0.000000000000000        0.000000000000000        0.000000000000000
        1.033333333333333        0.233333333333333        0.506438436964381        0.506438436964380        0.000000000000001
        1.066666666666667        0.266666666666667        1.890053977656838        1.890053977656837        0.000000000000002
        1.000000000000000        0.300000000000000       -0.000000000000002       -0.000000000000002        0.000000000000000
        1.033333333333333        0.333333333333333        1.694576037440787        1.694576037440785        0.000000000000001
        1.066666666666667        0.366666666666667        3.651303900198244        3.651303900198242        0.000000000000002
        1.000000000000000        0.400000000000000       -0.000000000000002       -0.000000000000002        0.000000000000000
        1.033333333333333        0.433333333333333        1.890053977656838        1.890053977656836        0.000000000000001
        1.066666666666667        0.466666666666667        3.273669518349296        3.273669518349295        0.000000000000001
        1.000000000000000        0.500000000000000       -0.000000000000002       -0.000000000000002        0.000000000000000
        1.033333333333333        0.533333333333333        0.978363931378728        0.978363931378727        0.000000000000000
        1.066666666666667        0.566666666666667        0.978363931378729        0.978363931378729        0.000000000000000
        1.000000000000000        0.600000000000000       -0.000000000000000       -0.000000000000000        0.000000000000000
        1.033333333333333        0.633333333333333       -0.506438436964380       -0.506438436964380        0.000000000000000
        1.066666666666667        0.666666666666667       -1.890053977656838       -1.890053977656837        0.000000000000001
        1.000000000000000        0.700000000000000        0.000000000000002        0.000000000000002        0.000000000000000
        1.033333333333333        0.733333333333333       -1.694576037440787       -1.694576037440785        0.000000000000001
        1.066666666666667        0.766666666666667       -3.651303900198244       -3.651303900198242        0.000000000000002
        1.000000000000000        0.800000000000000        0.000000000000002        0.000000000000002        0.000000000000000
        1.033333333333333        0.833333333333333       -1.890053977656838       -1.890053977656836        0.000000000000001
        1.066666666666667        0.866666666666667       -3.273669518349297       -3.273669518349295        0.000000000000002
        1.000000000000000        0.900000000000000        0.000000000000002        0.000000000000002        0.000000000000000
        1.033333333333333        0.933333333333333       -0.978363931378728       -0.978363931378727        0.000000000000001
        1.066666666666667        0.966666666666667       -0.978363931378729       -0.978363931378728        0.000000000000001
        1.000000000000000        1.000000000000000        0.000000000000000        0.000000000000000        0.000000000000000
        1.033333333333333        1.033333333333333        0.506438436964380        0.506438436964379        0.000000000000001
        1.066666666666667        1.066666666666667        1.890053977656838        1.890053977656836        0.000000000000002
