        0.000000000000000        0.000000000000000        0.005619332970903        0.002933621075261        0.002685711895643
        0.033333333333333        0.033333333333333        0.005242909038015        0.002737105725757        0.002505803312258
        0.066666666666667        0.066666666666667        0.004214499728178        0.002200215806446        0.002014283921732
        0.000000000000000        0.100000000000000        0.003973468449471        0.002074383355749        0.001899085093722
        0.033333333333333        0.133333333333333        0.002713929421557        0.001416830180570        0.001297099240987
        0.066666666666667        0.166666666666667        0.001259539027914        0.000657553175178        0.000601985852736
        0.000000000000000        0.200000000000000        0.000000000000000        0.000000000000000        0.000000000000000
        0.033333333333333        0.233333333333333       -0.001404833242726       -0.000733405268815        0.000671427973911
        0.066666666666667        0.266666666666667       -0.002433242552563       -0.001270295188127        0.001162947364436
        0.000000000000000        0.300000000000000       -0.003973468449471       -0.002074383355749        0.001899085093722
        0.033333333333333        0.333333333333333       -0.004700663646292       -0.002454021858444        0.002246641787848
        0.066666666666667        0.366666666666667       -0.004700663646292       -0.002454021858444        0.002246641787848
        0.000000000000000        0.400000000000000       -0.005619332970903       -0.002933621075261        0.002685711895643
        0.033333333333333        0.433333333333333       -0.005242909038015       -0.002737105725757        0.002505803312258
        0.066666666666667        0.466666666666667       -0.004214499728178       -0.002200215806446        0.002014283921732
        0.000000000000000        0.500000000000000       -0.003973468449471       -0.002074383355749        0.001899085093722
        0.033333333333333        0.533333333333333       -0.002713929421557       -0.001416830180570        0.001297099240987
        0.066666666666667        0.566666666666667       -0.001259539027914       -0.000657553175178        0.000601985852736
        0.000000000000000        0.600000000000000       -0.000000000000000       -0.000000000000000        0.000000000000000
        0.033333333333333        0.633333333333333        0.001404833242726        0.000733405268815        0.000671427973911
        0.066666666666667        0.666666666666667        0.002433242552563        0.001270295188127        0.001162947364436
        0.000000000000000        0.700000000000000        0.003973468449471        0.002074383355749        0.001899085093722
        0.033333333333333        0.733333333333333        0.004700663646292        0.002454021858444        0.002246641787848
        0.066666666666667        0.766666666666667        0.004700663646292        0.002454021858444        0.002246641787848
        0.000000000000000        0.800000000000000        0.005619332970903        0.002933621075261        0.002685711895643
        0.033333333333333        0.833333333333333        0.005242909038015        0.002737105725757        0.002505803312258
        0.066666666666667        0.866666666666667        0.004214499728178        0.002200215806446        0.002014283921732
        0.000000000000000        0.900000000000000        0.003973468449471        0.002074383355749        0.001899085093722
        0.033333333333333        0.933333333333333        0.002713929421557        0.001416830180570        0.001297099240987
        0.066666666666667        0.966666666666667        0.001259539027914        0.000657553175178        0.000601985852736
        0.000000000000000        1.000000000000000        0.000000000000000        0.000000000000000        0.000000000000000
        0.033333333333333        1.033333333333333       -0.001404833242726       -0.000733405268815        0.000671427973911
        0.066666666666667        1.066666666666667       -0.002433242552563       -0.001270295188127        0.001162947364436
        0.100000000000000        0.000000000000000        0.003973468449471        0.002074383355749        0.001899085093722
        0.133333333333333        0.033333333333333        0.002713929421557        0.001416830180570        0.001297099240987
        0.166666666666667        0.066666666666667        0.001259539027914        0.000657553175178        0.000601985852736
        0.100000000000000        0.100000000000000        0.002809666485452        0.001466810537630        0.001342855947821
        0.133333333333333        0.133333333333333        0.001404833242726        0.000733405268815        0.000671427973911
        0.166666666666667        0.166666666666667        0.000376423932889        0.000196515349504        0.000179908583385
        0.100000000000000        0.200000000000000        0.000000000000000        0.000000000000000        0.000000000000000
        0.133333333333333        0.233333333333333       -0.000727195196821       -0.000379638502696        0.000347556694125
        0.166666666666667        0.266666666666667       -0.000727195196821       -0.000379638502696        0.000347556694125
        0.100000000000000        0.300000000000000       -0.002809666485452       -0.001466810537630        0.001342855947821
        0.133333333333333        0.333333333333333       -0.002433242552563       -0.001270295188127        0.001162947364436
        0.166666666666667        0.366666666666667       -0.001404833242726       -0.000733405268815        0.000671427973911
        0.100000000000000        0.400000000000000       -0.003973468449471       -0.002074383355749        0.001899085093722
        0.133333333333333        0.433333333333333       -0.002713929421557       -0.001416830180570        0.001297099240987
        0.166666666666667        0.466666666666667       -0.001259539027914       -0.000657553175178        0.000601985852736
        0.100000000000000        0.500000000000000       -0.002809666485452       -0.001466810537630        0.001342855947821
        0.133333333333333        0.533333333333333       -0.001404833242726       -0.000733405268815        0.000671427973911
        0.166666666666667        0.566666666666667       -0.000376423932889       -0.000196515349504        0.000179908583385
        0.100000000000000        0.600000000000000       -0.000000000000000       -0.000000000000000        0.000000000000000
        0.133333333333333        0.633333333333333        0.000727195196821        0.000379638502696        0.000347556694125
        0.166666666666667        0.666666666666667        0.000727195196821        0.000379638502696        0.000347556694125
        0.100000000000000        0.700000000000000        0.002809666485452        0.001466810537630        0.001342855947821
        0.133333333333333        0.733333333333333        0.002433242552563        0.001270295188127        0.001162947364436
        0.166666666666667        0.766666666666667        0.001404833242726        0.000733405268815        0.000671427973911
        0.100000000000000        0.800000000000000        0.003973468449471        0.002074383355749        0.001899085093722
        0.133333333333333        0.833333333333333        0.002713929421557        0.001416830180570        0.001297099240987
        0.166666666666667        0.866666666666667        0.001259539027914        0.000657553175178        0.000601985852736
        0.100000000000000        0.900000000000000        0.002809666485452        0.001466810537630        0.001342855947821
        0.133333333333333        0.933333333333333        0.001404833242726        0.000733405268815        0.000671427973911
        0.166666666666667        0.966666666666667        0.000376423932889        0.000196515349504        0.000179908583385
        0.100000000000000        1.000000000000000        0.000000000000000        0.000000000000000        0.000000000000000
        0.133333333333333        1.033333333333333       -0.000727195196821       -0.000379638502696        0.000347556694125
        0.166666666666667        1.066666666666667       -0.000727195196821       -0.000379638502696        0.000347556694125
        0.200000000000000        0.000000000000000        0.000000000000000        0.000000000000000        0.000000000000000
        0.233333333333333        0.033333333333333       -0.001404833242726       -0.000733405268815        0.000671427973911
        0.266666666666667        0.066666666666667       -0.002433242552563       -0.001270295188127        0.001162947364436
        0.200000000000000        0.100000000000000        0.000000000000000        0.000000000000000        0.000000000000000
        0.233333333333333        0.133333333333333       -0.000727195196821       -0.000379638502696        0.000347556694125
        0.266666666666667        0.166666666666667       -0.000727195196821       -0.000379638502696        0.000347556694125
        0.200000000000000        0.200000000000000        0.000000000000000        0.000000000000000        0.000000000000000
        0.233333333333333        0.233333333333333        0.000376423932889        0.000196515349504        0.000179908583385
        0.266666666666667        0.266666666666667        0.001404833242726        0.000733405268815        0.000671427973911
        0.200000000000000        0.300000000000000       -0.000000000000000       -0.000000000000000        0.000000000000000
        0.233333333333333        0.333333333333333        0.001259539027914        0.000657553175178        0.000601985852736
        0.266666666666667        0.366666666666667        0.002713929421557        0.001416830180570        0.001297099240987
        0.200000000000000        0.400000000000000       -0.000000000000000       -0.000000000000000        0.000000000000000
        0.233333333333333        0.433333333333333        0.001404833242726        0.000733405268815        0.000671427973911
        0.266666666666667        0.466666666666667        0.002433242552563        0.001270295188127        0.001162947364436
        0.200000000000000        0.500000000000000       -0.000000000000000       -0.000000000000000        0.000000000000000
        0.233333333333333        0.533333333333333        0.000727195196821        0.000379638502696        0.000347556694125
        0.266666666666667        0.566666666666667        0.000727195196821        0.000379638502696        0.000347556694125
        0.200000000000000        0.600000000000000       -0.000000000000000        0.000000000000000        0.000000000000000
        0.233333333333333        0.633333333333333       -0.000376423932889       -0.000196515349504        0.000179908583385
        0.266666666666667        0.666666666666667       -0.001404833242726       -0.000733405268815        0.000671427973911
        0.200000000000000        0.700000000000000        0.000000000000000        0.000000000000000        0.000000000000000
        0.233333333333333        0.733333333333333       -0.001259539027914       -0.000657553175178        0.000601985852736
        0.266666666666667        0.766666666666667       -0.002713929421557       -0.001416830180570        0.001297099240987
        0.200000000000000        0.800000000000000        0.000000000000000        0.000000000000000        0.000000000000000
        0.233333333333333        0.833333333333333       -0.001404833242726       -0.000733405268815        0.000671427973911
        0.266666666666667        0.866666666666667       -0.002433242552563       -0.001270295188127        0.001162947364436
        0.200000000000000        0.900000000000000        0.000000000000000        0.000000000000000        0.000000000000000
        0.233333333333333        0.933333333333333       -0.000727195196821       -0.000379638502696        0.000347556694125
        0.266666666666667        0.966666666666667       -0.000727195196821       -0.000379638502696        0.000347556694125
        0.200000000000000        1.000000000000000        0.000000000000000        0.000000000000000        0.000000000000000
        0.233333333333333        1.033333333333333        0.000376423932889        0.000196515349504        0.000179908583385
        0.266666666666667        1.066666666666667        0.001404833242726        0.000733405268815        0.000671427973911
        0.300000000000000        0.000000000000000       -0.003973468449471       -0.002074383355749        0.001899085093722
        0.333333333333333        0.033333333333333       -0.004700663646292       -0.002454021858444        0.002246641787848
        0.366666666666667        0.066666666666667       -0.004700663646292       -0.002454021858444        0.002246641787848
        0.300000000000000        0.100000000000000       -0.002809666485452       -0.001466810537630        0.001342855947821
        0.333333333333333        0.133333333333333       -0.002433242552563       -0.001270295188127        0.001162947364436
        0.366666666666667        0.166666666666667       -0.001404833242726       -0.000733405268815        0.000671427973911
        0.300000000000000        0.200000000000000       -0.000000000000000       -0.000000000000000        0.000000000000000
        0.333333333333333        0.233333333333333        0.001259539027914        0.000657553175178        0.000601985852736
        0.366666666666667        0.266666666666667        0.002713929421557        0.001416830180570        0.001297099240987
        0.300000000000000        0.300000000000000        0.002809666485452        0.001466810537630        0.001342855947821
        0.333333333333333        0.333333333333333        0.004214499728178        0.002200215806446        0.002014283921732
        0.366666666666667        0.366666666666667        0.005242909038015        0.002737105725757        0.002505803312258
        0.300000000000000        0.400000000000000        0.003973468449471        0.002074383355749        0.001899085093722
        0.333333333333333        0.433333333333333        0.004700663646292        0.002454021858444        0.002246641787848
        0.366666666666667        0.466666666666667        0.004700663646292        0.002454021858444        0.002246641787848
        0.300000000000000        0.500000000000000        0.002809666485452        0.001466810537630        0.001342855947821
        0.333333333333333        0.533333333333333        0.002433242552563        0.001270295188127        0.001162947364436
        0.366666666666667        0.566666666666667        0.001404833242726        0.000733405268815        0.000671427973911
        0.300000000000000        0.600000000000000        0.000000000000000        0.000000000000000        0.000000000000000
        0.333333333333333        0.633333333333333       -0.001259539027914       -0.000657553175178        0.000601985852736
        0.366666666666667        0.666666666666667       -0.002713929421557       -0.001416830180570        0.001297099240987
        0.300000000000000        0.700000000000000       -0.002809666485452       -0.001466810537630        0.001342855947821
        0.333333333333333        0.733333333333333       -0.004214499728178       -0.002200215806446        0.002014283921732
        0.366666666666667        0.766666666666667       -0.005242909038015       -0.002737105725757        0.002505803312258
        0.300000000000000        0.800000000000000       -0.003973468449471       -0.002074383355749        0.001899085093722
        0.333333333333333        0.833333333333333       -0.004700663646292       -0.002454021858444        0.002246641787848
        0.366666666666667        0.866666666666667       -0.004700663646292       -0.002454021858444        0.002246641787848
        0.300000000000000        0.900000000000000       -0.002809666485452       -0.001466810537630        0.001342855947821
        0.333333333333333        0.933333333333333       -0.002433242552563       -0.001270295188127        0.001162947364436
        0.366666666666667        0.966666666666667       -0.001404833242726       -0.000733405268815        0.000671427973911
        0.300000000000000        1.000000000000000       -0.000000000000000       -0.000000000000000        0.000000000000000
        0.333333333333333        1.033333333333333        0.001259539027914        0.000657553175178        0.000601985852736
        0.366666666666667        1.066666666666667        0.002713929421557        0.001416830180570        0.001297099240987
        0.400000000000000        0.000000000000000       -0.005619332970903       -0.002933621075261        0.002685711895643
        0.433333333333333        0.033333333333333       -0.005242909038015       -0.002737105725757        0.002505803312258
        0.466666666666667        0.066666666666667       -0.004214499728178       -0.002200215806446        0.002014283921732
        0.400000000000000        0.100000000000000       -0.003973468449471       -0.002074383355749        0.001899085093722
        0.433333333333333        0.133333333333333       -0.002713929421557       -0.001416830180570        0.001297099240987
        0.466666666666667        0.166666666666667       -0.001259539027914       -0.000657553175178        0.000601985852736
        0.400000000000000        0.200000000000000       -0.000000000000000       -0.000000000000000        0.000000000000000
        0.433333333333333        0.233333333333333        0.001404833242726        0.000733405268815        0.000671427973911
        0.466666666666667        0.266666666666667        0.002433242552563        0.001270295188127        0.001162947364436
        0.400000000000000        0.300000000000000        0.003973468449471        0.002074383355749        0.001899085093722
        0.433333333333333        0.333333333333333        0.004700663646292        0.002454021858444        0.002246641787848
        0.466666666666667        0.366666666666667        0.004700663646292        0.002454021858444        0.002246641787848
        0.400000000000000        0.400000000000000        0.005619332970903        0.002933621075261        0.002685711895643
        0.433333333333333        0.433333333333333        0.005242909038015        0.002737105725757        0.002505803312258
        0.466666666666667        0.466666666666667        0.004214499728178        0.002200215806446        0.002014283921732
        0.400000000000000        0.500000000000000        0.003973468449471        0.002074383355749        0.001899085093722
        0.433333333333333        0.533333333333333        0.002713929421557        0.001416830180570        0.001297099240987
        0.466666666666667        0.566666666666667        0.001259539027914        0.000657553175179        0.000601985852736
        0.400000000000000        0.600000000000000        0.000000000000000        0.000000000000000        0.000000000000000
        0.433333333333333        0.633333333333333       -0.001404833242726       -0.000733405268815        0.000671427973911
        0.466666666666667        0.666666666666667       -0.002433242552563       -0.001270295188127        0.001162947364436
        0.400000000000000        0.700000000000000       -0.003973468449471       -0.002074383355749        0.001899085093722
        0.433333333333333        0.733333333333333       -0.004700663646292       -0.002454021858444        0.002246641787848
        0.466666666666667        0.766666666666667       -0.004700663646292       -0.002454021858444        0.002246641787848
        0.400000000000000        0.800000000000000       -0.005619332970903       -0.002933621075261        0.002685711895643
        0.433333333333333        0.833333333333333       -0.005242909038015       -0.002737105725757        0.002505803312258
        0.466666666666667        0.866666666666667       -0.004214499728178       -0.002200215806446        0.002014283921732
        0.400000000000000        0.900000000000000       -0.003973468449471       -0.002074383355749        0.001899085093722
        0.433333333333333        0.933333333333333       -0.002713929421557       -0.001416830180570        0.001297099240987
        0.466666666666667        0.966666666666667       -0.001259539027914       -0.000657553175179        0.000601985852736
        0.400000000000000        1.000000000000000       -0.000000000000000       -0.000000000000000        0.000000000000000
        0.433333333333333        1.033333333333333        0.001404833242726        0.000733405268815        0.000671427973911
        0.466666666666667        1.066666666666667        0.002433242552563        0.001270295188127        0.001162947364436
        0.500000000000000        0.000000000000000       -0.003973468449471       -0.002074383355749        0.001899085093722
        0.533333333333333        0.033333333333333       -0.002713929421557       -0.001416830180570        0.001297099240987
        0.566666666666667        0.066666666666667       -0.001259539027914       -0.000657553175178        0.000601985852736
        0.500000000000000        0.100000000000000       -0.002809666485452       -0.001466810537630        0.001342855947821
        0.533333333333333        0.133333333333333       -0.001404833242726       -0.000733405268815        0.000671427973911
        0.566666666666667        0.166666666666667       -0.000376423932889       -0.000196515349504        0.000179908583385
        0.500000000000000        0.200000000000000       -0.000000000000000       -0.000000000000000        0.000000000000000
        0.533333333333333        0.233333333333333        0.000727195196821        0.000379638502696        0.000347556694125
        0.566666666666667        0.266666666666667        0.000727195196821        0.000379638502696        0.000347556694125
        0.500000000000000        0.300000000000000        0.002809666485452        0.001466810537630        0.001342855947821
        0.533333333333333        0.333333333333333        0.002433242552563        0.001270295188127        0.001162947364436
        0.566666666666667        0.366666666666667        0.001404833242726        0.000733405268815        0.000671427973911
        0.500000000000000        0.400000000000000        0.003973468449471        0.002074383355749        0.001899085093722
        0.533333333333333        0.433333333333333        0.002713929421557        0.001416830180570        0.001297099240987
        0.566666666666667        0.466666666666667        0.001259539027914        0.000657553175179        0.000601985852736
        0.500000000000000        0.500000000000000        0.002809666485452        0.001466810537630        0.001342855947821
        0.533333333333333        0.533333333333333        0.001404833242726        0.000733405268815        0.000671427973911
        0.566666666666667        0.566666666666667        0.000376423932889        0.000196515349504        0.000179908583385
        0.500000000000000        0.600000000000000        0.000000000000000        0.000000000000000        0.000000000000000
        0.533333333333333        0.633333333333333       -0.000727195196821       -0.000379638502696        0.000347556694125
        0.566666666666667        0.666666666666667       -0.000727195196821       -0.000379638502696        0.000347556694125
        0.500000000000000        0.700000000000000       -0.002809666485452       -0.001466810537630        0.001342855947821
        0.533333333333333        0.733333333333333       -0.002433242552563       -0.001270295188127        0.001162947364436
        0.566666666666667        0.766666666666667       -0.001404833242726       -0.000733405268815        0.000671427973911
        0.500000000000000        0.800000000000000       -0.003973468449471       -0.002074383355749        0.001899085093722
        0.533333333333333        0.833333333333333       -0.002713929421557       -0.001416830180570        0.001297099240987
        0.566666666666667        0.866666666666667       -0.001259539027914       -0.000657553175178        0.000601985852736
        0.500000000000000        0.900000000000000       -0.002809666485452       -0.001466810537630        0.001342855947821
        0.533333333333333        0.933333333333333       -0.001404833242726       -0.000733405268815        0.000671427973911
        0.566666666666667        0.966666666666667       -0.000376423932889       -0.000196515349504        0.000179908583385
        0.500000000000000        1.000000000000000       -0.000000000000000       -0.000000000000000        0.000000000000000
        0.533333333333333        1.033333333333333        0.000727195196821        0.000379638502696        0.000347556694125
        0.566666666666667        1.066666666666667        0.000727195196821        0.000379638502696        0.000347556694125
        0.600000000000000        0.000000000000000       -0.000000000000000       -0.000000000000000        0.000000000000000
        0.633333333333333        0.033333333333333        0.001404833242726        0.000733405268815        0.000671427973911
        0.666666666666667        0.066666666666667        0.002433242552563        0.001270295188127        0.001162947364436
        0.600000000000000        0.100000000000000       -0.000000000000000       -0.000000000000000        0.000000000000000
        0.633333333333333        0.133333333333333        0.000727195196821        0.000379638502696        0.000347556694125
        0.666666666666667        0.166666666666667        0.000727195196821        0.000379638502696        0.000347556694125
        0.600000000000000        0.200000000000000       -0.000000000000000       -0.000000000000000        0.000000000000000
        0.633333333333333        0.233333333333333       -0.000376423932889       -0.000196515349504        0.000179908583385
        0.666666666666667        0.266666666666667       -0.001404833242726       -0.000733405268815        0.000671427973911
        0.600000000000000        0.300000000000000        0.000000000000000        0.000000000000000        0.000000000000000
        0.633333333333333        0.333333333333333       -0.001259539027914       -0.000657553175178        0.000601985852736
        0.666666666666667        0.366666666666667       -0.002713929421557       -0.001416830180570        0.001297099240987
        0.600000000000000        0.400000000000000        0.000000000000000        0.000000000000000        0.000000000000000
        0.633333333333333        0.433333333333333       -0.001404833242726       -0.000733405268815        0.000671427973911
        0.666666666666667        0.466666666666667       -0.002433242552563       -0.001270295188127        0.001162947364436
        0.600000000000000        0.500000000000000        0.000000000000000        0.000000000000000        0.000000000000000
        0.633333333333333        0.533333333333333       -0.000727195196821       -0.000379638502696        0.000347556694125
        0.666666666666667        0.566666666666667       -0.000727195196821       -0.000379638502696        0.000347556694125
        0.600000000000000        0.600000000000000        0.000000000000000       -0.000000000000000        0.000000000000000
        0.633333333333333        0.633333333333333        0.000376423932889        0.000196515349504        0.000179908583385
        0.666666666666667        0.666666666666667        0.001404833242726        0.000733405268815        0.000671427973911
        0.600000000000000        0.700000000000000       -0.000000000000000       -0.000000000000000        0.000000000000000
        0.633333333333333        0.733333333333333        0.001259539027914        0.000657553175178        0.000601985852736
        0.666666666666667        0.766666666666667        0.002713929421557        0.001416830180570        0.001297099240987
        0.600000000000000        0.800000000000000       -0.000000000000000       -0.000000000000000        0.000000000000000
        0.633333333333333        0.833333333333333        0.001404833242726        0.000733405268815        0.000671427973911
        0.666666666666667        0.866666666666667        0.002433242552563        0.001270295188127        0.001162947364436
        0.600000000000000        0.900000000000000       -0.000000000000000       -0.000000000000000        0.000000000000000
        0.633333333333333        0.933333333333333        0.000727195196821        0.000379638502696        0.000347556694125
        0.666666666666667        0.966666666666667        0.000727195196821        0.000379638502696        0.000347556694125
        0.600000000000000        1.000000000000000       -0.000000000000000       -0.000000000000000        0.000000000000000
        0.633333333333333        1.033333333333333       -0.000376423932889       -0.000196515349504        0.000179908583385
        0.666666666666667        1.066666666666667       -0.001404833242726       -0.000733405268815        0.000671427973911
        0.700000000000000        0.000000000000000        0.003973468449471        0.002074383355749        0.001899085093722
        0.733333333333333        0.033333333333333        0.004700663646292        0.002454021858444        0.002246641787848
        0.766666666666667        0.066666666666667        0.004700663646292        0.002454021858444        0.002246641787848
        0.700000000000000        0.100000000000000        0.002809666485452        0.001466810537630        0.001342855947821
        0.733333333333333        0.133333333333333        0.002433242552563        0.001270295188127        0.001162947364436
        0.766666666666667        0.166666666666667        0.001404833242726        0.000733405268815        0.000671427973911
        0.700000000000000        0.200000000000000        0.000000000000000        0.000000000000000        0.000000000000000
        0.733333333333333        0.233333333333333       -0.001259539027914       -0.000657553175178        0.000601985852736
        0.766666666666667        0.266666666666667       -0.002713929421557       -0.001416830180570        0.001297099240987
        0.700000000000000        0.300000000000000       -0.002809666485452       -0.001466810537630        0.001342855947821
        0.733333333333333        0.333333333333333       -0.004214499728178       -0.002200215806446        0.002014283921732
        0.766666666666667        0.366666666666667       -0.005242909038015       -0.002737105725757        0.002505803312258
        0.700000000000000        0.400000000000000       -0.003973468449471       -0.002074383355749        0.001899085093722
        0.733333333333333        0.433333333333333       -0.004700663646292       -0.002454021858444        0.002246641787848
        0.766666666666667        0.466666666666667       -0.004700663646292       -0.002454021858444        0.002246641787848
        0.700000000000000        0.500000000000000       -0.002809666485452       -0.001466810537630        0.001342855947821
        0.733333333333333        0.533333333333333       -0.002433242552563       -0.001270295188127        0.001162947364436
        0.766666666666667        0.566666666666667       -0.001404833242726       -0.000733405268815        0.000671427973911
        0.700000000000000        0.600000000000000       -0.000000000000000       -0.000000000000000        0.000000000000000
        0.733333333333333        0.633333333333333        0.001259539027914        0.000657553175178        0.000601985852736
        0.766666666666667        0.666666666666667        0.002713929421557        0.001416830180570        0.001297099240987
        0.700000000000000        0.700000000000000        0.002809666485452        0.001466810537630        0.001342855947821
        0.733333333333333        0.733333333333333        0.004214499728178        0.002200215806446        0.002014283921732
        0.766666666666667        0.766666666666667        0.005242909038015        0.002737105725757        0.002505803312258
        0.700000000000000        0.800000000000000        0.003973468449471        0.002074383355749        0.001899085093722
        0.733333333333333        0.833333333333333        0.004700663646292        0.002454021858444        0.002246641787848
        0.766666666666667        0.866666666666667        0.004700663646292        0.002454021858444        0.002246641787848
        0.700000000000000        0.900000000000000        0.002809666485452        0.001466810537630        0.001342855947821
        0.733333333333333        0.933333333333333        0.002433242552563        0.001270295188127        0.001162947364436
        0.766666666666667        0.966666666666667        0.001404833242726        0.000733405268815        0.000671427973911
        0.700000000000000        1.000000000000000        0.000000000000000        0.000000000000000        0.000000000000000
        0.733333333333333        1.033333333333333       -0.001259539027914       -0.000657553175178        0.000601985852736
        0.766666666666667        1.066666666666667       -0.002713929421557       -0.001416830180570        0.001297099240987
        0.800000000000000        0.000000000000000        0.005619332970903        0.002933621075261        0.002685711895643
        0.833333333333333        0.033333333333333        0.005242909038015        0.002737105725757        0.002505803312258
        0.866666666666667        0.066666666666667        0.004214499728178        0.002200215806446        0.002014283921732
        0.800000000000000        0.100000000000000        0.003973468449471        0.002074383355749        0.001899085093722
        0.833333333333333        0.133333333333333        0.002713929421557        0.001416830180570        0.001297099240987
        0.866666666666667        0.166666666666667        0.001259539027914        0.000657553175178        0.000601985852736
        0.800000000000000        0.200000000000000        0.000000000000000        0.000000000000000        0.000000000000000
        0.833333333333333        0.233333333333333       -0.001404833242726       -0.000733405268815        0.000671427973911
        0.866666666666667        0.266666666666667       -0.002433242552563       -0.001270295188127        0.001162947364436
        0.800000000000000        0.300000000000000       -0.003973468449471       -0.002074383355749        0.001899085093722
        0.833333333333333        0.333333333333333       -0.004700663646292       -0.002454021858444        0.002246641787848
        0.866666666666667        0.366666666666667       -0.004700663646292       -0.002454021858444        0.002246641787848
        0.800000000000000        0.400000000000000       -0.005619332970903       -0.002933621075261        0.002685711895643
        0.833333333333333        0.433333333333333       -0.005242909038015       -0.002737105725757        0.002505803312258
        0.866666666666667        0.466666666666667       -0.004214499728178       -0.002200215806446        0.002014283921732
        0.800000000000000        0.500000000000000       -0.003973468449471       -0.002074383355749        0.001899085093722
        0.833333333333333        0.533333333333333       -0.002713929421557       -0.001416830180570        0.001297099240987
        0.866666666666667        0.566666666666667       -0.001259539027914       -0.000657553175178        0.000601985852736
        0.800000000000000        0.600000000000000       -0.000000000000000       -0.000000000000000        0.000000000000000
        0.833333333333333        0.633333333333333        0.001404833242726        0.000733405268815        0.000671427973911
        0.866666666666667        0.666666666666667        0.002433242552563        0.001270295188127        0.001162947364436
        0.800000000000000        0.700000000000000        0.003973468449471        0.002074383355749        0.001899085093722
        0.833333333333333        0.733333333333333        0.004700663646292        0.002454021858444        0.002246641787848
        0.866666666666667        0.766666666666667        0.004700663646292        0.002454021858444        0.002246641787848
        0.800000000000000        0.800000000000000        0.005619332970903        0.002933621075261        0.002685711895643
        0.833333333333333        0.833333333333333        0.005242909038015        0.002737105725757        0.002505803312258
        0.866666666666667        0.866666666666667        0.004214499728178        0.002200215806446        0.002014283921732
        0.800000000000000        0.900000000000000        0.003973468449471        0.002074383355749        0.001899085093722
        0.833333333333333        0.933333333333333        0.002713929421557        0.001416830180570        0.001297099240987
        0.866666666666667        0.966666666666667        0.001259539027914        0.000657553175179        0.000601985852736
        0.800000000000000        1.000000000000000        0.000000000000000        0.000000000000000        0.000000000000000
        0.833333333333333        1.033333333333333       -0.001404833242726       -0.000733405268815        0.000671427973911
        0.866666666666667        1.066666666666667       -0.002433242552563       -0.001270295188127        0.001162947364436
        0.900000000000000        0.000000000000000        0.003973468449471        0.002074383355749        0.001899085093722
        0.933333333333333        0.033333333333333        0.002713929421557        0.001416830180570        0.001297099240987
        0.966666666666667        0.066666666666667        0.001259539027914        0.000657553175178        0.000601985852736
        0.900000000000000        0.100000000000000        0.002809666485452        0.001466810537630        0.001342855947821
        0.933333333333333        0.133333333333333        0.001404833242726        0.000733405268815        0.000671427973911
        0.966666666666667        0.166666666666667        0.000376423932889        0.000196515349504        0.000179908583385
        0.900000000000000        0.200000000000000        0.000000000000000        0.000000000000000        0.000000000000000
        0.933333333333333        0.233333333333333       -0.000727195196821       -0.000379638502696        0.000347556694125
        0.966666666666667        0.266666666666667       -0.000727195196821       -0.000379638502696        0.000347556694125
        0.900000000000000        0.300000000000000       -0.002809666485452       -0.001466810537630        0.001342855947821
        0.933333333333333        0.333333333333333       -0.002433242552563       -0.001270295188127        0.001162947364436
        0.966666666666667        0.366666666666667       -0.001404833242726       -0.000733405268815        0.000671427973911
        0.900000000000000        0.400000000000000       -0.003973468449471       -0.002074383355749        0.001899085093722
        0.933333333333333        0.433333333333333       -0.002713929421557       -0.001416830180570        0.001297099240987
        0.966666666666667        0.466666666666667       -0.001259539027914       -0.000657553175179        0.000601985852736
        0.900000000000000        0.500000000000000       -0.002809666485452       -0.001466810537630        0.001342855947821
        0.933333333333333        0.533333333333333       -0.001404833242726       -0.000733405268815        0.000671427973911
        0.966666666666667        0.566666666666667       -0.000376423932889       -0.000196515349504        0.000179908583385
        0.900000000000000        0.600000000000000       -0.000000000000000       -0.000000000000000        0.000000000000000
        0.933333333333333        0.633333333333333        0.000727195196821        0.000379638502696        0.000347556694125
        0.966666666666667        0.666666666666667        0.000727195196821        0.000379638502696        0.000347556694125
        0.900000000000000        0.700000000000000        0.002809666485452        0.001466810537630        0.001342855947821
        0.933333333333333        0.733333333333333        0.002433242552563        0.001270295188127        0.001162947364436
        0.966666666666667        0.766666666666667        0.001404833242726        0.000733405268815        0.000671427973911
        0.900000000000000        0.800000000000000        0.003973468449471        0.002074383355749        0.001899085093722
        0.933333333333333        0.833333333333333        0.002713929421557        0.001416830180570        0.001297099240987
        0.966666666666667        0.866666666666667        0.001259539027914        0.000657553175179        0.000601985852736
        0.900000000000000        0.900000000000000        0.002809666485452        0.001466810537630        0.001342855947821
        0.933333333333333        0.933333333333333        0.001404833242726        0.000733405268815        0.000671427973911
        0.966666666666667        0.966666666666667        0.000376423932889        0.000196515349504        0.000179908583385
        0.900000000000000        1.000000000000000        0.000000000000000        0.000000000000000        0.000000000000000
        0.933333333333333        1.033333333333333       -0.000727195196821       -0.000379638502696        0.000347556694125
        0.966666666666667        1.066666666666667       -0.000727195196821       -0.000379638502696        0.000347556694125
        1.000000000000000        0.000000000000000        0.000000000000000        0.000000000000000        0.000000000000000
        1.033333333333333        0.033333333333333       -0.001404833242726       -0.000733405268815        0.000671427973911
        1.066666666666667        0.066666666666667       -0.002433242552563       -0.001270295188127        0.001162947364436
        1.000000000000000        0.100000000000000        0.000000000000000        0.000000000000000        0.000000000000000
        1.033333333333333        0.133333333333333       -0.000727195196821       -0.000379638502696        0.000347556694125
        1.066666666666667        0.166666666666667       -0.000727195196821       -0.000379638502696        0.000347556694125
        1.000000000000000        0.200000000000000        0.000000000000000        0.000000000000000        0.000000000000000
        1.033333333333333        0.233333333333333        0.000376423932889        0.000196515349504        0.000179908583385
        1.066666666666667        0.266666666666667        0.001404833242726        0.000733405268815        0.000671427973911
        1.000000000000000        0.300000000000000       -0.000000000000000       -0.000000000000000        0.000000000000000
        1.033333333333333        0.333333333333333        0.001259539027914        0.000657553175178        0.000601985852736
        1.066666666666667        0.366666666666667        0.002713929421557        0.001416830180570        0.001297099240987
        1.000000000000000        0.400000000000000       -0.000000000000000       -0.000000000000000        0.000000000000000
        1.033333333333333        0.433333333333333        0.001404833242726        0.000733405268815        0.000671427973911
        1.066666666666667        0.466666666666667        0.002433242552563        0.001270295188127        0.001162947364436
        1.000000000000000        0.500000000000000       -0.000000000000000       -0.000000000000000        0.000000000000000
        1.033333333333333        0.533333333333333        0.000727195196821        0.000379638502696        0.000347556694125
        1.066666666666667        0.566666666666667        0.000727195196821        0.000379638502696        0.000347556694125
        1.000000000000000        0.600000000000000       -0.000000000000000       -0.000000000000000        0.000000000000000
        1.033333333333333        0.633333333333333       -0.000376423932889       -0.000196515349504        0.000179908583385
        1.066666666666667        0.666666666666667       -0.001404833242726       -0.000733405268815        0.000671427973911
        1.000000000000000        0.700000000000000        0.000000000000000        0.000000000000000        0.000000000000000
        1.033333333333333        0.733333333333333       -0.001259539027914       -0.000657553175178        0.000601985852736
        1.066666666666667        0.766666666666667       -0.002713929421557       -0.001416830180570        0.001297099240987
        1.000000000000000        0.800000000000000        0.000000000000000        0.000000000000000        0.000000000000000
        1.033333333333333        0.833333333333333       -0.001404833242726       -0.000733405268815        0.000671427973911
        1.066666666666667        0.866666666666667       -0.002433242552563       -0.001270295188127        0.001162947364436
        1.000000000000000        0.900000000000000        0.000000000000000        0.000000000000000        0.000000000000000
        1.033333333333333        0.933333333333333       -0.000727195196821       -0.000379638502696        0.000347556694125
        1.066666666666667        0.966666666666667       -0.000727195196821       -0.000379638502696        0.000347556694125
        1.000000000000000        1.000000000000000        0.000000000000000        0.000000000000000        0.000000000000000
        1.033333333333333        1.033333333333333        0.000376423932889        0.000196515349504        0.000179908583385
        1.066666666666667        1.066666666666667        0.001404833242726        0.000733405268815        0.000671427973911
