        0.000000000000000        0.000000000000000        0.004967133501201        0.002593134736491        0.002373998764710
        0.033333333333333        0.033333333333333        0.004634398648615        0.002419427646864        0.002214971001751
        0.066666666666667        0.066666666666667        0.003725350125901        0.001944851052368        0.001780499073533
        0.000000000000000        0.100000000000000        0.003512293781758        0.001833623156703        0.001678670625055
        0.033333333333333        0.133333333333333        0.002398941265718        0.001252387906512        0.001146553359206
        0.066666666666667        0.166666666666667        0.001113352516040        0.000581235250191        0.000532117265849
        0.000000000000000        0.200000000000000        0.000000000000000        0.000000000000000        0.000000000000000
        0.033333333333333        0.233333333333333       -0.001241783375300       -0.000648283684123        0.000593499691178
        0.066666666666667        0.266666666666667       -0.002150831898014       -0.001122860278618        0.001027971619396
        0.000000000000000        0.300000000000000       -0.003512293781758       -0.001833623156703        0.001678670625055
        0.033333333333333        0.333333333333333       -0.004155088156597       -0.002169199484863        0.001985888671734
        0.066666666666667        0.366666666666667       -0.004155088156597       -0.002169199484863        0.001985888671734
        0.000000000000000        0.400000000000000       -0.004967133501201       -0.002593134736491        0.002373998764710
        0.033333333333333        0.433333333333333       -0.004634398648615       -0.002419427646864        0.002214971001751
        0.066666666666667        0.466666666666667       -0.003725350125901       -0.001944851052368        0.001780499073533
        0.000000000000000        0.500000000000000       -0.003512293781758       -0.001833623156703        0.001678670625055
        0.033333333333333        0.533333333333333       -0.002398941265718       -0.001252387906512        0.001146553359206
        0.066666666666667        0.566666666666667       -0.001113352516040       -0.000581235250191        0.000532117265849
        0.000000000000000        0.600000000000000       -0.000000000000000       -0.000000000000000        0.000000000000000
        0.033333333333333        0.633333333333333        0.001241783375300        0.000648283684123        0.000593499691178
        0.066666666666667        0.666666666666667        0.002150831898014        0.001122860278618        0.001027971619396
        0.000000000000000        0.700000000000000        0.003512293781758        0.001833623156703        0.001678670625055
        0.033333333333333        0.733333333333333        0.004155088156597        0.002169199484863        0.001985888671734
        0.066666666666667        0.766666666666667        0.004155088156597        0.002169199484863        0.001985888671734
        0.000000000000000        0.800000000000000        0.004967133501201        0.002593134736491        0.002373998764710
        0.033333333333333        0.833333333333333        0.004634398648615        0.002419427646864        0.002214971001751
        0.066666666666667        0.866666666666667        0.003725350125901        0.001944851052368        0.001780499073533
        0.000000000000000        0.900000000000000        0.003512293781758        0.001833623156703        0.001678670625055
        0.033333333333333        0.933333333333333        0.002398941265718        0.001252387906512        0.001146553359206
        0.066666666666667        0.966666666666667        0.001113352516040        0.000581235250191        0.000532117265849
        0.000000000000000        1.000000000000000        0.000000000000000        0.000000000000000        0.000000000000000
        0.033333333333333        1.033333333333333       -0.001241783375300       -0.000648283684123        0.000593499691178
        0.066666666666667        1.066666666666667       -0.002150831898014       -0.001122860278618        0.001027971619396
        0.100000000000000        0.000000000000000        0.003512293781758        0.001833623156703        0.001678670625055
        0.133333333333333        0.033333333333333        0.002398941265718        0.001252387906512        0.001146553359206
        0.166666666666667        0.066666666666667        0.001113352516040        0.000581235250191        0.000532117265849
        0.100000000000000        0.100000000000000        0.002483566750601        0.001296567368245        0.001186999382355
        0.133333333333333        0.133333333333333        0.001241783375300        0.000648283684123        0.000593499691178
        0.166666666666667        0.166666666666667        0.000332734852586        0.000173707089627        0.000159027762959
        0.100000000000000        0.200000000000000        0.000000000000000        0.000000000000000        0.000000000000000
        0.133333333333333        0.233333333333333       -0.000642794374839       -0.000335576328160        0.000307218046678
        0.166666666666667        0.266666666666667       -0.000642794374839       -0.000335576328160        0.000307218046678
        0.100000000000000        0.300000000000000       -0.002483566750601       -0.001296567368245        0.001186999382355
        0.133333333333333        0.333333333333333       -0.002150831898014       -0.001122860278618        0.001027971619396
        0.166666666666667        0.366666666666667       -0.001241783375300       -0.000648283684123        0.000593499691178
        0.100000000000000        0.400000000000000       -0.003512293781758       -0.001833623156703        0.001678670625055
        0.133333333333333        0.433333333333333       -0.002398941265718       -0.001252387906512        0.001146553359206
        0.166666666666667        0.466666666666667       -0.001113352516040       -0.000581235250191        0.000532117265849
        0.100000000000000        0.500000000000000       -0.002483566750601       -0.001296567368245        0.001186999382355
        0.133333333333333        0.533333333333333       -0.001241783375300       -0.000648283684123        0.000593499691178
        0.166666666666667        0.566666666666667       -0.000332734852586       -0.000173707089627        0.000159027762959
        0.100000000000000        0.600000000000000       -0.000000000000000       -0.000000000000000        0.000000000000000
        0.133333333333333        0.633333333333333        0.000642794374839        0.000335576328160        0.000307218046678
        0.166666666666667        0.666666666666667        0.000642794374839        0.000335576328160        0.000307218046678
        0.100000000000000        0.700000000000000        0.002483566750601        0.001296567368245        0.001186999382355
        0.133333333333333        0.733333333333333        0.002150831898014        0.001122860278618        0.001027971619396
        0.166666666666667        0.766666666666667        0.001241783375300        0.000648283684123        0.000593499691178
        0.100000000000000        0.800000000000000        0.003512293781758        0.001833623156703        0.001678670625055
        0.133333333333333        0.833333333333333        0.002398941265718        0.001252387906512        0.001146553359206
        0.166666666666667        0.866666666666667        0.001113352516040        0.000581235250191        0.000532117265849
        0.100000000000000        0.900000000000000        0.002483566750601        0.001296567368245        0.001186999382355
        0.133333333333333        0.933333333333333        0.001241783375300        0.000648283684123        0.000593499691178
        0.166666666666667        0.966666666666667        0.000332734852586        0.000173707089627        0.000159027762959
        0.100000000000000        1.000000000000000        0.000000000000000        0.000000000000000        0.000000000000000
        0.133333333333333        1.033333333333333       -0.000642794374839       -0.000335576328160        0.000307218046678
        0.166666666666667        1.066666666666667       -0.000642794374839       -0.000335576328160        0.000307218046678
        0.200000000000000        0.000000000000000        0.000000000000000        0.000000000000000        0.000000000000000
        0.233333333333333        0.033333333333333       -0.001241783375300       -0.000648283684123        0.000593499691178
        0.266666666666667        0.066666666666667       -0.002150831898014       -0.001122860278618        0.001027971619396
        0.200000000000000        0.100000000000000        0.000000000000000        0.000000000000000        0.000000000000000
        0.233333333333333        0.133333333333333       -0.000642794374839       -0.000335576328160        0.000307218046678
        0.266666666666667        0.166666666666667       -0.000642794374839       -0.000335576328160        0.000307218046678
        0.200000000000000        0.200000000000000        0.000000000000000       -0.000000000000000        0.000000000000000
        0.233333333333333        0.233333333333333        0.000332734852586        0.000173707089627        0.000159027762959
        0.266666666666667        0.266666666666667        0.001241783375300        0.000648283684123        0.000593499691178
        0.200000000000000        0.300000000000000       -0.000000000000000       -0.000000000000000        0.000000000000000
        0.233333333333333        0.333333333333333        0.001113352516040        0.000581235250191        0.000532117265849
        0.266666666666667        0.366666666666667        0.002398941265718        0.001252387906512        0.001146553359206
        0.200000000000000        0.400000000000000       -0.000000000000000       -0.000000000000000        0.000000000000000
        0.233333333333333        0.433333333333333        0.001241783375300        0.000648283684123        0.000593499691178
        0.266666666666667        0.466666666666667        0.002150831898014        0.001122860278618        0.001027971619396
        0.200000000000000        0.500000000000000       -0.000000000000000       -0.000000000000000        0.000000000000000
        0.233333333333333        0.533333333333333        0.000642794374839        0.000335576328160        0.000307218046678
        0.266666666666667        0.566666666666667        0.000642794374839        0.000335576328160        0.000307218046678
        0.200000000000000        0.600000000000000       -0.000000000000000       -0.000000000000000        0.000000000000000
        0.233333333333333        0.633333333333333       -0.000332734852586       -0.000173707089627        0.000159027762959
        0.266666666666667        0.666666666666667       -0.001241783375300       -0.000648283684123        0.000593499691178
        0.200000000000000        0.700000000000000        0.000000000000000        0.000000000000000        0.000000000000000
        0.233333333333333        0.733333333333333       -0.001113352516040       -0.000581235250191        0.000532117265849
        0.266666666666667        0.766666666666667       -0.002398941265718       -0.001252387906512        0.001146553359206
        0.200000000000000        0.800000000000000        0.000000000000000        0.000000000000000        0.000000000000000
        0.233333333333333        0.833333333333333       -0.001241783375300       -0.000648283684123        0.000593499691178
        0.266666666666667        0.866666666666667       -0.002150831898014       -0.001122860278618        0.001027971619396
        0.200000000000000        0.900000000000000        0.000000000000000        0.000000000000000        0.000000000000000
        0.233333333333333        0.933333333333333       -0.000642794374839       -0.000335576328160        0.000307218046678
        0.266666666666667        0.966666666666667       -0.000642794374839       -0.000335576328160        0.000307218046678
        0.200000000000000        1.000000000000000        0.000000000000000        0.000000000000000        0.000000000000000
        0.233333333333333        1.033333333333333        0.000332734852586        0.000173707089627        0.000159027762959
        0.266666666666667        1.066666666666667        0.001241783375300        0.000648283684123        0.000593499691178
        0.300000000000000        0.000000000000000       -0.003512293781758       -0.001833623156703        0.001678670625055
        0.333333333333333        0.033333333333333       -0.004155088156597       -0.002169199484863        0.001985888671734
        0.366666666666667        0.066666666666667       -0.004155088156597       -0.002169199484863        0.001985888671734
        0.300000000000000        0.100000000000000       -0.002483566750601       -0.001296567368245        0.001186999382355
        0.333333333333333        0.133333333333333       -0.002150831898014       -0.001122860278618        0.001027971619396
        0.366666666666667        0.166666666666667       -0.001241783375300       -0.000648283684123        0.000593499691178
        0.300000000000000        0.200000000000000       -0.000000000000000       -0.000000000000000        0.000000000000000
        0.333333333333333        0.233333333333333        0.001113352516040        0.000581235250191        0.000532117265849
        0.366666666666667        0.266666666666667        0.002398941265718        0.001252387906512        0.001146553359206
        0.300000000000000        0.300000000000000        0.002483566750601        0.001296567368245        0.001186999382355
        0.333333333333333        0.333333333333333        0.003725350125901        0.001944851052368        0.001780499073533
        0.366666666666667        0.366666666666667        0.004634398648615        0.002419427646864        0.002214971001751
        0.300000000000000        0.400000000000000        0.003512293781758        0.001833623156703        0.001678670625055
        0.333333333333333        0.433333333333333        0.004155088156597        0.002169199484863        0.001985888671734
        0.366666666666667        0.466666666666667        0.004155088156597        0.002169199484863        0.001985888671734
        0.300000000000000        0.500000000000000        0.002483566750601        0.001296567368245        0.001186999382355
        0.333333333333333        0.533333333333333        0.002150831898014        0.001122860278618        0.001027971619396
        0.366666666666667        0.566666666666667        0.001241783375300        0.000648283684123        0.000593499691178
        0.300000000000000        0.600000000000000        0.000000000000000        0.000000000000000        0.000000000000000
        0.333333333333333        0.633333333333333       -0.001113352516040       -0.000581235250191        0.000532117265849
        0.366666666666667        0.666666666666667       -0.002398941265718       -0.001252387906512        0.001146553359206
        0.300000000000000        0.700000000000000       -0.002483566750601       -0.001296567368245        0.001186999382355
        0.333333333333333        0.733333333333333       -0.003725350125901       -0.001944851052368        0.001780499073533
        0.366666666666667        0.766666666666667       -0.004634398648615       -0.002419427646864        0.002214971001751
        0.300000000000000        0.800000000000000       -0.003512293781758       -0.001833623156703        0.001678670625055
        0.333333333333333        0.833333333333333       -0.004155088156597       -0.002169199484863        0.001985888671734
        0.366666666666667        0.866666666666667       -0.004155088156597       -0.002169199484863        0.001985888671734
        0.300000000000000        0.900000000000000       -0.002483566750601       -0.001296567368245        0.001186999382355
        0.333333333333333        0.933333333333333       -0.002150831898014       -0.001122860278618        0.001027971619396
        0.366666666666667        0.966666666666667       -0.001241783375300       -0.000648283684123        0.000593499691178
        0.300000000000000        1.000000000000000       -0.000000000000000       -0.000000000000000        0.000000000000000
        0.333333333333333        1.033333333333333        0.001113352516040        0.000581235250191        0.000532117265849
        0.366666666666667        1.066666666666667        0.002398941265718        0.001252387906512        0.001146553359206
        0.400000000000000        0.000000000000000       -0.004967133501201       -0.002593134736491        0.002373998764710
        0.433333333333333        0.033333333333333       -0.004634398648615       -0.002419427646864        0.002214971001751
        0.466666666666667        0.066666666666667       -0.003725350125901       -0.001944851052368        0.001780499073533
        0.400000000000000        0.100000000000000       -0.003512293781758       -0.001833623156703        0.001678670625055
        0.433333333333333        0.133333333333333       -0.002398941265718       -0.001252387906512        0.001146553359206
        0.466666666666667        0.166666666666667       -0.001113352516040       -0.000581235250191        0.000532117265849
        0.400000000000000        0.200000000000000       -0.000000000000000       -0.000000000000000        0.000000000000000
        0.433333333333333        0.233333333333333        0.001241783375300        0.000648283684123        0.000593499691178
        0.466666666666667        0.266666666666667        0.002150831898014        0.001122860278618        0.001027971619396
        0.400000000000000        0.300000000000000        0.003512293781758        0.001833623156703        0.001678670625055
        0.433333333333333        0.333333333333333        0.004155088156597        0.002169199484863        0.001985888671734
        0.466666666666667        0.366666666666667        0.004155088156597        0.002169199484863        0.001985888671734
        0.400000000000000        0.400000000000000        0.004967133501201        0.002593134736491        0.002373998764710
        0.433333333333333        0.433333333333333        0.004634398648615        0.002419427646864        0.002214971001751
        0.466666666666667        0.466666666666667        0.003725350125901        0.001944851052368        0.001780499073533
        0.400000000000000        0.500000000000000        0.003512293781758        0.001833623156703        0.001678670625055
        0.433333333333333        0.533333333333333        0.002398941265718        0.001252387906512        0.001146553359206
        0.466666666666667        0.566666666666667        0.001113352516040        0.000581235250191        0.000532117265849
        0.400000000000000        0.600000000000000        0.000000000000000        0.000000000000000        0.000000000000000
        0.433333333333333        0.633333333333333       -0.001241783375300       -0.000648283684123        0.000593499691178
        0.466666666666667        0.666666666666667       -0.002150831898014       -0.001122860278618        0.001027971619396
        0.400000000000000        0.700000000000000       -0.003512293781758       -0.001833623156703        0.001678670625055
        0.433333333333333        0.733333333333333       -0.004155088156597       -0.002169199484863        0.001985888671734
        0.466666666666667        0.766666666666667       -0.004155088156597       -0.002169199484863        0.001985888671734
        0.400000000000000        0.800000000000000       -0.004967133501201       -0.002593134736491        0.002373998764710
        0.433333333333333        0.833333333333333       -0.004634398648615       -0.002419427646864        0.002214971001751
        0.466666666666667        0.866666666666667       -0.003725350125901       -0.001944851052368        0.001780499073533
        0.400000000000000        0.900000000000000       -0.003512293781758       -0.001833623156703        0.001678670625055
        0.433333333333333        0.933333333333333       -0.002398941265718       -0.001252387906512        0.001146553359206
        0.466666666666667        0.966666666666667       -0.001113352516040       -0.000581235250191        0.000532117265849
        0.400000000000000        1.000000000000000       -0.000000000000000       -0.000000000000000        0.000000000000000
        0.433333333333333        1.033333333333333        0.001241783375300        0.000648283684123        0.000593499691178
        0.466666666666667        1.066666666666667        0.002150831898014        0.001122860278618        0.001027971619396
        0.500000000000000        0.000000000000000       -0.003512293781758       -0.001833623156703        0.001678670625055
        0.533333333333333        0.033333333333333       -0.002398941265718       -0.001252387906512        0.001146553359206
        0.566666666666667        0.066666666666667       -0.001113352516040       -0.000581235250191        0.000532117265849
        0.500000000000000        0.100000000000000       -0.002483566750601       -0.001296567368245        0.001186999382355
        0.533333333333333        0.133333333333333       -0.001241783375300       -0.000648283684123        0.000593499691178
        0.566666666666667        0.166666666666667       -0.000332734852586       -0.000173707089627        0.000159027762959
        0.500000000000000        0.200000000000000       -0.000000000000000       -0.000000000000000        0.000000000000000
        0.533333333333333        0.233333333333333        0.000642794374839        0.000335576328160        0.000307218046678
        0.566666666666667        0.266666666666667        0.000642794374839        0.000335576328160        0.000307218046678
        0.500000000000000        0.300000000000000        0.002483566750601        0.001296567368245        0.001186999382355
        0.533333333333333        0.333333333333333        0.002150831898014        0.001122860278618        0.001027971619396
        0.566666666666667        0.366666666666667        0.001241783375300        0.000648283684123        0.000593499691178
        0.500000000000000        0.400000000000000        0.003512293781758        0.001833623156703        0.001678670625055
        0.533333333333333        0.433333333333333        0.002398941265718        0.001252387906512        0.001146553359206
        0.566666666666667        0.466666666666667        0.001113352516040        0.000581235250191        0.000532117265849
        0.500000000000000        0.500000000000000        0.002483566750601        0.001296567368245        0.001186999382355
        0.533333333333333        0.533333333333333        0.001241783375300        0.000648283684123        0.000593499691178
        0.566666666666667        0.566666666666667        0.000332734852586        0.000173707089627        0.000159027762959
        0.500000000000000        0.600000000000000        0.000000000000000        0.000000000000000        0.000000000000000
        0.533333333333333        0.633333333333333       -0.000642794374839       -0.000335576328160        0.000307218046678
        0.566666666666667        0.666666666666667       -0.000642794374839       -0.000335576328160        0.000307218046678
        0.500000000000000        0.700000000000000       -0.002483566750601       -0.001296567368245        0.001186999382355
        0.533333333333333        0.733333333333333       -0.002150831898014       -0.001122860278618        0.001027971619396
        0.566666666666667        0.766666666666667       -0.001241783375300       -0.000648283684123        0.000593499691178
        0.500000000000000        0.800000000000000       -0.003512293781758       -0.001833623156703        0.001678670625055
        0.533333333333333        0.833333333333333       -0.002398941265718       -0.001252387906512        0.001146553359206
        0.566666666666667        0.866666666666667       -0.001113352516040       -0.000581235250191        0.000532117265849
        0.500000000000000        0.900000000000000       -0.002483566750601       -0.001296567368245        0.001186999382355
        0.533333333333333        0.933333333333333       -0.001241783375300       -0.000648283684123        0.000593499691178
        0.566666666666667        0.966666666666667       -0.000332734852586       -0.000173707089627        0.000159027762959
        0.500000000000000        1.000000000000000       -0.000000000000000       -0.000000000000000        0.000000000000000
        0.533333333333333        1.033333333333333        0.000642794374839        0.000335576328160        0.000307218046678
        0.566666666666667        1.066666666666667        0.000642794374839        0.000335576328160        0.000307218046678
        0.600000000000000        0.000000000000000       -0.000000000000000       -0.000000000000000        0.000000000000000
        0.633333333333333        0.033333333333333        0.001241783375300        0.000648283684123        0.000593499691178
        0.666666666666667        0.066666666666667        0.002150831898014        0.001122860278618        0.001027971619396
        0.600000000000000        0.100000000000000       -0.000000000000000       -0.000000000000000        0.000000000000000
        0.633333333333333        0.133333333333333        0.000642794374839        0.000335576328160        0.000307218046678
        0.666666666666667        0.166666666666667        0.000642794374839        0.000335576328160        0.000307218046678
        0.600000000000000        0.200000000000000       -0.000000000000000       -0.000000000000000        0.000000000000000
        0.633333333333333        0.233333333333333       -0.000332734852586       -0.000173707089627        0.000159027762959
        0.666666666666667        0.266666666666667       -0.001241783375300       -0.000648283684123        0.000593499691178
        0.600000000000000        0.300000000000000        0.000000000000000        0.000000000000000        0.000000000000000
        0.633333333333333        0.333333333333333       -0.001113352516040       -0.000581235250191        0.000532117265849
        0.666666666666667        0.366666666666667       -0.002398941265718       -0.001252387906512        0.001146553359206
        0.600000000000000        0.400000000000000        0.000000000000000        0.000000000000000        0.000000000000000
        0.633333333333333        0.433333333333333       -0.001241783375300       -0.000648283684123        0.000593499691178
        0.666666666666667        0.466666666666667       -0.002150831898014       -0.001122860278618        0.001027971619396
        0.600000000000000        0.500000000000000        0.000000000000000        0.000000000000000        0.000000000000000
        0.633333333333333        0.533333333333333       -0.000642794374839       -0.000335576328160        0.000307218046678
        0.666666666666667        0.566666666666667       -0.000642794374839       -0.000335576328160        0.000307218046678
        0.600000000000000        0.600000000000000        0.000000000000000       -0.000000000000000        0.000000000000000
        0.633333333333333        0.633333333333333        0.000332734852586        0.000173707089627        0.000159027762959
        0.666666666666667        0.666666666666667        0.001241783375300        0.000648283684123        0.000593499691178
        0.600000000000000        0.700000000000000       -0.000000000000000       -0.000000000000000        0.000000000000000
        0.633333333333333        0.733333333333333        0.001113352516040        0.000581235250191        0.000532117265849
        0.666666666666667        0.766666666666667        0.002398941265718        0.001252387906512        0.001146553359206
        0.600000000000000        0.800000000000000       -0.000000000000000       -0.000000000000000        0.000000000000000
        0.633333333333333        0.833333333333333        0.001241783375300        0.000648283684123        0.000593499691178
        0.666666666666667        0.866666666666667        0.002150831898014        0.001122860278618        0.001027971619396
        0.600000000000000        0.900000000000000       -0.000000000000000       -0.000000000000000        0.000000000000000
        0.633333333333333        0.933333333333333        0.000642794374839        0.000335576328160        0.000307218046678
        0.666666666666667        0.966666666666667        0.000642794374839        0.000335576328160        0.000307218046678
        0.600000000000000        1.000000000000000       -0.000000000000000       -0.000000000000000        0.000000000000000
        0.633333333333333        1.033333333333333       -0.000332734852586       -0.000173707089627        0.000159027762959
        0.666666666666667        1.066666666666667       -0.001241783375300       -0.000648283684123        0.000593499691178
        0.700000000000000        0.000000000000000        0.003512293781758        0.001833623156703        0.001678670625055
        0.733333333333333        0.033333333333333        0.004155088156597        0.002169199484863        0.001985888671734
        0.766666666666667        0.066666666666667        0.004155088156597        0.002169199484863        0.001985888671734
        0.700000000000000        0.100000000000000        0.002483566750601        0.001296567368245        0.001186999382355
        0.733333333333333        0.133333333333333        0.002150831898014        0.001122860278618        0.001027971619396
        0.766666666666667        0.166666666666667        0.001241783375300        0.000648283684123        0.000593499691178
        0.700000000000000        0.200000000000000        0.000000000000000        0.000000000000000        0.000000000000000
        0.733333333333333        0.233333333333333       -0.001113352516040       -0.000581235250191        0.000532117265849
        0.766666666666667        0.266666666666667       -0.002398941265718       -0.001252387906512        0.001146553359206
        0.700000000000000        0.300000000000000       -0.002483566750601       -0.001296567368245        0.001186999382355
        0.733333333333333        0.333333333333333       -0.003725350125901       -0.001944851052368        0.001780499073533
        0.766666666666667        0.366666666666667       -0.004634398648615       -0.002419427646864        0.002214971001751
        0.700000000000000        0.400000000000000       -0.003512293781758       -0.001833623156703        0.001678670625055
        0.733333333333333        0.433333333333333       -0.004155088156597       -0.002169199484863        0.001985888671734
        0.766666666666667        0.466666666666667       -0.004155088156597       -0.002169199484863        0.001985888671734
        0.700000000000000        0.500000000000000       -0.002483566750601       -0.001296567368245        0.001186999382355
        0.733333333333333        0.533333333333333       -0.002150831898014       -0.001122860278618        0.001027971619396
        0.766666666666667        0.566666666666667       -0.001241783375300       -0.000648283684123        0.000593499691178
        0.700000000000000        0.600000000000000       -0.000000000000000       -0.000000000000000        0.000000000000000
        0.733333333333333        0.633333333333333        0.001113352516040        0.000581235250191        0.000532117265849
        0.766666666666667        0.666666666666667        0.002398941265718        0.001252387906512        0.001146553359206
        0.700000000000000        0.700000000000000        0.002483566750601        0.001296567368245        0.001186999382355
        0.733333333333333        0.733333333333333        0.003725350125901        0.001944851052368        0.001780499073533
        0.766666666666667        0.766666666666667        0.004634398648615        0.002419427646864        0.002214971001751
        0.700000000000000        0.800000000000000        0.003512293781758        0.001833623156703        0.001678670625055
        0.733333333333333        0.833333333333333        0.004155088156597        0.002169199484863        0.001985888671734
        0.766666666666667        0.866666666666667        0.004155088156597        0.002169199484863        0.001985888671734
        0.700000000000000        0.900000000000000        0.002483566750601        0.001296567368245        0.001186999382355
        0.733333333333333        0.933333333333333        0.002150831898014        0.001122860278618        0.001027971619396
        0.766666666666667        0.966666666666667        0.001241783375300        0.000648283684123        0.000593499691178
        0.700000000000000        1.000000000000000        0.000000000000000        0.000000000000000        0.000000000000000
        0.733333333333333        1.033333333333333       -0.001113352516040       -0.000581235250191        0.000532117265849
        0.766666666666667        1.066666666666667       -0.002398941265718       -0.001252387906512        0.001146553359206
        0.800000000000000        0.000000000000000        0.004967133501201        0.002593134736491        0.002373998764710
        0.833333333333333        0.033333333333333        0.004634398648615        0.002419427646864        0.002214971001751
        0.866666666666667        0.066666666666667        0.003725350125901        0.001944851052368        0.001780499073533
        0.800000000000000        0.100000000000000        0.003512293781758        0.001833623156703        0.001678670625055
        0.833333333333333        0.133333333333333        0.002398941265718        0.001252387906512        0.001146553359206
        0.866666666666667        0.166666666666667        0.001113352516040        0.000581235250191        0.000532117265849
        0.800000000000000        0.200000000000000        0.000000000000000        0.000000000000000        0.000000000000000
        0.833333333333333        0.233333333333333       -0.001241783375300       -0.000648283684123        0.000593499691178
        0.866666666666667        0.266666666666667       -0.002150831898014       -0.001122860278618        0.001027971619396
        0.800000000000000        0.300000000000000       -0.003512293781758       -0.001833623156703        0.001678670625055
        0.833333333333333        0.333333333333333       -0.004155088156597       -0.002169199484863        0.001985888671734
        0.866666666666667        0.366666666666667       -0.004155088156597       -0.002169199484863        0.001985888671734
        0.800000000000000        0.400000000000000       -0.004967133501201       -0.002593134736491        0.002373998764710
        0.833333333333333        0.433333333333333       -0.004634398648615       -0.002419427646864        0.002214971001751
        0.866666666666667        0.466666666666667       -0.003725350125901       -0.001944851052368        0.001780499073533
        0.800000000000000        0.500000000000000       -0.003512293781758       -0.001833623156703        0.001678670625055
        0.833333333333333        0.533333333333333       -0.002398941265718       -0.001252387906512        0.001146553359206
        0.866666666666667        0.566666666666667       -0.001113352516040       -0.000581235250191        0.000532117265849
        0.800000000000000        0.600000000000000       -0.000000000000000       -0.000000000000000        0.000000000000000
        0.833333333333333        0.633333333333333        0.001241783375300        0.000648283684123        0.000593499691178
        0.866666666666667        0.666666666666667        0.002150831898014        0.001122860278618        0.001027971619396
        0.800000000000000        0.700000000000000        0.003512293781758        0.001833623156703        0.001678670625055
        0.833333333333333        0.733333333333333        0.004155088156597        0.002169199484863        0.001985888671734
        0.866666666666667        0.766666666666667        0.004155088156597        0.002169199484863        0.001985888671734
        0.800000000000000        0.800000000000000        0.004967133501201        0.002593134736491        0.002373998764710
        0.833333333333333        0.833333333333333        0.004634398648615        0.002419427646864        0.002214971001751
        0.866666666666667        0.866666666666667        0.003725350125901        0.001944851052368        0.001780499073533
        0.800000000000000        0.900000000000000        0.003512293781758        0.001833623156703        0.001678670625055
        0.833333333333333        0.933333333333333        0.002398941265718        0.001252387906512        0.001146553359206
        0.866666666666667        0.966666666666667        0.001113352516040        0.000581235250191        0.000532117265849
        0.800000000000000        1.000000000000000        0.000000000000000        0.000000000000000        0.000000000000000
        0.833333333333333        1.033333333333333       -0.001241783375300       -0.000648283684123        0.000593499691178
        0.866666666666667        1.066666666666667       -0.002150831898014       -0.001122860278618        0.001027971619396
        0.900000000000000        0.000000000000000        0.003512293781758        0.001833623156703        0.001678670625055
        0.933333333333333        0.033333333333333        0.002398941265718        0.001252387906512        0.001146553359206
        0.966666666666667        0.066666666666667        0.001113352516040        0.000581235250191        0.000532117265849
        0.900000000000000        0.100000000000000        0.002483566750601        0.001296567368245        0.001186999382355
        0.933333333333333        0.133333333333333        0.001241783375300        0.000648283684123        0.000593499691178
        0.966666666666667        0.166666666666667        0.000332734852586        0.000173707089627        0.000159027762959
        0.900000000000000        0.200000000000000        0.000000000000000        0.000000000000000        0.000000000000000
        0.933333333333333        0.233333333333333       -0.000642794374839       -0.000335576328160        0.000307218046678
        0.966666666666667        0.266666666666667       -0.000642794374839       -0.000335576328160        0.000307218046678
        0.900000000000000        0.300000000000000       -0.002483566750601       -0.001296567368245        0.001186999382355
        0.933333333333333        0.333333333333333       -0.002150831898014       -0.001122860278618        0.001027971619396
        0.966666666666667        0.366666666666667       -0.001241783375300       -0.000648283684123        0.000593499691178
        0.900000000000000        0.400000000000000       -0.003512293781758       -0.001833623156703        0.001678670625055
        0.933333333333333        0.433333333333333       -0.002398941265718       -0.001252387906512        0.001146553359206
        0.966666666666667        0.466666666666667       -0.001113352516040       -0.000581235250191        0.000532117265849
        0.900000000000000        0.500000000000000       -0.002483566750601       -0.001296567368245        0.001186999382355
        0.933333333333333        0.533333333333333       -0.001241783375300       -0.000648283684123        0.000593499691178
        0.966666666666667        0.566666666666667       -0.000332734852586       -0.000173707089627        0.000159027762959
        0.900000000000000        0.600000000000000       -0.000000000000000       -0.000000000000000        0.000000000000000
        0.933333333333333        0.633333333333333        0.000642794374839        0.000335576328160        0.000307218046678
        0.966666666666667        0.666666666666667        0.000642794374839        0.000335576328160        0.000307218046678
        0.900000000000000        0.700000000000000        0.002483566750601        0.001296567368245        0.001186999382355
        0.933333333333333        0.733333333333333        0.002150831898014        0.001122860278618        0.001027971619396
        0.966666666666667        0.766666666666667        0.001241783375300        0.000648283684123        0.000593499691178
        0.900000000000000        0.800000000000000        0.003512293781758        0.001833623156703        0.001678670625055
        0.933333333333333        0.833333333333333        0.002398941265718        0.001252387906512        0.001146553359206
        0.966666666666667        0.866666666666667        0.001113352516040        0.000581235250191        0.000532117265849
        0.900000000000000        0.900000000000000        0.002483566750601        0.001296567368245        0.001186999382355
        0.933333333333333        0.933333333333333        0.001241783375300        0.000648283684123        0.000593499691178
        0.966666666666667        0.966666666666667        0.000332734852586        0.000173707089627        0.000159027762959
        0.900000000000000        1.000000000000000        0.000000000000000        0.000000000000000        0.000000000000000
        0.933333333333333        1.033333333333333       -0.000642794374839       -0.000335576328160        0.000307218046678
        0.966666666666667        1.066666666666667       -0.000642794374839       -0.000335576328160        0.000307218046678
        1.000000000000000        0.000000000000000        0.000000000000000        0.000000000000000        0.000000000000000
        1.033333333333333        0.033333333333333       -0.001241783375300       -0.000648283684123        0.000593499691178
        1.066666666666667        0.066666666666667       -0.002150831898014       -0.001122860278618        0.001027971619396
        1.000000000000000        0.100000000000000        0.000000000000000        0.000000000000000        0.000000000000000
        1.033333333333333        0.133333333333333       -0.000642794374839       -0.000335576328160        0.000307218046678
        1.066666666666667        0.166666666666667       -0.000642794374839       -0.000335576328160        0.000307218046678
        1.000000000000000        0.200000000000000        0.000000000000000        0.000000000000000        0.000000000000000
        1.033333333333333        0.233333333333333        0.000332734852586        0.000173707089627        0.000159027762959
        1.066666666666667        0.266666666666667        0.001241783375300        0.000648283684123        0.000593499691178
        1.000000000000000        0.300000000000000       -0.000000000000000       -0.000000000000000        0.000000000000000
        1.033333333333333        0.333333333333333        0.001113352516040        0.000581235250191        0.000532117265849
        1.066666666666667        0.366666666666667        0.002398941265718        0.001252387906512        0.001146553359206
        1.000000000000000        0.400000000000000       -0.000000000000000       -0.000000000000000        0.000000000000000
        1.033333333333333        0.433333333333333        0.001241783375300        0.000648283684123        0.000593499691178
        1.066666666666667        0.466666666666667        0.002150831898014        0.001122860278618        0.001027971619396
        1.000000000000000        0.500000000000000       -0.000000000000000       -0.000000000000000        0.000000000000000
        1.033333333333333        0.533333333333333        0.000642794374839        0.000335576328160        0.000307218046678
        1.066666666666667        0.566666666666667        0.000642794374839        0.000335576328160        0.000307218046678
        1.000000000000000        0.600000000000000       -0.000000000000000       -0.000000000000000        0.000000000000000
        1.033333333333333        0.633333333333333       -0.000332734852586       -0.000173707089627        0.000159027762959
        1.066666666666667        0.666666666666667       -0.001241783375300       -0.000648283684123        0.000593499691178
        1.000000000000000        0.700000000000000        0.000000000000000        0.000000000000000        0.000000000000000
        1.033333333333333        0.733333333333333       -0.001113352516040       -0.000581235250191        0.000532117265849
        1.066666666666667        0.766666666666667       -0.002398941265718       -0.001252387906512        0.001146553359206
        1.000000000000000        0.800000000000000        0.000000000000000        0.000000000000000        0.000000000000000
        1.033333333333333        0.833333333333333       -0.001241783375300       -0.000648283684123        0.000593499691178
        1.066666666666667        0.866666666666667       -0.002150831898014       -0.001122860278618        0.001027971619396
        1.000000000000000        0.900000000000000        0.000000000000000        0.000000000000000        0.000000000000000
        1.033333333333333        0.933333333333333       -0.000642794374839       -0.000335576328160        0.000307218046678
        1.066666666666667        0.966666666666667       -0.000642794374839       -0.000335576328160        0.000307218046678
        1.000000000000000        1.000000000000000        0.000000000000000        0.000000000000000        0.000000000000000
        1.033333333333333        1.033333333333333        0.000332734852586        0.000173707089627        0.000159027762959
        1.066666666666667        1.066666666666667        0.001241783375300        0.000648283684123        0.000593499691178
