        0.000000000000000        0.000000000000000        6.137419374013479        6.137419374013486        0.000000000000007
        0.033333333333333        0.033333333333333        5.726290232793970        5.726290232793974        0.000000000000005
        0.066666666666667        0.066666666666667        4.603064530510109        4.603064530510110        0.000000000000001
        0.000000000000000        0.100000000000000        4.339810858350627        4.339810858350628        0.000000000000001
        0.033333333333333        0.133333333333333        2.964145940063253        2.964145940063252        0.000000000000001
        0.066666666666667        0.166666666666667        1.375664918287374        1.375664918287372        0.000000000000001
        0.000000000000000        0.200000000000000        0.000000000000000        0.000000000000000        0.000000000000000
        0.033333333333333        0.233333333333333       -1.534354843503369       -1.534354843503369        0.000000000000000
        0.066666666666667        0.266666666666667       -2.657580545787230       -2.657580545787229        0.000000000000001
        0.000000000000000        0.300000000000000       -4.339810858350626       -4.339810858350628        0.000000000000002
        0.033333333333333        0.333333333333333       -5.134051369238566       -5.134051369238568        0.000000000000002
        0.066666666666667        0.366666666666667       -5.134051369238566       -5.134051369238567        0.000000000000000
        0.000000000000000        0.400000000000000       -6.137419374013479       -6.137419374013482        0.000000000000003
        0.033333333333333        0.433333333333333       -5.726290232793970       -5.726290232793972        0.000000000000002
        0.066666666666667        0.466666666666667       -4.603064530510110       -4.603064530510111        0.000000000000001
        0.000000000000000        0.500000000000000       -4.339810858350627       -4.339810858350631        0.000000000000004
        0.033333333333333        0.533333333333333       -2.964145940063254       -2.964145940063256        0.000000000000002
        0.066666666666667        0.566666666666667       -1.375664918287375       -1.375664918287375        0.000000000000001
        0.000000000000000        0.600000000000000       -0.000000000000001       -0.000000000000001        0.000000000000000
        0.033333333333333        0.633333333333333        1.534354843503369        1.534354843503370        0.000000000000001
        0.066666666666667        0.666666666666667        2.657580545787229        2.657580545787230        0.000000000000001
        0.000000000000000        0.700000000000000        4.339810858350626        4.339810858350629        0.000000000000003
        0.033333333333333        0.733333333333333        5.134051369238566        5.134051369238568        0.000000000000002
        0.066666666666667        0.766666666666667        5.134051369238566        5.134051369238567        0.000000000000001
        0.000000000000000        0.800000000000000        6.137419374013479        6.137419374013483        0.000000000000004
        0.033333333333333        0.833333333333333        5.726290232793970        5.726290232793973        0.000000000000003
        0.066666666666667        0.866666666666667        4.603064530510110        4.603064530510110        0.000000000000000
        0.000000000000000        0.900000000000000        4.339810858350628        4.339810858350629        0.000000000000001
        0.033333333333333        0.933333333333333        2.964145940063255        2.964145940063254        0.000000000000000
        0.066666666666667        0.966666666666667        1.375664918287375        1.375664918287374        0.000000000000001
        0.000000000000000        1.000000000000000        0.000000000000002        0.000000000000002        0.000000000000000
        0.033333333333333        1.033333333333333       -1.534354843503368       -1.534354843503367        0.000000000000001
        0.066666666666667        1.066666666666667       -2.657580545787229       -2.657580545787227        0.000000000000001
        0.100000000000000        0.000000000000000        4.339810858350627        4.339810858350628        0.000000000000001
        0.133333333333333        0.033333333333333        2.964145940063253        2.964145940063252        0.000000000000001
        0.166666666666667        0.066666666666667        1.375664918287374        1.375664918287372        0.000000000000001
        0.100000000000000        0.100000000000000        3.068709687006740        3.068709687006737        0.000000000000002
        0.133333333333333        0.133333333333333        1.534354843503370        1.534354843503368        0.000000000000002
        0.166666666666667        0.166666666666667        0.411129141219510        0.411129141219509        0.000000000000001
        0.100000000000000        0.200000000000000        0.000000000000000        0.000000000000000        0.000000000000000
        0.133333333333333        0.233333333333333       -0.794240510887940       -0.794240510887939        0.000000000000001
        0.166666666666667        0.266666666666667       -0.794240510887940       -0.794240510887939        0.000000000000001
        0.100000000000000        0.300000000000000       -3.068709687006739       -3.068709687006738        0.000000000000002
        0.133333333333333        0.333333333333333       -2.657580545787230       -2.657580545787228        0.000000000000002
        0.166666666666667        0.366666666666667       -1.534354843503370       -1.534354843503368        0.000000000000002
        0.100000000000000        0.400000000000000       -4.339810858350627       -4.339810858350625        0.000000000000002
        0.133333333333333        0.433333333333333       -2.964145940063253       -2.964145940063251        0.000000000000002
        0.166666666666667        0.466666666666667       -1.375664918287374       -1.375664918287373        0.000000000000001
        0.100000000000000        0.500000000000000       -3.068709687006740       -3.068709687006740        0.000000000000000
        0.133333333333333        0.533333333333333       -1.534354843503370       -1.534354843503370        0.000000000000001
        0.166666666666667        0.566666666666667       -0.411129141219510       -0.411129141219510        0.000000000000000
        0.100000000000000        0.600000000000000       -0.000000000000001       -0.000000000000001        0.000000000000000
        0.133333333333333        0.633333333333333        0.794240510887939        0.794240510887939        0.000000000000000
        0.166666666666667        0.666666666666667        0.794240510887940        0.794240510887939        0.000000000000001
        0.100000000000000        0.700000000000000        3.068709687006739        3.068709687006738        0.000000000000001
        0.133333333333333        0.733333333333333        2.657580545787230        2.657580545787228        0.000000000000002
        0.166666666666667        0.766666666666667        1.534354843503370        1.534354843503368        0.000000000000002
        0.100000000000000        0.800000000000000        4.339810858350627        4.339810858350626        0.000000000000001
        0.133333333333333        0.833333333333333        2.964145940063253        2.964145940063251        0.000000000000002
        0.166666666666667        0.866666666666667        1.375664918287374        1.375664918287373        0.000000000000002
        0.100000000000000        0.900000000000000        3.068709687006741        3.068709687006739        0.000000000000002
        0.133333333333333        0.933333333333333        1.534354843503371        1.534354843503369        0.000000000000002
        0.166666666666667        0.966666666666667        0.411129141219510        0.411129141219509        0.000000000000001
        0.100000000000000        1.000000000000000        0.000000000000001        0.000000000000001        0.000000000000000
        0.133333333333333        1.033333333333333       -0.794240510887939       -0.794240510887938        0.000000000000001
        0.166666666666667        1.066666666666667       -0.794240510887939       -0.794240510887938        0.000000000000001
        0.200000000000000        0.000000000000000        0.000000000000000        0.000000000000000        0.000000000000000
        0.233333333333333        0.033333333333333       -1.534354843503369       -1.534354843503369        0.000000000000000
        0.266666666666667        0.066666666666667       -2.657580545787230       -2.657580545787229        0.000000000000001
        0.200000000000000        0.100000000000000        0.000000000000000        0.000000000000000        0.000000000000000
        0.233333333333333        0.133333333333333       -0.794240510887940       -0.794240510887939        0.000000000000001
        0.266666666666667        0.166666666666667       -0.794240510887940       -0.794240510887939        0.000000000000001
        0.200000000000000        0.200000000000000        0.000000000000000       -0.000000000000000        0.000000000000000
        0.233333333333333        0.233333333333333        0.411129141219509        0.411129141219509        0.000000000000000
        0.266666666666667        0.266666666666667        1.534354843503369        1.534354843503368        0.000000000000001
        0.200000000000000        0.300000000000000       -0.000000000000000       -0.000000000000000        0.000000000000000
        0.233333333333333        0.333333333333333        1.375664918287373        1.375664918287373        0.000000000000001
        0.266666666666667        0.366666666666667        2.964145940063253        2.964145940063252        0.000000000000001
        0.200000000000000        0.400000000000000       -0.000000000000000       -0.000000000000000        0.000000000000000
        0.233333333333333        0.433333333333333        1.534354843503369        1.534354843503369        0.000000000000001
        0.266666666666667        0.466666666666667        2.657580545787230        2.657580545787229        0.000000000000001
        0.200000000000000        0.500000000000000       -0.000000000000000       -0.000000000000000        0.000000000000000
        0.233333333333333        0.533333333333333        0.794240510887940        0.794240510887940        0.000000000000000
        0.266666666666667        0.566666666666667        0.794240510887940        0.794240510887940        0.000000000000000
        0.200000000000000        0.600000000000000       -0.000000000000000       -0.000000000000000        0.000000000000000
        0.233333333333333        0.633333333333333       -0.411129141219509       -0.411129141219509        0.000000000000000
        0.266666666666667        0.666666666666667       -1.534354843503369       -1.534354843503369        0.000000000000000
        0.200000000000000        0.700000000000000        0.000000000000000        0.000000000000000        0.000000000000000
        0.233333333333333        0.733333333333333       -1.375664918287373       -1.375664918287373        0.000000000000001
        0.266666666666667        0.766666666666667       -2.964145940063252       -2.964145940063252        0.000000000000001
        0.200000000000000        0.800000000000000        0.000000000000000        0.000000000000000        0.000000000000000
        0.233333333333333        0.833333333333333       -1.534354843503369       -1.534354843503369        0.000000000000001
        0.266666666666667        0.866666666666667       -2.657580545787230       -2.657580545787229        0.000000000000001
        0.200000000000000        0.900000000000000        0.000000000000000        0.000000000000000        0.000000000000000
        0.233333333333333        0.933333333333333       -0.794240510887940       -0.794240510887939        0.000000000000001
        0.266666666666667        0.966666666666667       -0.794240510887940       -0.794240510887940        0.000000000000001
        0.200000000000000        1.000000000000000        0.000000000000000        0.000000000000000        0.000000000000000
        0.233333333333333        1.033333333333333        0.411129141219509        0.411129141219509        0.000000000000000
        0.266666666666667        1.066666666666667        1.534354843503369        1.534354843503367        0.000000000000001
        0.300000000000000        0.000000000000000       -4.339810858350626       -4.339810858350628        0.000000000000002
        0.333333333333333        0.033333333333333       -5.134051369238566       -5.134051369238568        0.000000000000002
        0.366666666666667        0.066666666666667       -5.134051369238566       -5.134051369238567        0.000000000000000
        0.300000000000000        0.100000000000000       -3.068709687006739       -3.068709687006738        0.000000000000002
        0.333333333333333        0.133333333333333       -2.657580545787230       -2.657580545787228        0.000000000000002
        0.366666666666667        0.166666666666667       -1.534354843503370       -1.534354843503368        0.000000000000002
        0.300000000000000        0.200000000000000       -0.000000000000000       -0.000000000000000        0.000000000000000
        0.333333333333333        0.233333333333333        1.375664918287373        1.375664918287373        0.000000000000001
        0.366666666666667        0.266666666666667        2.964145940063253        2.964145940063252        0.000000000000001
        0.300000000000000        0.300000000000000        3.068709687006739        3.068709687006738        0.000000000000001
        0.333333333333333        0.333333333333333        4.603064530510109        4.603064530510108        0.000000000000000
        0.366666666666667        0.366666666666667        5.726290232793969        5.726290232793969        0.000000000000000
        0.300000000000000        0.400000000000000        4.339810858350626        4.339810858350626        0.000000000000001
        0.333333333333333        0.433333333333333        5.134051369238566        5.134051369238566        0.000000000000000
        0.366666666666667        0.466666666666667        5.134051369238567        5.134051369238567        0.000000000000000
        0.300000000000000        0.500000000000000        3.068709687006740        3.068709687006740        0.000000000000000
        0.333333333333333        0.533333333333333        2.657580545787231        2.657580545787231        0.000000000000001
        0.366666666666667        0.566666666666667        1.534354843503371        1.534354843503371        0.000000000000001
        0.300000000000000        0.600000000000000        0.000000000000001        0.000000000000001        0.000000000000000
        0.333333333333333        0.633333333333333       -1.375664918287373       -1.375664918287373        0.000000000000001
        0.366666666666667        0.666666666666667       -2.964145940063252       -2.964145940063253        0.000000000000001
        0.300000000000000        0.700000000000000       -3.068709687006739       -3.068709687006739        0.000000000000000
        0.333333333333333        0.733333333333333       -4.603064530510109       -4.603064530510109        0.000000000000000
        0.366666666666667        0.766666666666667       -5.726290232793969       -5.726290232793969        0.000000000000000
        0.300000000000000        0.800000000000000       -4.339810858350626       -4.339810858350626        0.000000000000000
        0.333333333333333        0.833333333333333       -5.134051369238566       -5.134051369238567        0.000000000000000
        0.366666666666667        0.866666666666667       -5.134051369238567       -5.134051369238567        0.000000000000000
        0.300000000000000        0.900000000000000       -3.068709687006740       -3.068709687006739        0.000000000000001
        0.333333333333333        0.933333333333333       -2.657580545787231       -2.657580545787230        0.000000000000002
        0.366666666666667        0.966666666666667       -1.534354843503371       -1.534354843503370        0.000000000000001
        0.300000000000000        1.000000000000000       -0.000000000000001       -0.000000000000001        0.000000000000000
        0.333333333333333        1.033333333333333        1.375664918287372        1.375664918287371        0.000000000000001
        0.366666666666667        1.066666666666667        2.964145940063251        2.964145940063250        0.000000000000002
        0.400000000000000        0.000000000000000       -6.137419374013479       -6.137419374013482        0.000000000000003
        0.433333333333333        0.033333333333333       -5.726290232793970       -5.726290232793972        0.000000000000002
        0.466666666666667        0.066666666666667       -4.603064530510110       -4.603064530510111        0.000000000000001
        0.400000000000000        0.100000000000000       -4.339810858350627       -4.339810858350625        0.000000000000002
        0.433333333333333        0.133333333333333       -2.964145940063253       -2.964145940063251        0.000000000000002
        0.466666666666667        0.166666666666667       -1.375664918287374       -1.375664918287373        0.000000000000001
        0.400000000000000        0.200000000000000       -0.000000000000000       -0.000000000000000        0.000000000000000
        0.433333333333333        0.233333333333333        1.534354843503369        1.534354843503369        0.000000000000001
        0.466666666666667        0.266666666666667        2.657580545787230        2.657580545787229        0.000000000000001
        0.400000000000000        0.300000000000000        4.339810858350626        4.339810858350626        0.000000000000001
        0.433333333333333        0.333333333333333        5.134051369238566        5.134051369238566        0.000000000000000
        0.466666666666667        0.366666666666667        5.134051369238567        5.134051369238567        0.000000000000000
        0.400000000000000        0.400000000000000        6.137419374013479        6.137419374013479        0.000000000000000
        0.433333333333333        0.433333333333333        5.726290232793970        5.726290232793970        0.000000000000000
        0.466666666666667        0.466666666666667        4.603064530510110        4.603064530510111        0.000000000000001
        0.400000000000000        0.500000000000000        4.339810858350627        4.339810858350628        0.000000000000001
        0.433333333333333        0.533333333333333        2.964145940063254        2.964145940063255        0.000000000000001
        0.466666666666667        0.566666666666667        1.375664918287375        1.375664918287375        0.000000000000001
        0.400000000000000        0.600000000000000        0.000000000000001        0.000000000000001        0.000000000000000
        0.433333333333333        0.633333333333333       -1.534354843503369       -1.534354843503369        0.000000000000001
        0.466666666666667        0.666666666666667       -2.657580545787229       -2.657580545787230        0.000000000000001
        0.400000000000000        0.700000000000000       -4.339810858350626       -4.339810858350626        0.000000000000000
        0.433333333333333        0.733333333333333       -5.134051369238566       -5.134051369238566        0.000000000000000
        0.466666666666667        0.766666666666667       -5.134051369238567       -5.134051369238567        0.000000000000001
        0.400000000000000        0.800000000000000       -6.137419374013479       -6.137419374013480        0.000000000000001
        0.433333333333333        0.833333333333333       -5.726290232793970       -5.726290232793971        0.000000000000001
        0.466666666666667        0.866666666666667       -4.603064530510110       -4.603064530510111        0.000000000000000
        0.400000000000000        0.900000000000000       -4.339810858350628       -4.339810858350627        0.000000000000001
        0.433333333333333        0.933333333333333       -2.964145940063255       -2.964145940063253        0.000000000000002
        0.466666666666667        0.966666666666667       -1.375664918287375       -1.375664918287374        0.000000000000001
        0.400000000000000        1.000000000000000       -0.000000000000002       -0.000000000000002        0.000000000000000
        0.433333333333333        1.033333333333333        1.534354843503368        1.534354843503367        0.000000000000001
        0.466666666666667        1.066666666666667        2.657580545787229        2.657580545787228        0.000000000000001
        0.500000000000000        0.000000000000000       -4.339810858350627       -4.339810858350631        0.000000000000004
        0.533333333333333        0.033333333333333       -2.964145940063254       -2.964145940063256        0.000000000000002
        0.566666666666667        0.066666666666667       -1.375664918287375       -1.375664918287375        0.000000000000001
        0.500000000000000        0.100000000000000       -3.068709687006740       -3.068709687006740        0.000000000000000
        0.533333333333333        0.133333333333333       -1.534354843503370       -1.534354843503370        0.000000000000001
        0.566666666666667        0.166666666666667       -0.411129141219510       -0.411129141219510        0.000000000000000
        0.500000000000000        0.200000000000000       -0.000000000000000       -0.000000000000000        0.000000000000000
        0.533333333333333        0.233333333333333        0.794240510887940        0.794240510887940        0.000000000000000
        0.566666666666667        0.266666666666667        0.794240510887940        0.794240510887940        0.000000000000000
        0.500000000000000        0.300000000000000        3.068709687006740        3.068709687006740        0.000000000000000
        0.533333333333333        0.333333333333333        2.657580545787231        2.657580545787231        0.000000000000001
        0.566666666666667        0.366666666666667        1.534354843503371        1.534354843503371        0.000000000000001
        0.500000000000000        0.400000000000000        4.339810858350627        4.339810858350628        0.000000000000001
        0.533333333333333        0.433333333333333        2.964145940063254        2.964145940063255        0.000000000000001
        0.566666666666667        0.466666666666667        1.375664918287375        1.375664918287375        0.000000000000001
        0.500000000000000        0.500000000000000        3.068709687006741        3.068709687006742        0.000000000000002
        0.533333333333333        0.533333333333333        1.534354843503371        1.534354843503372        0.000000000000001
        0.566666666666667        0.566666666666667        0.411129141219510        0.411129141219510        0.000000000000000
        0.500000000000000        0.600000000000000        0.000000000000001        0.000000000000001        0.000000000000000
        0.533333333333333        0.633333333333333       -0.794240510887939       -0.794240510887940        0.000000000000001
        0.566666666666667        0.666666666666667       -0.794240510887940       -0.794240510887940        0.000000000000000
        0.500000000000000        0.700000000000000       -3.068709687006739       -3.068709687006740        0.000000000000001
        0.533333333333333        0.733333333333333       -2.657580545787230       -2.657580545787232        0.000000000000001
        0.566666666666667        0.766666666666667       -1.534354843503371       -1.534354843503371        0.000000000000001
        0.500000000000000        0.800000000000000       -4.339810858350627       -4.339810858350629        0.000000000000002
        0.533333333333333        0.833333333333333       -2.964145940063254       -2.964145940063256        0.000000000000001
        0.566666666666667        0.866666666666667       -1.375664918287375       -1.375664918287375        0.000000000000001
        0.500000000000000        0.900000000000000       -3.068709687006741       -3.068709687006741        0.000000000000000
        0.533333333333333        0.933333333333333       -1.534354843503371       -1.534354843503371        0.000000000000000
        0.566666666666667        0.966666666666667       -0.411129141219510       -0.411129141219510        0.000000000000000
        0.500000000000000        1.000000000000000       -0.000000000000001       -0.000000000000001        0.000000000000000
        0.533333333333333        1.033333333333333        0.794240510887939        0.794240510887939        0.000000000000000
        0.566666666666667        1.066666666666667        0.794240510887940        0.794240510887940        0.000000000000000
        0.600000000000000        0.000000000000000       -0.000000000000001       -0.000000000000001        0.000000000000000
        0.633333333333333        0.033333333333333        1.534354843503369        1.534354843503370        0.000000000000001
        0.666666666666667        0.066666666666667        2.657580545787229        2.657580545787230        0.000000000000001
        0.600000000000000        0.100000000000000       -0.000000000000001       -0.000000000000001        0.000000000000000
        0.633333333333333        0.133333333333333        0.794240510887939        0.794240510887939        0.000000000000000
        0.666666666666667        0.166666666666667        0.794240510887940        0.794240510887939        0.000000000000001
        0.600000000000000        0.200000000000000       -0.000000000000000       -0.000000000000000        0.000000000000000
        0.633333333333333        0.233333333333333       -0.411129141219509       -0.411129141219509        0.000000000000000
        0.666666666666667        0.266666666666667       -1.534354843503369       -1.534354843503369        0.000000000000000
        0.600000000000000        0.300000000000000        0.000000000000001        0.000000000000001        0.000000000000000
        0.633333333333333        0.333333333333333       -1.375664918287373       -1.375664918287373        0.000000000000001
        0.666666666666667        0.366666666666667       -2.964145940063252       -2.964145940063253        0.000000000000001
        0.600000000000000        0.400000000000000        0.000000000000001        0.000000000000001        0.000000000000000
        0.633333333333333        0.433333333333333       -1.534354843503369       -1.534354843503369        0.000000000000001
        0.666666666666667        0.466666666666667       -2.657580545787229       -2.657580545787230        0.000000000000001
        0.600000000000000        0.500000000000000        0.000000000000001        0.000000000000001        0.000000000000000
        0.633333333333333        0.533333333333333       -0.794240510887939       -0.794240510887940        0.000000000000001
        0.666666666666667        0.566666666666667       -0.794240510887940       -0.794240510887940        0.000000000000000
        0.600000000000000        0.600000000000000        0.000000000000000        0.000000000000000        0.000000000000000
        0.633333333333333        0.633333333333333        0.411129141219509        0.411129141219509        0.000000000000000
        0.666666666666667        0.666666666666667        1.534354843503369        1.534354843503369        0.000000000000001
        0.600000000000000        0.700000000000000       -0.000000000000001       -0.000000000000001        0.000000000000000
        0.633333333333333        0.733333333333333        1.375664918287372        1.375664918287373        0.000000000000001
        0.666666666666667        0.766666666666667        2.964145940063252        2.964145940063253        0.000000000000001
        0.600000000000000        0.800000000000000       -0.000000000000001       -0.000000000000001        0.000000000000000
        0.633333333333333        0.833333333333333        1.534354843503369        1.534354843503370        0.000000000000001
        0.666666666666667        0.866666666666667        2.657580545787229        2.657580545787230        0.000000000000001
        0.600000000000000        0.900000000000000       -0.000000000000001       -0.000000000000001        0.000000000000000
        0.633333333333333        0.933333333333333        0.794240510887940        0.794240510887939        0.000000000000000
        0.666666666666667        0.966666666666667        0.794240510887940        0.794240510887940        0.000000000000000
        0.600000000000000        1.000000000000000       -0.000000000000000       -0.000000000000000        0.000000000000000
        0.633333333333333        1.033333333333333       -0.411129141219509       -0.411129141219509        0.000000000000000
        0.666666666666667        1.066666666666667       -1.534354843503368       -1.534354843503368        0.000000000000000
        0.700000000000000        0.000000000000000        4.339810858350626        4.339810858350629        0.000000000000003
        0.733333333333333        0.033333333333333        5.134051369238566        5.134051369238568        0.000000000000002
        0.766666666666667        0.066666666666667        5.134051369238566        5.134051369238567        0.000000000000001
        0.700000000000000        0.100000000000000        3.068709687006739        3.068709687006738        0.000000000000001
        0.733333333333333        0.133333333333333        2.657580545787230        2.657580545787228        0.000000000000002
        0.766666666666667        0.166666666666667        1.534354843503370        1.534354843503368        0.000000000000002
        0.700000000000000        0.200000000000000        0.000000000000000        0.000000000000000        0.000000000000000
        0.733333333333333        0.233333333333333       -1.375664918287373       -1.375664918287373        0.000000000000001
        0.766666666666667        0.266666666666667       -2.964145940063252       -2.964145940063252        0.000000000000001
        0.700000000000000        0.300000000000000       -3.068709687006739       -3.068709687006739        0.000000000000000
        0.733333333333333        0.333333333333333       -4.603064530510109       -4.603064530510109        0.000000000000000
        0.766666666666667        0.366666666666667       -5.726290232793969       -5.726290232793969        0.000000000000000
        0.700000000000000        0.400000000000000       -4.339810858350626       -4.339810858350626        0.000000000000000
        0.733333333333333        0.433333333333333       -5.134051369238566       -5.134051369238566        0.000000000000000
        0.766666666666667        0.466666666666667       -5.134051369238567       -5.134051369238567        0.000000000000001
        0.700000000000000        0.500000000000000       -3.068709687006739       -3.068709687006740        0.000000000000001
        0.733333333333333        0.533333333333333       -2.657580545787230       -2.657580545787232        0.000000000000001
        0.766666666666667        0.566666666666667       -1.534354843503371       -1.534354843503371        0.000000000000001
        0.700000000000000        0.600000000000000       -0.000000000000001       -0.000000000000001        0.000000000000000
        0.733333333333333        0.633333333333333        1.375664918287372        1.375664918287373        0.000000000000001
        0.766666666666667        0.666666666666667        2.964145940063252        2.964145940063253        0.000000000000001
        0.700000000000000        0.700000000000000        3.068709687006738        3.068709687006739        0.000000000000001
        0.733333333333333        0.733333333333333        4.603064530510108        4.603064530510109        0.000000000000000
        0.766666666666667        0.766666666666667        5.726290232793969        5.726290232793970        0.000000000000001
        0.700000000000000        0.800000000000000        4.339810858350626        4.339810858350627        0.000000000000001
        0.733333333333333        0.833333333333333        5.134051369238566        5.134051369238567        0.000000000000001
        0.766666666666667        0.866666666666667        5.134051369238567        5.134051369238567        0.000000000000000
        0.700000000000000        0.900000000000000        3.068709687006740        3.068709687006739        0.000000000000000
        0.733333333333333        0.933333333333333        2.657580545787231        2.657580545787230        0.000000000000001
        0.766666666666667        0.966666666666667        1.534354843503371        1.534354843503370        0.000000000000001
        0.700000000000000        1.000000000000000        0.000000000000001        0.000000000000001        0.000000000000000
        0.733333333333333        1.033333333333333       -1.375664918287372       -1.375664918287371        0.000000000000001
        0.766666666666667        1.066666666666667       -2.964145940063251       -2.964145940063250        0.000000000000001
        0.800000000000000        0.000000000000000        6.137419374013479        6.137419374013483        0.000000000000004
        0.833333333333333        0.033333333333333        5.726290232793970        5.726290232793973        0.000000000000003
        0.866666666666667        0.066666666666667        4.603064530510110        4.603064530510110        0.000000000000000
        0.800000000000000        0.100000000000000        4.339810858350627        4.339810858350626        0.000000000000001
        0.833333333333333        0.133333333333333        2.964145940063253        2.964145940063251        0.000000000000002
        0.866666666666667        0.166666666666667        1.375664918287374        1.375664918287373        0.000000000000002
        0.800000000000000        0.200000000000000        0.000000000000000        0.000000000000000        0.000000000000000
        0.833333333333333        0.233333333333333       -1.534354843503369       -1.534354843503369        0.000000000000001
        0.866666666666667        0.266666666666667       -2.657580545787230       -2.657580545787229        0.000000000000001
        0.800000000000000        0.300000000000000       -4.339810858350626       -4.339810858350626        0.000000000000000
        0.833333333333333        0.333333333333333       -5.134051369238566       -5.134051369238567        0.000000000000000
        0.866666666666667        0.366666666666667       -5.134051369238567       -5.134051369238567        0.000000000000000
        0.800000000000000        0.400000000000000       -6.137419374013479       -6.137419374013480        0.000000000000001
        0.833333333333333        0.433333333333333       -5.726290232793970       -5.726290232793971        0.000000000000001
        0.866666666666667        0.466666666666667       -4.603064530510110       -4.603064530510111        0.000000000000000
        0.800000000000000        0.500000000000000       -4.339810858350627       -4.339810858350629        0.000000000000002
        0.833333333333333        0.533333333333333       -2.964145940063254       -2.964145940063256        0.000000000000001
        0.866666666666667        0.566666666666667       -1.375664918287375       -1.375664918287375        0.000000000000001
        0.800000000000000        0.600000000000000       -0.000000000000001       -0.000000000000001        0.000000000000000
        0.833333333333333        0.633333333333333        1.534354843503369        1.534354843503370        0.000000000000001
        0.866666666666667        0.666666666666667        2.657580545787229        2.657580545787230        0.000000000000001
        0.800000000000000        0.700000000000000        4.339810858350626        4.339810858350627        0.000000000000001
        0.833333333333333        0.733333333333333        5.134051369238566        5.134051369238567        0.000000000000001
        0.866666666666667        0.766666666666667        5.134051369238567        5.134051369238567        0.000000000000000
        0.800000000000000        0.800000000000000        6.137419374013479        6.137419374013481        0.000000000000001
        0.833333333333333        0.833333333333333        5.726290232793970        5.726290232793972        0.000000000000001
        0.866666666666667        0.866666666666667        4.603064530510111        4.603064530510111        0.000000000000000
        0.800000000000000        0.900000000000000        4.339810858350628        4.339810858350627        0.000000000000001
        0.833333333333333        0.933333333333333        2.964145940063255        2.964145940063253        0.000000000000001
        0.866666666666667        0.966666666666667        1.375664918287375        1.375664918287374        0.000000000000001
        0.800000000000000        1.000000000000000        0.000000000000002        0.000000000000002        0.000000000000000
        0.833333333333333        1.033333333333333       -1.534354843503368       -1.534354843503367        0.000000000000001
        0.866666666666667        1.066666666666667       -2.657580545787229       -2.657580545787227        0.000000000000001
        0.900000000000000        0.000000000000000        4.339810858350628        4.339810858350629        0.000000000000001
        0.933333333333333        0.033333333333333        2.964145940063255        2.964145940063254        0.000000000000000
        0.966666666666667        0.066666666666667        1.375664918287375        1.375664918287374        0.000000000000001
        0.900000000000000        0.100000000000000        3.068709687006741        3.068709687006739        0.000000000000002
        0.933333333333333        0.133333333333333        1.534354843503371        1.534354843503369        0.000000000000002
        0.966666666666667        0.166666666666667        0.411129141219510        0.411129141219509        0.000000000000001
        0.900000000000000        0.200000000000000        0.000000000000000        0.000000000000000        0.000000000000000
        0.933333333333333        0.233333333333333       -0.794240510887940       -0.794240510887939        0.000000000000001
        0.966666666666667        0.266666666666667       -0.794240510887940       -0.794240510887940        0.000000000000001
        0.900000000000000        0.300000000000000       -3.068709687006740       -3.068709687006739        0.000000000000001
        0.933333333333333        0.333333333333333       -2.657580545787231       -2.657580545787230        0.000000000000002
        0.966666666666667        0.366666666666667       -1.534354843503371       -1.534354843503370        0.000000000000001
        0.900000000000000        0.400000000000000       -4.339810858350628       -4.339810858350627        0.000000000000001
        0.933333333333333        0.433333333333333       -2.964145940063255       -2.964145940063253        0.000000000000002
        0.966666666666667        0.466666666666667       -1.375664918287375       -1.375664918287374        0.000000000000001
        0.900000000000000        0.500000000000000       -3.068709687006741       -3.068709687006741        0.000000000000000
        0.933333333333333        0.533333333333333       -1.534354843503371       -1.534354843503371        0.000000000000000
        0.966666666666667        0.566666666666667       -0.411129141219510       -0.411129141219510        0.000000000000000
        0.900000000000000        0.600000000000000       -0.000000000000001       -0.000000000000001        0.000000000000000
        0.933333333333333        0.633333333333333        0.794240510887940        0.794240510887939        0.000000000000000
        0.966666666666667        0.666666666666667        0.794240510887940        0.794240510887940        0.000000000000000
        0.900000000000000        0.700000000000000        3.068709687006740        3.068709687006739        0.000000000000000
        0.933333333333333        0.733333333333333        2.657580545787231        2.657580545787230        0.000000000000001
        0.966666666666667        0.766666666666667        1.534354843503371        1.534354843503370        0.000000000000001
        0.900000000000000        0.800000000000000        4.339810858350628        4.339810858350627        0.000000000000001
        0.933333333333333        0.833333333333333        2.964145940063255        2.964145940063253        0.000000000000001
        0.966666666666667        0.866666666666667        1.375664918287375        1.375664918287374        0.000000000000001
        0.900000000000000        0.900000000000000        3.068709687006741        3.068709687006740        0.000000000000002
        0.933333333333333        0.933333333333333        1.534354843503371        1.534354843503370        0.000000000000002
        0.966666666666667        0.966666666666667        0.411129141219511        0.411129141219510        0.000000000000001
        0.900000000000000        1.000000000000000        0.000000000000001        0.000000000000001        0.000000000000000
        0.933333333333333        1.033333333333333       -0.794240510887939       -0.794240510887938        0.000000000000001
        0.966666666666667        1.066666666666667       -0.794240510887940       -0.794240510887939        0.000000000000001
        1.000000000000000        0.000000000000000        0.000000000000002        0.000000000000002        0.000000000000000
        1.033333333333333        0.033333333333333       -1.534354843503368       -1.534354843503367        0.000000000000001
        1.066666666666667        0.066666666666667       -2.657580545787229       -2.657580545787227        0.000000000000001
        1.000000000000000        0.100000000000000        0.000000000000001        0.000000000000001        0.000000000000000
        1.033333333333333        0.133333333333333       -0.794240510887939       -0.794240510887938        0.000000000000001
        1.066666666666667        0.166666666666667       -0.794240510887939       -0.794240510887938        0.000000000000001
        1.000000000000000        0.200000000000000        0.000000000000000        0.000000000000000        0.000000000000000
        1.033333333333333        0.233333333333333        0.411129141219509        0.411129141219509        0.000000000000000
        1.066666666666667        0.266666666666667        1.534354843503369        1.534354843503367        0.000000000000001
        1.000000000000000        0.300000000000000       -0.000000000000001       -0.000000000000001        0.000000000000000
        1.033333333333333        0.333333333333333        1.375664918287372        1.375664918287371        0.000000000000001
        1.066666666666667        0.366666666666667        2.964145940063251        2.964145940063250        0.000000000000002
        1.000000000000000        0.400000000000000       -0.000000000000002       -0.000000000000002        0.000000000000000
        1.033333333333333        0.433333333333333        1.534354843503368        1.534354843503367        0.000000000000001
        1.066666666666667        0.466666666666667        2.657580545787229        2.657580545787228        0.000000000000001
        1.000000000000000        0.500000000000000       -0.000000000000001       -0.000000000000001        0.000000000000000
        1.033333333333333        0.533333333333333        0.794240510887939        0.794240510887939        0.000000000000000
        1.066666666666667        0.566666666666667        0.794240510887940        0.794240510887940        0.000000000000000
        1.000000000000000        0.600000000000000       -0.000000000000000       -0.000000000000000        0.000000000000000
        1.033333333333333        0.633333333333333       -0.411129141219509       -0.411129141219509        0.000000000000000
        1.066666666666667        0.666666666666667       -1.534354843503368       -1.534354843503368        0.000000000000000
        1.000000000000000        0.700000000000000        0.000000000000001        0.000000000000001        0.000000000000000
        1.033333333333333        0.733333333333333       -1.375664918287372       -1.375664918287371        0.000000000000001
        1.066666666666667        0.766666666666667       -2.964145940063251       -2.964145940063250        0.000000000000001
        1.000000000000000        0.800000000000000        0.000000000000002        0.000000000000002        0.000000000000000
        1.033333333333333        0.833333333333333       -1.534354843503368       -1.534354843503367        0.000000000000001
        1.066666666666667        0.866666666666667       -2.657580545787229       -2.657580545787227        0.000000000000001
        1.000000000000000        0.900000000000000        0.000000000000001        0.000000000000001        0.000000000000000
        1.033333333333333        0.933333333333333       -0.794240510887939       -0.794240510887938        0.000000000000001
        1.066666666666667        0.966666666666667       -0.794240510887940       -0.794240510887939        0.000000000000001
        1.000000000000000        1.000000000000000        0.000000000000000        0.000000000000000        0.000000000000000
        1.033333333333333        1.033333333333333        0.411129141219509        0.411129141219508        0.000000000000001
        1.066666666666667        1.066666666666667        1.534354843503368        1.534354843503366        0.000000000000002
