        0.000000000000000        0.000000000000000        5.816730781264151        5.816730781264158        0.000000000000007
        0.033333333333333        0.033333333333333        5.427083702406906        5.427083702406910        0.000000000000005
        0.066666666666667        0.066666666666667        4.362548085948114        4.362548085948114        0.000000000000001
        0.000000000000000        0.100000000000000        4.113049779768406        4.113049779768407        0.000000000000001
        0.033333333333333        0.133333333333333        2.809265243096817        2.809265243096816        0.000000000000001
        0.066666666666667        0.166666666666667        1.303784536671590        1.303784536671588        0.000000000000001
        0.000000000000000        0.200000000000000        0.000000000000000        0.000000000000000        0.000000000000000
        0.033333333333333        0.233333333333333       -1.454182695316037       -1.454182695316037        0.000000000000000
        0.066666666666667        0.266666666666667       -2.518718311774830       -2.518718311774829        0.000000000000001
        0.000000000000000        0.300000000000000       -4.113049779768405       -4.113049779768407        0.000000000000002
        0.033333333333333        0.333333333333333       -4.865790132981019       -4.865790132981021        0.000000000000002
        0.066666666666667        0.366666666666667       -4.865790132981019       -4.865790132981020        0.000000000000000
        0.000000000000000        0.400000000000000       -5.816730781264151       -5.816730781264154        0.000000000000003
        0.033333333333333        0.433333333333333       -5.427083702406906       -5.427083702406908        0.000000000000002
        0.066666666666667        0.466666666666667       -4.362548085948114       -4.362548085948115        0.000000000000001
        0.000000000000000        0.500000000000000       -4.113049779768406       -4.113049779768410        0.000000000000003
        0.033333333333333        0.533333333333333       -2.809265243096817       -2.809265243096820        0.000000000000002
        0.066666666666667        0.566666666666667       -1.303784536671590       -1.303784536671591        0.000000000000001
        0.000000000000000        0.600000000000000       -0.000000000000001       -0.000000000000001        0.000000000000000
        0.033333333333333        0.633333333333333        1.454182695316037        1.454182695316038        0.000000000000001
        0.066666666666667        0.666666666666667        2.518718311774829        2.518718311774830        0.000000000000001
        0.000000000000000        0.700000000000000        4.113049779768405        4.113049779768408        0.000000000000003
        0.033333333333333        0.733333333333333        4.865790132981019        4.865790132981021        0.000000000000002
        0.066666666666667        0.766666666666667        4.865790132981019        4.865790132981020        0.000000000000001
        0.000000000000000        0.800000000000000        5.816730781264151        5.816730781264155        0.000000000000004
        0.033333333333333        0.833333333333333        5.427083702406906        5.427083702406909        0.000000000000003
        0.066666666666667        0.866666666666667        4.362548085948114        4.362548085948114        0.000000000000000
        0.000000000000000        0.900000000000000        4.113049779768407        4.113049779768408        0.000000000000001
        0.033333333333333        0.933333333333333        2.809265243096818        2.809265243096818        0.000000000000000
        0.066666666666667        0.966666666666667        1.303784536671591        1.303784536671590        0.000000000000001
        0.000000000000000        1.000000000000000        0.000000000000002        0.000000000000002        0.000000000000000
        0.033333333333333        1.033333333333333       -1.454182695316036       -1.454182695316036        0.000000000000000
        0.066666666666667        1.066666666666667       -2.518718311774829       -2.518718311774827        0.000000000000001
        0.100000000000000        0.000000000000000        4.113049779768406        4.113049779768407        0.000000000000001
        0.133333333333333        0.033333333333333        2.809265243096817        2.809265243096816        0.000000000000001
        0.166666666666667        0.066666666666667        1.303784536671590        1.303784536671588        0.000000000000001
        0.100000000000000        0.100000000000000        2.908365390632076        2.908365390632074        0.000000000000002
        0.133333333333333        0.133333333333333        1.454182695316038        1.454182695316036        0.000000000000002
        0.166666666666667        0.166666666666667        0.389647078857246        0.389647078857245        0.000000000000001
        0.100000000000000        0.200000000000000        0.000000000000000        0.000000000000000        0.000000000000000
        0.133333333333333        0.233333333333333       -0.752740353212613       -0.752740353212612        0.000000000000001
        0.166666666666667        0.266666666666667       -0.752740353212614       -0.752740353212613        0.000000000000001
        0.100000000000000        0.300000000000000       -2.908365390632075       -2.908365390632074        0.000000000000002
        0.133333333333333        0.333333333333333       -2.518718311774830       -2.518718311774828        0.000000000000002
        0.166666666666667        0.366666666666667       -1.454182695316038       -1.454182695316036        0.000000000000002
        0.100000000000000        0.400000000000000       -4.113049779768406       -4.113049779768404        0.000000000000002
        0.133333333333333        0.433333333333333       -2.809265243096817       -2.809265243096815        0.000000000000002
        0.166666666666667        0.466666666666667       -1.303784536671590       -1.303784536671588        0.000000000000001
        0.100000000000000        0.500000000000000       -2.908365390632076       -2.908365390632076        0.000000000000000
        0.133333333333333        0.533333333333333       -1.454182695316038       -1.454182695316038        0.000000000000001
        0.166666666666667        0.566666666666667       -0.389647078857246       -0.389647078857246        0.000000000000000
        0.100000000000000        0.600000000000000       -0.000000000000001       -0.000000000000001        0.000000000000000
        0.133333333333333        0.633333333333333        0.752740353212613        0.752740353212613        0.000000000000000
        0.166666666666667        0.666666666666667        0.752740353212613        0.752740353212613        0.000000000000001
        0.100000000000000        0.700000000000000        2.908365390632075        2.908365390632074        0.000000000000001
        0.133333333333333        0.733333333333333        2.518718311774830        2.518718311774828        0.000000000000002
        0.166666666666667        0.766666666666667        1.454182695316038        1.454182695316036        0.000000000000001
        0.100000000000000        0.800000000000000        4.113049779768406        4.113049779768405        0.000000000000001
        0.133333333333333        0.833333333333333        2.809265243096817        2.809265243096815        0.000000000000002
        0.166666666666667        0.866666666666667        1.303784536671590        1.303784536671588        0.000000000000001
        0.100000000000000        0.900000000000000        2.908365390632076        2.908365390632075        0.000000000000002
        0.133333333333333        0.933333333333333        1.454182695316039        1.454182695316037        0.000000000000002
        0.166666666666667        0.966666666666667        0.389647078857246        0.389647078857245        0.000000000000001
        0.100000000000000        1.000000000000000        0.000000000000001        0.000000000000001        0.000000000000000
        0.133333333333333        1.033333333333333       -0.752740353212613       -0.752740353212612        0.000000000000001
        0.166666666666667        1.066666666666667       -0.752740353212613       -0.752740353212612        0.000000000000001
        0.200000000000000        0.000000000000000        0.000000000000000        0.000000000000000        0.000000000000000
        0.233333333333333        0.033333333333333       -1.454182695316037       -1.454182695316037        0.000000000000000
        0.266666666666667        0.066666666666667       -2.518718311774830       -2.518718311774829        0.000000000000001
        0.200000000000000        0.100000000000000        0.000000000000000        0.000000000000000        0.000000000000000
        0.233333333333333        0.133333333333333       -0.752740353212613       -0.752740353212612        0.000000000000001
        0.266666666666667        0.166666666666667       -0.752740353212614       -0.752740353212613        0.000000000000001
        0.200000000000000        0.200000000000000        0.000000000000000       -0.000000000000000        0.000000000000000
        0.233333333333333        0.233333333333333        0.389647078857245        0.389647078857245        0.000000000000000
        0.266666666666667        0.266666666666667        1.454182695316037        1.454182695316036        0.000000000000001
        0.200000000000000        0.300000000000000       -0.000000000000000       -0.000000000000000        0.000000000000000
        0.233333333333333        0.333333333333333        1.303784536671589        1.303784536671588        0.000000000000001
        0.266666666666667        0.366666666666667        2.809265243096816        2.809265243096815        0.000000000000001
        0.200000000000000        0.400000000000000       -0.000000000000000       -0.000000000000000        0.000000000000000
        0.233333333333333        0.433333333333333        1.454182695316037        1.454182695316037        0.000000000000001
        0.266666666666667        0.466666666666667        2.518718311774830        2.518718311774829        0.000000000000001
        0.200000000000000        0.500000000000000       -0.000000000000000       -0.000000000000000        0.000000000000000
        0.233333333333333        0.533333333333333        0.752740353212614        0.752740353212614        0.000000000000000
        0.266666666666667        0.566666666666667        0.752740353212614        0.752740353212614        0.000000000000000
        0.200000000000000        0.600000000000000       -0.000000000000000       -0.000000000000000        0.000000000000000
        0.233333333333333        0.633333333333333       -0.389647078857245       -0.389647078857245        0.000000000000000
        0.266666666666667        0.666666666666667       -1.454182695316037       -1.454182695316037        0.000000000000000
        0.200000000000000        0.700000000000000        0.000000000000000        0.000000000000000        0.000000000000000
        0.233333333333333        0.733333333333333       -1.303784536671589       -1.303784536671588        0.000000000000001
        0.266666666666667        0.766666666666667       -2.809265243096816       -2.809265243096815        0.000000000000001
        0.200000000000000        0.800000000000000        0.000000000000000        0.000000000000000        0.000000000000000
        0.233333333333333        0.833333333333333       -1.454182695316038       -1.454182695316037        0.000000000000001
        0.266666666666667        0.866666666666667       -2.518718311774830       -2.518718311774829        0.000000000000001
        0.200000000000000        0.900000000000000        0.000000000000000        0.000000000000000        0.000000000000000
        0.233333333333333        0.933333333333333       -0.752740353212614       -0.752740353212613        0.000000000000001
        0.266666666666667        0.966666666666667       -0.752740353212614       -0.752740353212614        0.000000000000001
        0.200000000000000        1.000000000000000        0.000000000000000        0.000000000000000        0.000000000000000
        0.233333333333333        1.033333333333333        0.389647078857245        0.389647078857245        0.000000000000000
        0.266666666666667        1.066666666666667        1.454182695316037        1.454182695316036        0.000000000000001
        0.300000000000000        0.000000000000000       -4.113049779768405       -4.113049779768407        0.000000000000002
        0.333333333333333        0.033333333333333       -4.865790132981019       -4.865790132981021        0.000000000000002
        0.366666666666667        0.066666666666667       -4.865790132981019       -4.865790132981020        0.000000000000000
        0.300000000000000        0.100000000000000       -2.908365390632075       -2.908365390632074        0.000000000000002
        0.333333333333333        0.133333333333333       -2.518718311774830       -2.518718311774828        0.000000000000002
        0.366666666666667        0.166666666666667       -1.454182695316038       -1.454182695316036        0.000000000000002
        0.300000000000000        0.200000000000000       -0.000000000000000       -0.000000000000000        0.000000000000000
        0.333333333333333        0.233333333333333        1.303784536671589        1.303784536671588        0.000000000000001
        0.366666666666667        0.266666666666667        2.809265243096816        2.809265243096815        0.000000000000001
        0.300000000000000        0.300000000000000        2.908365390632075        2.908365390632074        0.000000000000001
        0.333333333333333        0.333333333333333        4.362548085948113        4.362548085948113        0.000000000000000
        0.366666666666667        0.366666666666667        5.427083702406905        5.427083702406905        0.000000000000000
        0.300000000000000        0.400000000000000        4.113049779768405        4.113049779768405        0.000000000000001
        0.333333333333333        0.433333333333333        4.865790132981019        4.865790132981019        0.000000000000000
        0.366666666666667        0.466666666666667        4.865790132981020        4.865790132981020        0.000000000000000
        0.300000000000000        0.500000000000000        2.908365390632076        2.908365390632076        0.000000000000000
        0.333333333333333        0.533333333333333        2.518718311774830        2.518718311774831        0.000000000000001
        0.366666666666667        0.566666666666667        1.454182695316039        1.454182695316039        0.000000000000001
        0.300000000000000        0.600000000000000        0.000000000000001        0.000000000000001        0.000000000000000
        0.333333333333333        0.633333333333333       -1.303784536671588       -1.303784536671589        0.000000000000001
        0.366666666666667        0.666666666666667       -2.809265243096815       -2.809265243096816        0.000000000000001
        0.300000000000000        0.700000000000000       -2.908365390632075       -2.908365390632075        0.000000000000000
        0.333333333333333        0.733333333333333       -4.362548085948113       -4.362548085948113        0.000000000000000
        0.366666666666667        0.766666666666667       -5.427083702406905       -5.427083702406905        0.000000000000000
        0.300000000000000        0.800000000000000       -4.113049779768405       -4.113049779768405        0.000000000000000
        0.333333333333333        0.833333333333333       -4.865790132981019       -4.865790132981020        0.000000000000000
        0.366666666666667        0.866666666666667       -4.865790132981020       -4.865790132981020        0.000000000000000
        0.300000000000000        0.900000000000000       -2.908365390632076       -2.908365390632075        0.000000000000001
        0.333333333333333        0.933333333333333       -2.518718311774831       -2.518718311774830        0.000000000000001
        0.366666666666667        0.966666666666667       -1.454182695316039       -1.454182695316038        0.000000000000001
        0.300000000000000        1.000000000000000       -0.000000000000001       -0.000000000000001        0.000000000000000
        0.333333333333333        1.033333333333333        1.303784536671588        1.303784536671587        0.000000000000001
        0.366666666666667        1.066666666666667        2.809265243096815        2.809265243096813        0.000000000000002
        0.400000000000000        0.000000000000000       -5.816730781264151       -5.816730781264154        0.000000000000003
        0.433333333333333        0.033333333333333       -5.427083702406906       -5.427083702406908        0.000000000000002
        0.466666666666667        0.066666666666667       -4.362548085948114       -4.362548085948115        0.000000000000001
        0.400000000000000        0.100000000000000       -4.113049779768406       -4.113049779768404        0.000000000000002
        0.433333333333333        0.133333333333333       -2.809265243096817       -2.809265243096815        0.000000000000002
        0.466666666666667        0.166666666666667       -1.303784536671590       -1.303784536671588        0.000000000000001
        0.400000000000000        0.200000000000000       -0.000000000000000       -0.000000000000000        0.000000000000000
        0.433333333333333        0.233333333333333        1.454182695316037        1.454182695316037        0.000000000000001
        0.466666666666667        0.266666666666667        2.518718311774830        2.518718311774829        0.000000000000001
        0.400000000000000        0.300000000000000        4.113049779768405        4.113049779768405        0.000000000000001
        0.433333333333333        0.333333333333333        4.865790132981019        4.865790132981019        0.000000000000000
        0.466666666666667        0.366666666666667        4.865790132981020        4.865790132981020        0.000000000000000
        0.400000000000000        0.400000000000000        5.816730781264151        5.816730781264151        0.000000000000000
        0.433333333333333        0.433333333333333        5.427083702406906        5.427083702406906        0.000000000000000
        0.466666666666667        0.466666666666667        4.362548085948114        4.362548085948115        0.000000000000001
        0.400000000000000        0.500000000000000        4.113049779768406        4.113049779768407        0.000000000000001
        0.433333333333333        0.533333333333333        2.809265243096817        2.809265243096818        0.000000000000001
        0.466666666666667        0.566666666666667        1.303784536671590        1.303784536671591        0.000000000000001
        0.400000000000000        0.600000000000000        0.000000000000001        0.000000000000001        0.000000000000000
        0.433333333333333        0.633333333333333       -1.454182695316037       -1.454182695316037        0.000000000000001
        0.466666666666667        0.666666666666667       -2.518718311774829       -2.518718311774830        0.000000000000001
        0.400000000000000        0.700000000000000       -4.113049779768405       -4.113049779768405        0.000000000000000
        0.433333333333333        0.733333333333333       -4.865790132981019       -4.865790132981019        0.000000000000000
        0.466666666666667        0.766666666666667       -4.865790132981019       -4.865790132981020        0.000000000000001
        0.400000000000000        0.800000000000000       -5.816730781264151       -5.816730781264152        0.000000000000001
        0.433333333333333        0.833333333333333       -5.427083702406906       -5.427083702406907        0.000000000000001
        0.466666666666667        0.866666666666667       -4.362548085948114       -4.362548085948115        0.000000000000000
        0.400000000000000        0.900000000000000       -4.113049779768407       -4.113049779768406        0.000000000000001
        0.433333333333333        0.933333333333333       -2.809265243096818       -2.809265243096817        0.000000000000001
        0.466666666666667        0.966666666666667       -1.303784536671591       -1.303784536671590        0.000000000000001
        0.400000000000000        1.000000000000000       -0.000000000000002       -0.000000000000002        0.000000000000000
        0.433333333333333        1.033333333333333        1.454182695316036        1.454182695316035        0.000000000000001
        0.466666666666667        1.066666666666667        2.518718311774829        2.518718311774828        0.000000000000001
        0.500000000000000        0.000000000000000       -4.113049779768406       -4.113049779768410        0.000000000000003
        0.533333333333333        0.033333333333333       -2.809265243096817       -2.809265243096820        0.000000000000002
        0.566666666666667        0.066666666666667       -1.303784536671590       -1.303784536671591        0.000000000000001
        0.500000000000000        0.100000000000000       -2.908365390632076       -2.908365390632076        0.000000000000000
        0.533333333333333        0.133333333333333       -1.454182695316038       -1.454182695316038        0.000000000000001
        0.566666666666667        0.166666666666667       -0.389647078857246       -0.389647078857246        0.000000000000000
        0.500000000000000        0.200000000000000       -0.000000000000000       -0.000000000000000        0.000000000000000
        0.533333333333333        0.233333333333333        0.752740353212614        0.752740353212614        0.000000000000000
        0.566666666666667        0.266666666666667        0.752740353212614        0.752740353212614        0.000000000000000
        0.500000000000000        0.300000000000000        2.908365390632076        2.908365390632076        0.000000000000000
        0.533333333333333        0.333333333333333        2.518718311774830        2.518718311774831        0.000000000000001
        0.566666666666667        0.366666666666667        1.454182695316039        1.454182695316039        0.000000000000001
        0.500000000000000        0.400000000000000        4.113049779768406        4.113049779768407        0.000000000000001
        0.533333333333333        0.433333333333333        2.809265243096817        2.809265243096818        0.000000000000001
        0.566666666666667        0.466666666666667        1.303784536671590        1.303784536671591        0.000000000000001
        0.500000000000000        0.500000000000000        2.908365390632076        2.908365390632078        0.000000000000001
        0.533333333333333        0.533333333333333        1.454182695316039        1.454182695316040        0.000000000000001
        0.566666666666667        0.566666666666667        0.389647078857246        0.389647078857247        0.000000000000000
        0.500000000000000        0.600000000000000        0.000000000000001        0.000000000000001        0.000000000000000
        0.533333333333333        0.633333333333333       -0.752740353212613       -0.752740353212614        0.000000000000001
        0.566666666666667        0.666666666666667       -0.752740353212614       -0.752740353212614        0.000000000000000
        0.500000000000000        0.700000000000000       -2.908365390632075       -2.908365390632076        0.000000000000001
        0.533333333333333        0.733333333333333       -2.518718311774830       -2.518718311774831        0.000000000000001
        0.566666666666667        0.766666666666667       -1.454182695316039       -1.454182695316039        0.000000000000001
        0.500000000000000        0.800000000000000       -4.113049779768406       -4.113049779768408        0.000000000000002
        0.533333333333333        0.833333333333333       -2.809265243096817       -2.809265243096819        0.000000000000001
        0.566666666666667        0.866666666666667       -1.303784536671590       -1.303784536671591        0.000000000000000
        0.500000000000000        0.900000000000000       -2.908365390632077       -2.908365390632077        0.000000000000000
        0.533333333333333        0.933333333333333       -1.454182695316039       -1.454182695316039        0.000000000000000
        0.566666666666667        0.966666666666667       -0.389647078857246       -0.389647078857246        0.000000000000000
        0.500000000000000        1.000000000000000       -0.000000000000001       -0.000000000000001        0.000000000000000
        0.533333333333333        1.033333333333333        0.752740353212613        0.752740353212613        0.000000000000000
        0.566666666666667        1.066666666666667        0.752740353212614        0.752740353212614        0.000000000000000
        0.600000000000000        0.000000000000000       -0.000000000000001       -0.000000000000001        0.000000000000000
        0.633333333333333        0.033333333333333        1.454182695316037        1.454182695316038        0.000000000000001
        0.666666666666667        0.066666666666667        2.518718311774829        2.518718311774830        0.000000000000001
        0.600000000000000        0.100000000000000       -0.000000000000001       -0.000000000000001        0.000000000000000
        0.633333333333333        0.133333333333333        0.752740353212613        0.752740353212613        0.000000000000000
        0.666666666666667        0.166666666666667        0.752740353212613        0.752740353212613        0.000000000000001
        0.600000000000000        0.200000000000000       -0.000000000000000       -0.000000000000000        0.000000000000000
        0.633333333333333        0.233333333333333       -0.389647078857245       -0.389647078857245        0.000000000000000
        0.666666666666667        0.266666666666667       -1.454182695316037       -1.454182695316037        0.000000000000000
        0.600000000000000        0.300000000000000        0.000000000000001        0.000000000000001        0.000000000000000
        0.633333333333333        0.333333333333333       -1.303784536671588       -1.303784536671589        0.000000000000001
        0.666666666666667        0.366666666666667       -2.809265243096815       -2.809265243096816        0.000000000000001
        0.600000000000000        0.400000000000000        0.000000000000001        0.000000000000001        0.000000000000000
        0.633333333333333        0.433333333333333       -1.454182695316037       -1.454182695316037        0.000000000000001
        0.666666666666667        0.466666666666667       -2.518718311774829       -2.518718311774830        0.000000000000001
        0.600000000000000        0.500000000000000        0.000000000000001        0.000000000000001        0.000000000000000
        0.633333333333333        0.533333333333333       -0.752740353212613       -0.752740353212614        0.000000000000001
        0.666666666666667        0.566666666666667       -0.752740353212614       -0.752740353212614        0.000000000000000
        0.600000000000000        0.600000000000000        0.000000000000000        0.000000000000000        0.000000000000000
        0.633333333333333        0.633333333333333        0.389647078857245        0.389647078857245        0.000000000000000
        0.666666666666667        0.666666666666667        1.454182695316037        1.454182695316037        0.000000000000001
        0.600000000000000        0.700000000000000       -0.000000000000001       -0.000000000000001        0.000000000000000
        0.633333333333333        0.733333333333333        1.303784536671588        1.303784536671589        0.000000000000001
        0.666666666666667        0.766666666666667        2.809265243096815        2.809265243096816        0.000000000000001
        0.600000000000000        0.800000000000000       -0.000000000000001       -0.000000000000001        0.000000000000000
        0.633333333333333        0.833333333333333        1.454182695316037        1.454182695316038        0.000000000000001
        0.666666666666667        0.866666666666667        2.518718311774829        2.518718311774830        0.000000000000001
        0.600000000000000        0.900000000000000       -0.000000000000001       -0.000000000000001        0.000000000000000
        0.633333333333333        0.933333333333333        0.752740353212613        0.752740353212613        0.000000000000000
        0.666666666666667        0.966666666666667        0.752740353212614        0.752740353212614        0.000000000000000
        0.600000000000000        1.000000000000000       -0.000000000000000       -0.000000000000000        0.000000000000000
        0.633333333333333        1.033333333333333       -0.389647078857245       -0.389647078857245        0.000000000000000
        0.666666666666667        1.066666666666667       -1.454182695316036       -1.454182695316036        0.000000000000000
        0.700000000000000        0.000000000000000        4.113049779768405        4.113049779768408        0.000000000000003
        0.733333333333333        0.033333333333333        4.865790132981019        4.865790132981021        0.000000000000002
        0.766666666666667        0.066666666666667        4.865790132981019        4.865790132981020        0.000000000000001
        0.700000000000000        0.100000000000000        2.908365390632075        2.908365390632074        0.000000000000001
        0.733333333333333        0.133333333333333        2.518718311774830        2.518718311774828        0.000000000000002
        0.766666666666667        0.166666666666667        1.454182695316038        1.454182695316036        0.000000000000001
        0.700000000000000        0.200000000000000        0.000000000000000        0.000000000000000        0.000000000000000
        0.733333333333333        0.233333333333333       -1.303784536671589       -1.303784536671588        0.000000000000001
        0.766666666666667        0.266666666666667       -2.809265243096816       -2.809265243096815        0.000000000000001
        0.700000000000000        0.300000000000000       -2.908365390632075       -2.908365390632075        0.000000000000000
        0.733333333333333        0.333333333333333       -4.362548085948113       -4.362548085948113        0.000000000000000
        0.766666666666667        0.366666666666667       -5.427083702406905       -5.427083702406905        0.000000000000000
        0.700000000000000        0.400000000000000       -4.113049779768405       -4.113049779768405        0.000000000000000
        0.733333333333333        0.433333333333333       -4.865790132981019       -4.865790132981019        0.000000000000000
        0.766666666666667        0.466666666666667       -4.865790132981019       -4.865790132981020        0.000000000000001
        0.700000000000000        0.500000000000000       -2.908365390632075       -2.908365390632076        0.000000000000001
        0.733333333333333        0.533333333333333       -2.518718311774830       -2.518718311774831        0.000000000000001
        0.766666666666667        0.566666666666667       -1.454182695316039       -1.454182695316039        0.000000000000001
        0.700000000000000        0.600000000000000       -0.000000000000001       -0.000000000000001        0.000000000000000
        0.733333333333333        0.633333333333333        1.303784536671588        1.303784536671589        0.000000000000001
        0.766666666666667        0.666666666666667        2.809265243096815        2.809265243096816        0.000000000000001
        0.700000000000000        0.700000000000000        2.908365390632074        2.908365390632075        0.000000000000001
        0.733333333333333        0.733333333333333        4.362548085948112        4.362548085948113        0.000000000000000
        0.766666666666667        0.766666666666667        5.427083702406905        5.427083702406906        0.000000000000001
        0.700000000000000        0.800000000000000        4.113049779768405        4.113049779768406        0.000000000000001
        0.733333333333333        0.833333333333333        4.865790132981019        4.865790132981020        0.000000000000001
        0.766666666666667        0.866666666666667        4.865790132981020        4.865790132981020        0.000000000000000
        0.700000000000000        0.900000000000000        2.908365390632076        2.908365390632075        0.000000000000000
        0.733333333333333        0.933333333333333        2.518718311774831        2.518718311774830        0.000000000000001
        0.766666666666667        0.966666666666667        1.454182695316039        1.454182695316038        0.000000000000001
        0.700000000000000        1.000000000000000        0.000000000000001        0.000000000000001        0.000000000000000
        0.733333333333333        1.033333333333333       -1.303784536671588       -1.303784536671587        0.000000000000001
        0.766666666666667        1.066666666666667       -2.809265243096815       -2.809265243096813        0.000000000000001
        0.800000000000000        0.000000000000000        5.816730781264151        5.816730781264155        0.000000000000004
        0.833333333333333        0.033333333333333        5.427083702406906        5.427083702406909        0.000000000000003
        0.866666666666667        0.066666666666667        4.362548085948114        4.362548085948114        0.000000000000000
        0.800000000000000        0.100000000000000        4.113049779768406        4.113049779768405        0.000000000000001
        0.833333333333333        0.133333333333333        2.809265243096817        2.809265243096815        0.000000000000002
        0.866666666666667        0.166666666666667        1.303784536671590        1.303784536671588        0.000000000000001
        0.800000000000000        0.200000000000000        0.000000000000000        0.000000000000000        0.000000000000000
        0.833333333333333        0.233333333333333       -1.454182695316038       -1.454182695316037        0.000000000000001
        0.866666666666667        0.266666666666667       -2.518718311774830       -2.518718311774829        0.000000000000001
        0.800000000000000        0.300000000000000       -4.113049779768405       -4.113049779768405        0.000000000000000
        0.833333333333333        0.333333333333333       -4.865790132981019       -4.865790132981020        0.000000000000000
        0.866666666666667        0.366666666666667       -4.865790132981020       -4.865790132981020        0.000000000000000
        0.800000000000000        0.400000000000000       -5.816730781264151       -5.816730781264152        0.000000000000001
        0.833333333333333        0.433333333333333       -5.427083702406906       -5.427083702406907        0.000000000000001
        0.866666666666667        0.466666666666667       -4.362548085948114       -4.362548085948115        0.000000000000000
        0.800000000000000        0.500000000000000       -4.113049779768406       -4.113049779768408        0.000000000000002
        0.833333333333333        0.533333333333333       -2.809265243096817       -2.809265243096819        0.000000000000001
        0.866666666666667        0.566666666666667       -1.303784536671590       -1.303784536671591        0.000000000000000
        0.800000000000000        0.600000000000000       -0.000000000000001       -0.000000000000001        0.000000000000000
        0.833333333333333        0.633333333333333        1.454182695316037        1.454182695316038        0.000000000000001
        0.866666666666667        0.666666666666667        2.518718311774829        2.518718311774830        0.000000000000001
        0.800000000000000        0.700000000000000        4.113049779768405        4.113049779768406        0.000000000000001
        0.833333333333333        0.733333333333333        4.865790132981019        4.865790132981020        0.000000000000001
        0.866666666666667        0.766666666666667        4.865790132981020        4.865790132981020        0.000000000000000
        0.800000000000000        0.800000000000000        5.816730781264151        5.816730781264153        0.000000000000001
        0.833333333333333        0.833333333333333        5.427083702406906        5.427083702406907        0.000000000000001
        0.866666666666667        0.866666666666667        4.362548085948115        4.362548085948115        0.000000000000000
        0.800000000000000        0.900000000000000        4.113049779768407        4.113049779768406        0.000000000000001
        0.833333333333333        0.933333333333333        2.809265243096818        2.809265243096817        0.000000000000001
        0.866666666666667        0.966666666666667        1.303784536671591        1.303784536671590        0.000000000000001
        0.800000000000000        1.000000000000000        0.000000000000002        0.000000000000002        0.000000000000000
        0.833333333333333        1.033333333333333       -1.454182695316036       -1.454182695316035        0.000000000000001
        0.866666666666667        1.066666666666667       -2.518718311774829       -2.518718311774827        0.000000000000001
        0.900000000000000        0.000000000000000        4.113049779768407        4.113049779768408        0.000000000000001
        0.933333333333333        0.033333333333333        2.809265243096818        2.809265243096818        0.000000000000000
        0.966666666666667        0.066666666666667        1.303784536671591        1.303784536671590        0.000000000000001
        0.900000000000000        0.100000000000000        2.908365390632076        2.908365390632075        0.000000000000002
        0.933333333333333        0.133333333333333        1.454182695316039        1.454182695316037        0.000000000000002
        0.966666666666667        0.166666666666667        0.389647078857246        0.389647078857245        0.000000000000001
        0.900000000000000        0.200000000000000        0.000000000000000        0.000000000000000        0.000000000000000
        0.933333333333333        0.233333333333333       -0.752740353212614       -0.752740353212613        0.000000000000001
        0.966666666666667        0.266666666666667       -0.752740353212614       -0.752740353212614        0.000000000000001
        0.900000000000000        0.300000000000000       -2.908365390632076       -2.908365390632075        0.000000000000001
        0.933333333333333        0.333333333333333       -2.518718311774831       -2.518718311774830        0.000000000000001
        0.966666666666667        0.366666666666667       -1.454182695316039       -1.454182695316038        0.000000000000001
        0.900000000000000        0.400000000000000       -4.113049779768407       -4.113049779768406        0.000000000000001
        0.933333333333333        0.433333333333333       -2.809265243096818       -2.809265243096817        0.000000000000001
        0.966666666666667        0.466666666666667       -1.303784536671591       -1.303784536671590        0.000000000000001
        0.900000000000000        0.500000000000000       -2.908365390632077       -2.908365390632077        0.000000000000000
        0.933333333333333        0.533333333333333       -1.454182695316039       -1.454182695316039        0.000000000000000
        0.966666666666667        0.566666666666667       -0.389647078857246       -0.389647078857246        0.000000000000000
        0.900000000000000        0.600000000000000       -0.000000000000001       -0.000000000000001        0.000000000000000
        0.933333333333333        0.633333333333333        0.752740353212613        0.752740353212613        0.000000000000000
        0.966666666666667        0.666666666666667        0.752740353212614        0.752740353212614        0.000000000000000
        0.900000000000000        0.700000000000000        2.908365390632076        2.908365390632075        0.000000000000000
        0.933333333333333        0.733333333333333        2.518718311774831        2.518718311774830        0.000000000000001
        0.966666666666667        0.766666666666667        1.454182695316039        1.454182695316038        0.000000000000001
        0.900000000000000        0.800000000000000        4.113049779768407        4.113049779768406        0.000000000000001
        0.933333333333333        0.833333333333333        2.809265243096818        2.809265243096817        0.000000000000001
        0.966666666666667        0.866666666666667        1.303784536671591        1.303784536671590        0.000000000000001
        0.900000000000000        0.900000000000000        2.908365390632077        2.908365390632076        0.000000000000001
        0.933333333333333        0.933333333333333        1.454182695316039        1.454182695316038        0.000000000000002
        0.966666666666667        0.966666666666667        0.389647078857247        0.389647078857246        0.000000000000001
        0.900000000000000        1.000000000000000        0.000000000000001        0.000000000000001        0.000000000000000
        0.933333333333333        1.033333333333333       -0.752740353212613       -0.752740353212612        0.000000000000001
        0.966666666666667        1.066666666666667       -0.752740353212614       -0.752740353212613        0.000000000000001
        1.000000000000000        0.000000000000000        0.000000000000002        0.000000000000002        0.000000000000000
        1.033333333333333        0.033333333333333       -1.454182695316036       -1.454182695316036        0.000000000000000
        1.066666666666667        0.066666666666667       -2.518718311774829       -2.518718311774827        0.000000000000001
        1.000000000000000        0.100000000000000        0.000000000000001        0.000000000000001        0.000000000000000
        1.033333333333333        0.133333333333333       -0.752740353212613       -0.752740353212612        0.000000000000001
        1.066666666666667        0.166666666666667       -0.752740353212613       -0.752740353212612        0.000000000000001
        1.000000000000000        0.200000000000000        0.000000000000000        0.000000000000000        0.000000000000000
        1.033333333333333        0.233333333333333        0.389647078857245        0.389647078857245        0.000000000000000
        1.066666666666667        0.266666666666667        1.454182695316037        1.454182695316036        0.000000000000001
        1.000000000000000        0.300000000000000       -0.000000000000001       -0.000000000000001        0.000000000000000
        1.033333333333333        0.333333333333333        1.303784536671588        1.303784536671587        0.000000000000001
        1.066666666666667        0.366666666666667        2.809265243096815        2.809265243096813        0.000000000000002
        1.000000000000000        0.400000000000000       -0.000000000000002       -0.000000000000002        0.000000000000000
        1.033333333333333        0.433333333333333        1.454182695316036        1.454182695316035        0.000000000000001
        1.066666666666667        0.466666666666667        2.518718311774829        2.518718311774828        0.000000000000001
        1.000000000000000        0.500000000000000       -0.000000000000001       -0.000000000000001        0.000000000000000
        1.033333333333333        0.533333333333333        0.752740353212613        0.752740353212613        0.000000000000000
        1.066666666666667        0.566666666666667        0.752740353212614        0.752740353212614        0.000000000000000
        1.000000000000000        0.600000000000000       -0.000000000000000       -0.000000000000000        0.000000000000000
        1.033333333333333        0.633333333333333       -0.389647078857245       -0.389647078857245        0.000000000000000
        1.066666666666667        0.666666666666667       -1.454182695316036       -1.454182695316036        0.000000000000000
        1.000000000000000        0.700000000000000        0.000000000000001        0.000000000000001        0.000000000000000
        1.033333333333333        0.733333333333333       -1.303784536671588       -1.303784536671587        0.000000000000001
        1.066666666666667        0.766666666666667       -2.809265243096815       -2.809265243096813        0.000000000000001
        1.000000000000000        0.800000000000000        0.000000000000002        0.000000000000002        0.000000000000000
        1.033333333333333        0.833333333333333       -1.454182695316036       -1.454182695316035        0.000000000000001
        1.066666666666667        0.866666666666667       -2.518718311774829       -2.518718311774827        0.000000000000001
        1.000000000000000        0.900000000000000        0.000000000000001        0.000000000000001        0.000000000000000
        1.033333333333333        0.933333333333333       -0.752740353212613       -0.752740353212612        0.000000000000001
        1.066666666666667        0.966666666666667       -0.752740353212614       -0.752740353212613        0.000000000000001
        1.000000000000000        1.000000000000000        0.000000000000000        0.000000000000000        0.000000000000000
        1.033333333333333        1.033333333333333        0.389647078857245        0.389647078857244        0.000000000000001
        1.066666666666667        1.066666666666667        1.454182695316036        1.454182695316035        0.000000000000002
