        0.000000000000000        0.000000000000000        0.004127978545589        0.002155046679431        0.001972931866158
        0.033333333333333        0.033333333333333        0.003851456416173        0.002010685925080        0.001840770491093
        0.066666666666667        0.066666666666667        0.003095983909191        0.001616285009573        0.001479698899618
        0.000000000000000        0.100000000000000        0.002918921622178        0.001523848120799        0.001395073501379
        0.033333333333333        0.133333333333333        0.001993660543776        0.001040807622260        0.000952852921515
        0.066666666666667        0.166666666666667        0.000925261078403        0.000483040498539        0.000442220579864
        0.000000000000000        0.200000000000000        0.000000000000000        0.000000000000000        0.000000000000000
        0.033333333333333        0.233333333333333       -0.001031994636397       -0.000538761669858        0.000493232966539
        0.066666666666667        0.266666666666667       -0.001787467143378       -0.000933162585364        0.000854304558014
        0.000000000000000        0.300000000000000       -0.002918921622178       -0.001523848120799        0.001395073501379
        0.033333333333333        0.333333333333333       -0.003453121354865       -0.001802731682660        0.001650389672205
        0.066666666666667        0.366666666666667       -0.003453121354865       -0.001802731682660        0.001650389672205
        0.000000000000000        0.400000000000000       -0.004127978545589       -0.002155046679431        0.001972931866158
        0.033333333333333        0.433333333333333       -0.003851456416173       -0.002010685925080        0.001840770491093
        0.066666666666667        0.466666666666667       -0.003095983909191       -0.001616285009573        0.001479698899618
        0.000000000000000        0.500000000000000       -0.002918921622178       -0.001523848120799        0.001395073501379
        0.033333333333333        0.533333333333333       -0.001993660543776       -0.001040807622260        0.000952852921515
        0.066666666666667        0.566666666666667       -0.000925261078403       -0.000483040498539        0.000442220579864
        0.000000000000000        0.600000000000000       -0.000000000000000       -0.000000000000000        0.000000000000000
        0.033333333333333        0.633333333333333        0.001031994636397        0.000538761669858        0.000493232966539
        0.066666666666667        0.666666666666667        0.001787467143378        0.000933162585364        0.000854304558014
        0.000000000000000        0.700000000000000        0.002918921622178        0.001523848120799        0.001395073501379
        0.033333333333333        0.733333333333333        0.003453121354865        0.001802731682660        0.001650389672205
        0.066666666666667        0.766666666666667        0.003453121354865        0.001802731682660        0.001650389672205
        0.000000000000000        0.800000000000000        0.004127978545589        0.002155046679431        0.001972931866158
        0.033333333333333        0.833333333333333        0.003851456416173        0.002010685925080        0.001840770491093
        0.066666666666667        0.866666666666667        0.003095983909191        0.001616285009573        0.001479698899618
        0.000000000000000        0.900000000000000        0.002918921622178        0.001523848120799        0.001395073501379
        0.033333333333333        0.933333333333333        0.001993660543776        0.001040807622260        0.000952852921515
        0.066666666666667        0.966666666666667        0.000925261078403        0.000483040498539        0.000442220579864
        0.000000000000000        1.000000000000000        0.000000000000000        0.000000000000000        0.000000000000000
        0.033333333333333        1.033333333333333       -0.001031994636397       -0.000538761669858        0.000493232966539
        0.066666666666667        1.066666666666667       -0.001787467143378       -0.000933162585364        0.000854304558014
        0.100000000000000        0.000000000000000        0.002918921622178        0.001523848120799        0.001395073501379
        0.133333333333333        0.033333333333333        0.001993660543776        0.001040807622260        0.000952852921515
        0.166666666666667        0.066666666666667        0.000925261078403        0.000483040498539        0.000442220579864
        0.100000000000000        0.100000000000000        0.002063989272794        0.001077523339716        0.000986465933079
        0.133333333333333        0.133333333333333        0.001031994636397        0.000538761669858        0.000493232966539
        0.166666666666667        0.166666666666667        0.000276522129416        0.000144360754351        0.000132161375065
        0.100000000000000        0.200000000000000        0.000000000000000        0.000000000000000        0.000000000000000
        0.133333333333333        0.233333333333333       -0.000534199732686       -0.000278883561861        0.000255316170826
        0.166666666666667        0.266666666666667       -0.000534199732686       -0.000278883561861        0.000255316170826
        0.100000000000000        0.300000000000000       -0.002063989272794       -0.001077523339716        0.000986465933079
        0.133333333333333        0.333333333333333       -0.001787467143378       -0.000933162585364        0.000854304558014
        0.166666666666667        0.366666666666667       -0.001031994636397       -0.000538761669858        0.000493232966539
        0.100000000000000        0.400000000000000       -0.002918921622178       -0.001523848120799        0.001395073501379
        0.133333333333333        0.433333333333333       -0.001993660543776       -0.001040807622260        0.000952852921515
        0.166666666666667        0.466666666666667       -0.000925261078403       -0.000483040498539        0.000442220579864
        0.100000000000000        0.500000000000000       -0.002063989272794       -0.001077523339716        0.000986465933079
        0.133333333333333        0.533333333333333       -0.001031994636397       -0.000538761669858        0.000493232966539
        0.166666666666667        0.566666666666667       -0.000276522129416       -0.000144360754351        0.000132161375065
        0.100000000000000        0.600000000000000       -0.000000000000000       -0.000000000000000        0.000000000000000
        0.133333333333333        0.633333333333333        0.000534199732686        0.000278883561861        0.000255316170826
        0.166666666666667        0.666666666666667        0.000534199732686        0.000278883561861        0.000255316170826
        0.100000000000000        0.700000000000000        0.002063989272794        0.001077523339716        0.000986465933079
        0.133333333333333        0.733333333333333        0.001787467143378        0.000933162585364        0.000854304558014
        0.166666666666667        0.766666666666667        0.001031994636397        0.000538761669858        0.000493232966539
        0.100000000000000        0.800000000000000        0.002918921622178        0.001523848120799        0.001395073501379
        0.133333333333333        0.833333333333333        0.001993660543776        0.001040807622260        0.000952852921515
        0.166666666666667        0.866666666666667        0.000925261078403        0.000483040498539        0.000442220579864
        0.100000000000000        0.900000000000000        0.002063989272794        0.001077523339716        0.000986465933079
        0.133333333333333        0.933333333333333        0.001031994636397        0.000538761669858        0.000493232966539
        0.166666666666667        0.966666666666667        0.000276522129416        0.000144360754351        0.000132161375065
        0.100000000000000        1.000000000000000        0.000000000000000        0.000000000000000        0.000000000000000
        0.133333333333333        1.033333333333333       -0.000534199732686       -0.000278883561861        0.000255316170826
        0.166666666666667        1.066666666666667       -0.000534199732686       -0.000278883561861        0.000255316170826
        0.200000000000000        0.000000000000000        0.000000000000000        0.000000000000000        0.000000000000000
        0.233333333333333        0.033333333333333       -0.001031994636397       -0.000538761669858        0.000493232966539
        0.266666666666667        0.066666666666667       -0.001787467143378       -0.000933162585364        0.000854304558014
        0.200000000000000        0.100000000000000        0.000000000000000        0.000000000000000        0.000000000000000
        0.233333333333333        0.133333333333333       -0.000534199732686       -0.000278883561861        0.000255316170826
        0.266666666666667        0.166666666666667       -0.000534199732686       -0.000278883561861        0.000255316170826
        0.200000000000000        0.200000000000000        0.000000000000000        0.000000000000000        0.000000000000000
        0.233333333333333        0.233333333333333        0.000276522129416        0.000144360754351        0.000132161375065
        0.266666666666667        0.266666666666667        0.001031994636397        0.000538761669858        0.000493232966539
        0.200000000000000        0.300000000000000       -0.000000000000000       -0.000000000000000        0.000000000000000
        0.233333333333333        0.333333333333333        0.000925261078403        0.000483040498539        0.000442220579864
        0.266666666666667        0.366666666666667        0.001993660543776        0.001040807622260        0.000952852921515
        0.200000000000000        0.400000000000000       -0.000000000000000       -0.000000000000000        0.000000000000000
        0.233333333333333        0.433333333333333        0.001031994636397        0.000538761669858        0.000493232966539
        0.266666666666667        0.466666666666667        0.001787467143378        0.000933162585364        0.000854304558014
        0.200000000000000        0.500000000000000       -0.000000000000000       -0.000000000000000        0.000000000000000
        0.233333333333333        0.533333333333333        0.000534199732686        0.000278883561861        0.000255316170826
        0.266666666666667        0.566666666666667        0.000534199732686        0.000278883561861        0.000255316170826
        0.200000000000000        0.600000000000000       -0.000000000000000        0.000000000000000        0.000000000000000
        0.233333333333333        0.633333333333333       -0.000276522129416       -0.000144360754351        0.000132161375065
        0.266666666666667        0.666666666666667       -0.001031994636397       -0.000538761669858        0.000493232966539
        0.200000000000000        0.700000000000000        0.000000000000000        0.000000000000000        0.000000000000000
        0.233333333333333        0.733333333333333       -0.000925261078403       -0.000483040498539        0.000442220579864
        0.266666666666667        0.766666666666667       -0.001993660543776       -0.001040807622260        0.000952852921515
        0.200000000000000        0.800000000000000        0.000000000000000        0.000000000000000        0.000000000000000
        0.233333333333333        0.833333333333333       -0.001031994636397       -0.000538761669858        0.000493232966539
        0.266666666666667        0.866666666666667       -0.001787467143378       -0.000933162585364        0.000854304558014
        0.200000000000000        0.900000000000000        0.000000000000000        0.000000000000000        0.000000000000000
        0.233333333333333        0.933333333333333       -0.000534199732686       -0.000278883561861        0.000255316170826
        0.266666666666667        0.966666666666667       -0.000534199732686       -0.000278883561861        0.000255316170826
        0.200000000000000        1.000000000000000        0.000000000000000        0.000000000000000        0.000000000000000
        0.233333333333333        1.033333333333333        0.000276522129416        0.000144360754351        0.000132161375065
        0.266666666666667        1.066666666666667        0.001031994636397        0.000538761669858        0.000493232966539
        0.300000000000000        0.000000000000000       -0.002918921622178       -0.001523848120799        0.001395073501379
        0.333333333333333        0.033333333333333       -0.003453121354865       -0.001802731682660        0.001650389672205
        0.366666666666667        0.066666666666667       -0.003453121354865       -0.001802731682660        0.001650389672205
        0.300000000000000        0.100000000000000       -0.002063989272794       -0.001077523339716        0.000986465933079
        0.333333333333333        0.133333333333333       -0.001787467143378       -0.000933162585364        0.000854304558014
        0.366666666666667        0.166666666666667       -0.001031994636397       -0.000538761669858        0.000493232966539
        0.300000000000000        0.200000000000000       -0.000000000000000       -0.000000000000000        0.000000000000000
        0.333333333333333        0.233333333333333        0.000925261078403        0.000483040498539        0.000442220579864
        0.366666666666667        0.266666666666667        0.001993660543776        0.001040807622260        0.000952852921515
        0.300000000000000        0.300000000000000        0.002063989272794        0.001077523339716        0.000986465933079
        0.333333333333333        0.333333333333333        0.003095983909191        0.001616285009573        0.001479698899618
        0.366666666666667        0.366666666666667        0.003851456416173        0.002010685925080        0.001840770491093
        0.300000000000000        0.400000000000000        0.002918921622178        0.001523848120799        0.001395073501379
        0.333333333333333        0.433333333333333        0.003453121354865        0.001802731682660        0.001650389672205
        0.366666666666667        0.466666666666667        0.003453121354865        0.001802731682660        0.001650389672205
        0.300000000000000        0.500000000000000        0.002063989272794        0.001077523339716        0.000986465933079
        0.333333333333333        0.533333333333333        0.001787467143378        0.000933162585364        0.000854304558014
        0.366666666666667        0.566666666666667        0.001031994636397        0.000538761669858        0.000493232966539
        0.300000000000000        0.600000000000000        0.000000000000000        0.000000000000000        0.000000000000000
        0.333333333333333        0.633333333333333       -0.000925261078403       -0.000483040498539        0.000442220579864
        0.366666666666667        0.666666666666667       -0.001993660543776       -0.001040807622260        0.000952852921515
        0.300000000000000        0.700000000000000       -0.002063989272794       -0.001077523339716        0.000986465933079
        0.333333333333333        0.733333333333333       -0.003095983909191       -0.001616285009573        0.001479698899618
        0.366666666666667        0.766666666666667       -0.003851456416173       -0.002010685925080        0.001840770491093
        0.300000000000000        0.800000000000000       -0.002918921622178       -0.001523848120799        0.001395073501379
        0.333333333333333        0.833333333333333       -0.003453121354865       -0.001802731682660        0.001650389672205
        0.366666666666667        0.866666666666667       -0.003453121354865       -0.001802731682660        0.001650389672205
        0.300000000000000        0.900000000000000       -0.002063989272794       -0.001077523339716        0.000986465933079
        0.333333333333333        0.933333333333333       -0.001787467143378       -0.000933162585364        0.000854304558014
        0.366666666666667        0.966666666666667       -0.001031994636397       -0.000538761669858        0.000493232966539
        0.300000000000000        1.000000000000000       -0.000000000000000       -0.000000000000000        0.000000000000000
        0.333333333333333        1.033333333333333        0.000925261078403        0.000483040498539        0.000442220579864
        0.366666666666667        1.066666666666667        0.001993660543776        0.001040807622260        0.000952852921515
        0.400000000000000        0.000000000000000       -0.004127978545589       -0.002155046679431        0.001972931866158
        0.433333333333333        0.033333333333333       -0.003851456416173       -0.002010685925080        0.001840770491093
        0.466666666666667        0.066666666666667       -0.003095983909191       -0.001616285009573        0.001479698899618
        0.400000000000000        0.100000000000000       -0.002918921622178       -0.001523848120799        0.001395073501379
        0.433333333333333        0.133333333333333       -0.001993660543776       -0.001040807622260        0.000952852921515
        0.466666666666667        0.166666666666667       -0.000925261078403       -0.000483040498539        0.000442220579864
        0.400000000000000        0.200000000000000       -0.000000000000000       -0.000000000000000        0.000000000000000
        0.433333333333333        0.233333333333333        0.001031994636397        0.000538761669858        0.000493232966539
        0.466666666666667        0.266666666666667        0.001787467143378        0.000933162585364        0.000854304558014
        0.400000000000000        0.300000000000000        0.002918921622178        0.001523848120799        0.001395073501379
        0.433333333333333        0.333333333333333        0.003453121354865        0.001802731682660        0.001650389672205
        0.466666666666667        0.366666666666667        0.003453121354865        0.001802731682660        0.001650389672205
        0.400000000000000        0.400000000000000        0.004127978545589        0.002155046679431        0.001972931866158
        0.433333333333333        0.433333333333333        0.003851456416173        0.002010685925080        0.001840770491093
        0.466666666666667        0.466666666666667        0.003095983909191        0.001616285009573        0.001479698899618
        0.400000000000000        0.500000000000000        0.002918921622178        0.001523848120799        0.001395073501379
        0.433333333333333        0.533333333333333        0.001993660543776        0.001040807622260        0.000952852921515
        0.466666666666667        0.566666666666667        0.000925261078403        0.000483040498539        0.000442220579864
        0.400000000000000        0.600000000000000        0.000000000000000        0.000000000000000        0.000000000000000
        0.433333333333333        0.633333333333333       -0.001031994636397       -0.000538761669858        0.000493232966539
        0.466666666666667        0.666666666666667       -0.001787467143378       -0.000933162585364        0.000854304558014
        0.400000000000000        0.700000000000000       -0.002918921622178       -0.001523848120799        0.001395073501379
        0.433333333333333        0.733333333333333       -0.003453121354865       -0.001802731682660        0.001650389672205
        0.466666666666667        0.766666666666667       -0.003453121354865       -0.001802731682660        0.001650389672205
        0.400000000000000        0.800000000000000       -0.004127978545589       -0.002155046679431        0.001972931866158
        0.433333333333333        0.833333333333333       -0.003851456416173       -0.002010685925080        0.001840770491093
        0.466666666666667        0.866666666666667       -0.003095983909191       -0.001616285009573        0.001479698899618
        0.400000000000000        0.900000000000000       -0.002918921622178       -0.001523848120799        0.001395073501379
        0.433333333333333        0.933333333333333       -0.001993660543776       -0.001040807622260        0.000952852921515
        0.466666666666667        0.966666666666667       -0.000925261078403       -0.000483040498539        0.000442220579864
        0.400000000000000        1.000000000000000       -0.000000000000000       -0.000000000000000        0.000000000000000
        0.433333333333333        1.033333333333333        0.001031994636397        0.000538761669858        0.000493232966539
        0.466666666666667        1.066666666666667        0.001787467143378        0.000933162585364        0.000854304558014
        0.500000000000000        0.000000000000000       -0.002918921622178       -0.001523848120799        0.001395073501379
        0.533333333333333        0.033333333333333       -0.001993660543776       -0.001040807622260        0.000952852921515
        0.566666666666667        0.066666666666667       -0.000925261078403       -0.000483040498539        0.000442220579864
        0.500000000000000        0.100000000000000       -0.002063989272794       -0.001077523339716        0.000986465933079
        0.533333333333333        0.133333333333333       -0.001031994636397       -0.000538761669858        0.000493232966539
        0.566666666666667        0.166666666666667       -0.000276522129416       -0.000144360754351        0.000132161375065
        0.500000000000000        0.200000000000000       -0.000000000000000       -0.000000000000000        0.000000000000000
        0.533333333333333        0.233333333333333        0.000534199732686        0.000278883561861        0.000255316170826
        0.566666666666667        0.266666666666667        0.000534199732686        0.000278883561861        0.000255316170826
        0.500000000000000        0.300000000000000        0.002063989272794        0.001077523339716        0.000986465933079
        0.533333333333333        0.333333333333333        0.001787467143378        0.000933162585364        0.000854304558014
        0.566666666666667        0.366666666666667        0.001031994636397        0.000538761669858        0.000493232966539
        0.500000000000000        0.400000000000000        0.002918921622178        0.001523848120799        0.001395073501379
        0.533333333333333        0.433333333333333        0.001993660543776        0.001040807622260        0.000952852921515
        0.566666666666667        0.466666666666667        0.000925261078403        0.000483040498539        0.000442220579864
        0.500000000000000        0.500000000000000        0.002063989272794        0.001077523339716        0.000986465933079
        0.533333333333333        0.533333333333333        0.001031994636397        0.000538761669858        0.000493232966539
        0.566666666666667        0.566666666666667        0.000276522129416        0.000144360754351        0.000132161375065
        0.500000000000000        0.600000000000000        0.000000000000000        0.000000000000000        0.000000000000000
        0.533333333333333        0.633333333333333       -0.000534199732686       -0.000278883561861        0.000255316170826
        0.566666666666667        0.666666666666667       -0.000534199732686       -0.000278883561861        0.000255316170826
        0.500000000000000        0.700000000000000       -0.002063989272794       -0.001077523339716        0.000986465933079
        0.533333333333333        0.733333333333333       -0.001787467143378       -0.000933162585364        0.000854304558014
        0.566666666666667        0.766666666666667       -0.001031994636397       -0.000538761669858        0.000493232966539
        0.500000000000000        0.800000000000000       -0.002918921622178       -0.001523848120799        0.001395073501379
        0.533333333333333        0.833333333333333       -0.001993660543776       -0.001040807622260        0.000952852921515
        0.566666666666667        0.866666666666667       -0.000925261078403       -0.000483040498539        0.000442220579864
        0.500000000000000        0.900000000000000       -0.002063989272794       -0.001077523339716        0.000986465933079
        0.533333333333333        0.933333333333333       -0.001031994636397       -0.000538761669858        0.000493232966539
        0.566666666666667        0.966666666666667       -0.000276522129416       -0.000144360754351        0.000132161375065
        0.500000000000000        1.000000000000000       -0.000000000000000       -0.000000000000000        0.000000000000000
        0.533333333333333        1.033333333333333        0.000534199732686        0.000278883561861        0.000255316170826
        0.566666666666667        1.066666666666667        0.000534199732686        0.000278883561861        0.000255316170826
        0.600000000000000        0.000000000000000       -0.000000000000000       -0.000000000000000        0.000000000000000
        0.633333333333333        0.033333333333333        0.001031994636397        0.000538761669858        0.000493232966539
        0.666666666666667        0.066666666666667        0.001787467143378        0.000933162585364        0.000854304558014
        0.600000000000000        0.100000000000000       -0.000000000000000       -0.000000000000000        0.000000000000000
        0.633333333333333        0.133333333333333        0.000534199732686        0.000278883561861        0.000255316170826
        0.666666666666667        0.166666666666667        0.000534199732686        0.000278883561861        0.000255316170826
        0.600000000000000        0.200000000000000       -0.000000000000000        0.000000000000000        0.000000000000000
        0.633333333333333        0.233333333333333       -0.000276522129416       -0.000144360754351        0.000132161375065
        0.666666666666667        0.266666666666667       -0.001031994636397       -0.000538761669858        0.000493232966539
        0.600000000000000        0.300000000000000        0.000000000000000        0.000000000000000        0.000000000000000
        0.633333333333333        0.333333333333333       -0.000925261078403       -0.000483040498539        0.000442220579864
        0.666666666666667        0.366666666666667       -0.001993660543776       -0.001040807622260        0.000952852921515
        0.600000000000000        0.400000000000000        0.000000000000000        0.000000000000000        0.000000000000000
        0.633333333333333        0.433333333333333       -0.001031994636397       -0.000538761669858        0.000493232966539
        0.666666666666667        0.466666666666667       -0.001787467143378       -0.000933162585364        0.000854304558014
        0.600000000000000        0.500000000000000        0.000000000000000        0.000000000000000        0.000000000000000
        0.633333333333333        0.533333333333333       -0.000534199732686       -0.000278883561861        0.000255316170826
        0.666666666666667        0.566666666666667       -0.000534199732686       -0.000278883561861        0.000255316170826
        0.600000000000000        0.600000000000000        0.000000000000000        0.000000000000000        0.000000000000000
        0.633333333333333        0.633333333333333        0.000276522129416        0.000144360754351        0.000132161375065
        0.666666666666667        0.666666666666667        0.001031994636397        0.000538761669858        0.000493232966539
        0.600000000000000        0.700000000000000       -0.000000000000000       -0.000000000000000        0.000000000000000
        0.633333333333333        0.733333333333333        0.000925261078403        0.000483040498539        0.000442220579864
        0.666666666666667        0.766666666666667        0.001993660543776        0.001040807622260        0.000952852921515
        0.600000000000000        0.800000000000000       -0.000000000000000       -0.000000000000000        0.000000000000000
        0.633333333333333        0.833333333333333        0.001031994636397        0.000538761669858        0.000493232966539
        0.666666666666667        0.866666666666667        0.001787467143378        0.000933162585364        0.000854304558014
        0.600000000000000        0.900000000000000       -0.000000000000000       -0.000000000000000        0.000000000000000
        0.633333333333333        0.933333333333333        0.000534199732686        0.000278883561861        0.000255316170826
        0.666666666666667        0.966666666666667        0.000534199732686        0.000278883561861        0.000255316170826
        0.600000000000000        1.000000000000000       -0.000000000000000       -0.000000000000000        0.000000000000000
        0.633333333333333        1.033333333333333       -0.000276522129416       -0.000144360754351        0.000132161375065
        0.666666666666667        1.066666666666667       -0.001031994636397       -0.000538761669858        0.000493232966539
        0.700000000000000        0.000000000000000        0.002918921622178        0.001523848120799        0.001395073501379
        0.733333333333333        0.033333333333333        0.003453121354865        0.001802731682660        0.001650389672205
        0.766666666666667        0.066666666666667        0.003453121354865        0.001802731682660        0.001650389672205
        0.700000000000000        0.100000000000000        0.002063989272794        0.001077523339716        0.000986465933079
        0.733333333333333        0.133333333333333        0.001787467143378        0.000933162585364        0.000854304558014
        0.766666666666667        0.166666666666667        0.001031994636397        0.000538761669858        0.000493232966539
        0.700000000000000        0.200000000000000        0.000000000000000        0.000000000000000        0.000000000000000
        0.733333333333333        0.233333333333333       -0.000925261078403       -0.000483040498539        0.000442220579864
        0.766666666666667        0.266666666666667       -0.001993660543776       -0.001040807622260        0.000952852921515
        0.700000000000000        0.300000000000000       -0.002063989272794       -0.001077523339716        0.000986465933079
        0.733333333333333        0.333333333333333       -0.003095983909191       -0.001616285009573        0.001479698899618
        0.766666666666667        0.366666666666667       -0.003851456416173       -0.002010685925080        0.001840770491093
        0.700000000000000        0.400000000000000       -0.002918921622178       -0.001523848120799        0.001395073501379
        0.733333333333333        0.433333333333333       -0.003453121354865       -0.001802731682660        0.001650389672205
        0.766666666666667        0.466666666666667       -0.003453121354865       -0.001802731682660        0.001650389672205
        0.700000000000000        0.500000000000000       -0.002063989272794       -0.001077523339716        0.000986465933079
        0.733333333333333        0.533333333333333       -0.001787467143378       -0.000933162585364        0.000854304558014
        0.766666666666667        0.566666666666667       -0.001031994636397       -0.000538761669858        0.000493232966539
        0.700000000000000        0.600000000000000       -0.000000000000000       -0.000000000000000        0.000000000000000
        0.733333333333333        0.633333333333333        0.000925261078403        0.000483040498539        0.000442220579864
        0.766666666666667        0.666666666666667        0.001993660543776        0.001040807622260        0.000952852921515
        0.700000000000000        0.700000000000000        0.002063989272794        0.001077523339716        0.000986465933079
        0.733333333333333        0.733333333333333        0.003095983909191        0.001616285009573        0.001479698899618
        0.766666666666667        0.766666666666667        0.003851456416173        0.002010685925080        0.001840770491093
        0.700000000000000        0.800000000000000        0.002918921622178        0.001523848120799        0.001395073501379
        0.733333333333333        0.833333333333333        0.003453121354865        0.001802731682660        0.001650389672205
        0.766666666666667        0.866666666666667        0.003453121354865        0.001802731682660        0.001650389672205
        0.700000000000000        0.900000000000000        0.002063989272794        0.001077523339716        0.000986465933079
        0.733333333333333        0.933333333333333        0.001787467143378        0.000933162585364        0.000854304558014
        0.766666666666667        0.966666666666667        0.001031994636397        0.000538761669858        0.000493232966539
        0.700000000000000        1.000000000000000        0.000000000000000        0.000000000000000        0.000000000000000
        0.733333333333333        1.033333333333333       -0.000925261078403       -0.000483040498539        0.000442220579864
        0.766666666666667        1.066666666666667       -0.001993660543776       -0.001040807622260        0.000952852921515
        0.800000000000000        0.000000000000000        0.004127978545589        0.002155046679431        0.001972931866158
        0.833333333333333        0.033333333333333        0.003851456416173        0.002010685925080        0.001840770491093
        0.866666666666667        0.066666666666667        0.003095983909191        0.001616285009573        0.001479698899618
        0.800000000000000        0.100000000000000        0.002918921622178        0.001523848120799        0.001395073501379
        0.833333333333333        0.133333333333333        0.001993660543776        0.001040807622260        0.000952852921515
        0.866666666666667        0.166666666666667        0.000925261078403        0.000483040498539        0.000442220579864
        0.800000000000000        0.200000000000000        0.000000000000000        0.000000000000000        0.000000000000000
        0.833333333333333        0.233333333333333       -0.001031994636397       -0.000538761669858        0.000493232966539
        0.866666666666667        0.266666666666667       -0.001787467143378       -0.000933162585364        0.000854304558014
        0.800000000000000        0.300000000000000       -0.002918921622178       -0.001523848120799        0.001395073501379
        0.833333333333333        0.333333333333333       -0.003453121354865       -0.001802731682660        0.001650389672205
        0.866666666666667        0.366666666666667       -0.003453121354865       -0.001802731682660        0.001650389672205
        0.800000000000000        0.400000000000000       -0.004127978545589       -0.002155046679431        0.001972931866158
        0.833333333333333        0.433333333333333       -0.003851456416173       -0.002010685925080        0.001840770491093
        0.866666666666667        0.466666666666667       -0.003095983909191       -0.001616285009573        0.001479698899618
        0.800000000000000        0.500000000000000       -0.002918921622178       -0.001523848120799        0.001395073501379
        0.833333333333333        0.533333333333333       -0.001993660543776       -0.001040807622260        0.000952852921515
        0.866666666666667        0.566666666666667       -0.000925261078403       -0.000483040498539        0.000442220579864
        0.800000000000000        0.600000000000000       -0.000000000000000       -0.000000000000000        0.000000000000000
        0.833333333333333        0.633333333333333        0.001031994636397        0.000538761669858        0.000493232966539
        0.866666666666667        0.666666666666667        0.001787467143378        0.000933162585364        0.000854304558014
        0.800000000000000        0.700000000000000        0.002918921622178        0.001523848120799        0.001395073501379
        0.833333333333333        0.733333333333333        0.003453121354865        0.001802731682660        0.001650389672205
        0.866666666666667        0.766666666666667        0.003453121354865        0.001802731682660        0.001650389672205
        0.800000000000000        0.800000000000000        0.004127978545589        0.002155046679431        0.001972931866158
        0.833333333333333        0.833333333333333        0.003851456416173        0.002010685925080        0.001840770491093
        0.866666666666667        0.866666666666667        0.003095983909191        0.001616285009573        0.001479698899618
        0.800000000000000        0.900000000000000        0.002918921622178        0.001523848120799        0.001395073501379
        0.833333333333333        0.933333333333333        0.001993660543776        0.001040807622260        0.000952852921515
        0.866666666666667        0.966666666666667        0.000925261078403        0.000483040498539        0.000442220579864
        0.800000000000000        1.000000000000000        0.000000000000000        0.000000000000000        0.000000000000000
        0.833333333333333        1.033333333333333       -0.001031994636397       -0.000538761669858        0.000493232966539
        0.866666666666667        1.066666666666667       -0.001787467143378       -0.000933162585364        0.000854304558014
        0.900000000000000        0.000000000000000        0.002918921622178        0.001523848120799        0.001395073501379
        0.933333333333333        0.033333333333333        0.001993660543776        0.001040807622260        0.000952852921515
        0.966666666666667        0.066666666666667        0.000925261078403        0.000483040498539        0.000442220579864
        0.900000000000000        0.100000000000000        0.002063989272794        0.001077523339716        0.000986465933079
        0.933333333333333        0.133333333333333        0.001031994636397        0.000538761669858        0.000493232966539
        0.966666666666667        0.166666666666667        0.000276522129416        0.000144360754351        0.000132161375065
        0.900000000000000        0.200000000000000        0.000000000000000        0.000000000000000        0.000000000000000
        0.933333333333333        0.233333333333333       -0.000534199732686       -0.000278883561861        0.000255316170826
        0.966666666666667        0.266666666666667       -0.000534199732686       -0.000278883561861        0.000255316170826
        0.900000000000000        0.300000000000000       -0.002063989272794       -0.001077523339716        0.000986465933079
        0.933333333333333        0.333333333333333       -0.001787467143378       -0.000933162585364        0.000854304558014
        0.966666666666667        0.366666666666667       -0.001031994636397       -0.000538761669858        0.000493232966539
        0.900000000000000        0.400000000000000       -0.002918921622178       -0.001523848120799        0.001395073501379
        0.933333333333333        0.433333333333333       -0.001993660543776       -0.001040807622260        0.000952852921515
        0.966666666666667        0.466666666666667       -0.000925261078403       -0.000483040498539        0.000442220579864
        0.900000000000000        0.500000000000000       -0.002063989272794       -0.001077523339716        0.000986465933079
        0.933333333333333        0.533333333333333       -0.001031994636397       -0.000538761669858        0.000493232966539
        0.966666666666667        0.566666666666667       -0.000276522129416       -0.000144360754351        0.000132161375065
        0.900000000000000        0.600000000000000       -0.000000000000000       -0.000000000000000        0.000000000000000
        0.933333333333333        0.633333333333333        0.000534199732686        0.000278883561861        0.000255316170826
        0.966666666666667        0.666666666666667        0.000534199732686        0.000278883561861        0.000255316170826
        0.900000000000000        0.700000000000000        0.002063989272794        0.001077523339716        0.000986465933079
        0.933333333333333        0.733333333333333        0.001787467143378        0.000933162585364        0.000854304558014
        0.966666666666667        0.766666666666667        0.001031994636397        0.000538761669858        0.000493232966539
        0.900000000000000        0.800000000000000        0.002918921622178        0.001523848120799        0.001395073501379
        0.933333333333333        0.833333333333333        0.001993660543776        0.001040807622260        0.000952852921515
        0.966666666666667        0.866666666666667        0.000925261078403        0.000483040498539        0.000442220579864
        0.900000000000000        0.900000000000000        0.002063989272794        0.001077523339716        0.000986465933079
        0.933333333333333        0.933333333333333        0.001031994636397        0.000538761669858        0.000493232966539
        0.966666666666667        0.966666666666667        0.000276522129416        0.000144360754351        0.000132161375065
        0.900000000000000        1.000000000000000        0.000000000000000        0.000000000000000        0.000000000000000
        0.933333333333333        1.033333333333333       -0.000534199732686       -0.000278883561861        0.000255316170826
        0.966666666666667        1.066666666666667       -0.000534199732686       -0.000278883561861        0.000255316170826
        1.000000000000000        0.000000000000000        0.000000000000000        0.000000000000000        0.000000000000000
        1.033333333333333        0.033333333333333       -0.001031994636397       -0.000538761669858        0.000493232966539
        1.066666666666667        0.066666666666667       -0.001787467143378       -0.000933162585364        0.000854304558014
        1.000000000000000        0.100000000000000        0.000000000000000        0.000000000000000        0.000000000000000
        1.033333333333333        0.133333333333333       -0.000534199732686       -0.000278883561861        0.000255316170826
        1.066666666666667        0.166666666666667       -0.000534199732686       -0.000278883561861        0.000255316170826
        1.000000000000000        0.200000000000000        0.000000000000000        0.000000000000000        0.000000000000000
        1.033333333333333        0.233333333333333        0.000276522129416        0.000144360754351        0.000132161375065
        1.066666666666667        0.266666666666667        0.001031994636397        0.000538761669858        0.000493232966539
        1.000000000000000        0.300000000000000       -0.000000000000000       -0.000000000000000        0.000000000000000
        1.033333333333333        0.333333333333333        0.000925261078403        0.000483040498539        0.000442220579864
        1.066666666666667        0.366666666666667        0.001993660543776        0.001040807622260        0.000952852921515
        1.000000000000000        0.400000000000000       -0.000000000000000       -0.000000000000000        0.000000000000000
        1.033333333333333        0.433333333333333        0.001031994636397        0.000538761669858        0.000493232966539
        1.066666666666667        0.466666666666667        0.001787467143378        0.000933162585364        0.000854304558014
        1.000000000000000        0.500000000000000       -0.000000000000000       -0.000000000000000        0.000000000000000
        1.033333333333333        0.533333333333333        0.000534199732686        0.000278883561861        0.000255316170826
        1.066666666666667        0.566666666666667        0.000534199732686        0.000278883561861        0.000255316170826
        1.000000000000000        0.600000000000000       -0.000000000000000       -0.000000000000000        0.000000000000000
        1.033333333333333        0.633333333333333       -0.000276522129416       -0.000144360754351        0.000132161375065
        1.066666666666667        0.666666666666667       -0.001031994636397       -0.000538761669858        0.000493232966539
        1.000000000000000        0.700000000000000        0.000000000000000        0.000000000000000        0.000000000000000
        1.033333333333333        0.733333333333333       -0.000925261078403       -0.000483040498539        0.000442220579864
        1.066666666666667        0.766666666666667       -0.001993660543776       -0.001040807622260        0.000952852921515
        1.000000000000000        0.800000000000000        0.000000000000000        0.000000000000000        0.000000000000000
        1.033333333333333        0.833333333333333       -0.001031994636397       -0.000538761669858        0.000493232966539
        1.066666666666667        0.866666666666667       -0.001787467143378       -0.000933162585364        0.000854304558014
        1.000000000000000        0.900000000000000        0.000000000000000        0.000000000000000        0.000000000000000
        1.033333333333333        0.933333333333333       -0.000534199732686       -0.000278883561861        0.000255316170826
        1.066666666666667        0.966666666666667       -0.000534199732686       -0.000278883561861        0.000255316170826
        1.000000000000000        1.000000000000000        0.000000000000000        0.000000000000000        0.000000000000000
        1.033333333333333        1.033333333333333        0.000276522129416        0.000144360754351        0.000132161375065
        1.066666666666667        1.066666666666667        0.001031994636397        0.000538761669858        0.000493232966539
