        0.000000000000000        0.000000000000000        5.215087588468548        5.215087588468553        0.000000000000006
        0.033333333333333        0.033333333333333        4.865742961521618        4.865742961521622        0.000000000000004
        0.066666666666667        0.066666666666667        3.911315691351411        3.911315691351411        0.000000000000001
        0.000000000000000        0.100000000000000        3.687623798287909        3.687623798287910        0.000000000000001
        0.033333333333333        0.133333333333333        2.518693894030673        2.518693894030672        0.000000000000001
        0.066666666666667        0.166666666666667        1.168929904257236        1.168929904257235        0.000000000000001
        0.000000000000000        0.200000000000000        0.000000000000000        0.000000000000000        0.000000000000000
        0.033333333333333        0.233333333333333       -1.303771897117137       -1.303771897117137        0.000000000000000
        0.066666666666667        0.266666666666667       -2.258199167287344       -2.258199167287343        0.000000000000001
        0.000000000000000        0.300000000000000       -3.687623798287909       -3.687623798287910        0.000000000000002
        0.033333333333333        0.333333333333333       -4.362505793174628       -4.362505793174629        0.000000000000002
        0.066666666666667        0.366666666666667       -4.362505793174628       -4.362505793174628        0.000000000000000
        0.000000000000000        0.400000000000000       -5.215087588468548       -5.215087588468550        0.000000000000003
        0.033333333333333        0.433333333333333       -4.865742961521618       -4.865742961521620        0.000000000000002
        0.066666666666667        0.466666666666667       -3.911315691351411       -3.911315691351412        0.000000000000001
        0.000000000000000        0.500000000000000       -3.687623798287910       -3.687623798287913        0.000000000000003
        0.033333333333333        0.533333333333333       -2.518693894030674       -2.518693894030676        0.000000000000002
        0.066666666666667        0.566666666666667       -1.168929904257237       -1.168929904257237        0.000000000000001
        0.000000000000000        0.600000000000000       -0.000000000000001       -0.000000000000001        0.000000000000000
        0.033333333333333        0.633333333333333        1.303771897117136        1.303771897117137        0.000000000000001
        0.066666666666667        0.666666666666667        2.258199167287343        2.258199167287344        0.000000000000001
        0.000000000000000        0.700000000000000        3.687623798287908        3.687623798287911        0.000000000000002
        0.033333333333333        0.733333333333333        4.362505793174627        4.362505793174629        0.000000000000002
        0.066666666666667        0.766666666666667        4.362505793174628        4.362505793174628        0.000000000000001
        0.000000000000000        0.800000000000000        5.215087588468548        5.215087588468551        0.000000000000004
        0.033333333333333        0.833333333333333        4.865742961521618        4.865742961521621        0.000000000000003
        0.066666666666667        0.866666666666667        3.911315691351411        3.911315691351412        0.000000000000000
        0.000000000000000        0.900000000000000        3.687623798287910        3.687623798287911        0.000000000000001
        0.033333333333333        0.933333333333333        2.518693894030674        2.518693894030674        0.000000000000000
        0.066666666666667        0.966666666666667        1.168929904257237        1.168929904257236        0.000000000000001
        0.000000000000000        1.000000000000000        0.000000000000002        0.000000000000002        0.000000000000000
        0.033333333333333        1.033333333333333       -1.303771897117135       -1.303771897117135        0.000000000000000
        0.066666666666667        1.066666666666667       -2.258199167287343       -2.258199167287342        0.000000000000001
        0.100000000000000        0.000000000000000        3.687623798287909        3.687623798287910        0.000000000000001
        0.133333333333333        0.033333333333333        2.518693894030673        2.518693894030672        0.000000000000001
        0.166666666666667        0.066666666666667        1.168929904257236        1.168929904257235        0.000000000000001
        0.100000000000000        0.100000000000000        2.607543794234274        2.607543794234272        0.000000000000002
        0.133333333333333        0.133333333333333        1.303771897117137        1.303771897117135        0.000000000000002
        0.166666666666667        0.166666666666667        0.349344626946930        0.349344626946929        0.000000000000001
        0.100000000000000        0.200000000000000        0.000000000000000        0.000000000000000        0.000000000000000
        0.133333333333333        0.233333333333333       -0.674881994886719       -0.674881994886718        0.000000000000001
        0.166666666666667        0.266666666666667       -0.674881994886719       -0.674881994886718        0.000000000000001
        0.100000000000000        0.300000000000000       -2.607543794234274       -2.607543794234272        0.000000000000001
        0.133333333333333        0.333333333333333       -2.258199167287344       -2.258199167287342        0.000000000000002
        0.166666666666667        0.366666666666667       -1.303771897117137       -1.303771897117136        0.000000000000001
        0.100000000000000        0.400000000000000       -3.687623798287909       -3.687623798287908        0.000000000000002
        0.133333333333333        0.433333333333333       -2.518693894030673       -2.518693894030671        0.000000000000002
        0.166666666666667        0.466666666666667       -1.168929904257236       -1.168929904257235        0.000000000000001
        0.100000000000000        0.500000000000000       -2.607543794234274       -2.607543794234274        0.000000000000000
        0.133333333333333        0.533333333333333       -1.303771897117137       -1.303771897117137        0.000000000000001
        0.166666666666667        0.566666666666667       -0.349344626946930       -0.349344626946930        0.000000000000000
        0.100000000000000        0.600000000000000       -0.000000000000001       -0.000000000000001        0.000000000000000
        0.133333333333333        0.633333333333333        0.674881994886718        0.674881994886718        0.000000000000000
        0.166666666666667        0.666666666666667        0.674881994886719        0.674881994886718        0.000000000000001
        0.100000000000000        0.700000000000000        2.607543794234273        2.607543794234273        0.000000000000001
        0.133333333333333        0.733333333333333        2.258199167287344        2.258199167287342        0.000000000000002
        0.166666666666667        0.766666666666667        1.303771897117137        1.303771897117136        0.000000000000001
        0.100000000000000        0.800000000000000        3.687623798287909        3.687623798287908        0.000000000000001
        0.133333333333333        0.833333333333333        2.518693894030674        2.518693894030672        0.000000000000002
        0.166666666666667        0.866666666666667        1.168929904257236        1.168929904257235        0.000000000000001
        0.100000000000000        0.900000000000000        2.607543794234275        2.607543794234273        0.000000000000002
        0.133333333333333        0.933333333333333        1.303771897117138        1.303771897117136        0.000000000000002
        0.166666666666667        0.966666666666667        0.349344626946930        0.349344626946929        0.000000000000001
        0.100000000000000        1.000000000000000        0.000000000000001        0.000000000000001        0.000000000000000
        0.133333333333333        1.033333333333333       -0.674881994886718       -0.674881994886717        0.000000000000001
        0.166666666666667        1.066666666666667       -0.674881994886718       -0.674881994886717        0.000000000000001
        0.200000000000000        0.000000000000000        0.000000000000000        0.000000000000000        0.000000000000000
        0.233333333333333        0.033333333333333       -1.303771897117137       -1.303771897117137        0.000000000000000
        0.266666666666667        0.066666666666667       -2.258199167287344       -2.258199167287343        0.000000000000001
        0.200000000000000        0.100000000000000        0.000000000000000        0.000000000000000        0.000000000000000
        0.233333333333333        0.133333333333333       -0.674881994886719       -0.674881994886718        0.000000000000001
        0.266666666666667        0.166666666666667       -0.674881994886719       -0.674881994886718        0.000000000000001
        0.200000000000000        0.200000000000000        0.000000000000000        0.000000000000000        0.000000000000000
        0.233333333333333        0.233333333333333        0.349344626946929        0.349344626946929        0.000000000000000
        0.266666666666667        0.266666666666667        1.303771897117137        1.303771897117136        0.000000000000001
        0.200000000000000        0.300000000000000       -0.000000000000000       -0.000000000000000        0.000000000000000
        0.233333333333333        0.333333333333333        1.168929904257236        1.168929904257235        0.000000000000001
        0.266666666666667        0.366666666666667        2.518693894030673        2.518693894030672        0.000000000000001
        0.200000000000000        0.400000000000000       -0.000000000000000       -0.000000000000000        0.000000000000000
        0.233333333333333        0.433333333333333        1.303771897117137        1.303771897117136        0.000000000000001
        0.266666666666667        0.466666666666667        2.258199167287344        2.258199167287344        0.000000000000000
        0.200000000000000        0.500000000000000       -0.000000000000000       -0.000000000000000        0.000000000000000
        0.233333333333333        0.533333333333333        0.674881994886719        0.674881994886719        0.000000000000000
        0.266666666666667        0.566666666666667        0.674881994886719        0.674881994886719        0.000000000000000
        0.200000000000000        0.600000000000000       -0.000000000000000       -0.000000000000000        0.000000000000000
        0.233333333333333        0.633333333333333       -0.349344626946929       -0.349344626946929        0.000000000000000
        0.266666666666667        0.666666666666667       -1.303771897117136       -1.303771897117136        0.000000000000000
        0.200000000000000        0.700000000000000        0.000000000000000        0.000000000000000        0.000000000000000
        0.233333333333333        0.733333333333333       -1.168929904257235       -1.168929904257235        0.000000000000000
        0.266666666666667        0.766666666666667       -2.518693894030673       -2.518693894030672        0.000000000000001
        0.200000000000000        0.800000000000000        0.000000000000000        0.000000000000000        0.000000000000000
        0.233333333333333        0.833333333333333       -1.303771897117137       -1.303771897117136        0.000000000000000
        0.266666666666667        0.866666666666667       -2.258199167287344       -2.258199167287343        0.000000000000001
        0.200000000000000        0.900000000000000        0.000000000000000        0.000000000000000        0.000000000000000
        0.233333333333333        0.933333333333333       -0.674881994886719       -0.674881994886718        0.000000000000001
        0.266666666666667        0.966666666666667       -0.674881994886719       -0.674881994886719        0.000000000000001
        0.200000000000000        1.000000000000000        0.000000000000000        0.000000000000000        0.000000000000000
        0.233333333333333        1.033333333333333        0.349344626946929        0.349344626946929        0.000000000000000
        0.266666666666667        1.066666666666667        1.303771897117136        1.303771897117135        0.000000000000001
        0.300000000000000        0.000000000000000       -3.687623798287909       -3.687623798287910        0.000000000000002
        0.333333333333333        0.033333333333333       -4.362505793174628       -4.362505793174629        0.000000000000002
        0.366666666666667        0.066666666666667       -4.362505793174628       -4.362505793174628        0.000000000000000
        0.300000000000000        0.100000000000000       -2.607543794234274       -2.607543794234272        0.000000000000001
        0.333333333333333        0.133333333333333       -2.258199167287344       -2.258199167287342        0.000000000000002
        0.366666666666667        0.166666666666667       -1.303771897117137       -1.303771897117136        0.000000000000001
        0.300000000000000        0.200000000000000       -0.000000000000000       -0.000000000000000        0.000000000000000
        0.333333333333333        0.233333333333333        1.168929904257236        1.168929904257235        0.000000000000001
        0.366666666666667        0.266666666666667        2.518693894030673        2.518693894030672        0.000000000000001
        0.300000000000000        0.300000000000000        2.607543794234273        2.607543794234273        0.000000000000001
        0.333333333333333        0.333333333333333        3.911315691351410        3.911315691351410        0.000000000000000
        0.366666666666667        0.366666666666667        4.865742961521618        4.865742961521618        0.000000000000000
        0.300000000000000        0.400000000000000        3.687623798287909        3.687623798287908        0.000000000000001
        0.333333333333333        0.433333333333333        4.362505793174628        4.362505793174628        0.000000000000000
        0.366666666666667        0.466666666666667        4.362505793174628        4.362505793174628        0.000000000000000
        0.300000000000000        0.500000000000000        2.607543794234274        2.607543794234274        0.000000000000000
        0.333333333333333        0.533333333333333        2.258199167287345        2.258199167287345        0.000000000000001
        0.366666666666667        0.566666666666667        1.303771897117138        1.303771897117138        0.000000000000000
        0.300000000000000        0.600000000000000        0.000000000000001        0.000000000000001        0.000000000000000
        0.333333333333333        0.633333333333333       -1.168929904257235       -1.168929904257235        0.000000000000000
        0.366666666666667        0.666666666666667       -2.518693894030672       -2.518693894030673        0.000000000000001
        0.300000000000000        0.700000000000000       -2.607543794234273       -2.607543794234273        0.000000000000000
        0.333333333333333        0.733333333333333       -3.911315691351410       -3.911315691351410        0.000000000000000
        0.366666666666667        0.766666666666667       -4.865742961521618       -4.865742961521618        0.000000000000000
        0.300000000000000        0.800000000000000       -3.687623798287909       -3.687623798287909        0.000000000000000
        0.333333333333333        0.833333333333333       -4.362505793174628       -4.362505793174628        0.000000000000000
        0.366666666666667        0.866666666666667       -4.362505793174628       -4.362505793174628        0.000000000000000
        0.300000000000000        0.900000000000000       -2.607543794234274       -2.607543794234273        0.000000000000001
        0.333333333333333        0.933333333333333       -2.258199167287345       -2.258199167287344        0.000000000000001
        0.366666666666667        0.966666666666667       -1.303771897117138       -1.303771897117137        0.000000000000001
        0.300000000000000        1.000000000000000       -0.000000000000001       -0.000000000000001        0.000000000000000
        0.333333333333333        1.033333333333333        1.168929904257234        1.168929904257234        0.000000000000001
        0.366666666666667        1.066666666666667        2.518693894030672        2.518693894030670        0.000000000000001
        0.400000000000000        0.000000000000000       -5.215087588468548       -5.215087588468550        0.000000000000003
        0.433333333333333        0.033333333333333       -4.865742961521618       -4.865742961521620        0.000000000000002
        0.466666666666667        0.066666666666667       -3.911315691351411       -3.911315691351412        0.000000000000001
        0.400000000000000        0.100000000000000       -3.687623798287909       -3.687623798287908        0.000000000000002
        0.433333333333333        0.133333333333333       -2.518693894030673       -2.518693894030671        0.000000000000002
        0.466666666666667        0.166666666666667       -1.168929904257236       -1.168929904257235        0.000000000000001
        0.400000000000000        0.200000000000000       -0.000000000000000       -0.000000000000000        0.000000000000000
        0.433333333333333        0.233333333333333        1.303771897117137        1.303771897117136        0.000000000000001
        0.466666666666667        0.266666666666667        2.258199167287344        2.258199167287344        0.000000000000000
        0.400000000000000        0.300000000000000        3.687623798287909        3.687623798287908        0.000000000000001
        0.433333333333333        0.333333333333333        4.362505793174628        4.362505793174628        0.000000000000000
        0.466666666666667        0.366666666666667        4.362505793174628        4.362505793174628        0.000000000000000
        0.400000000000000        0.400000000000000        5.215087588468548        5.215087588468547        0.000000000000000
        0.433333333333333        0.433333333333333        4.865742961521618        4.865742961521618        0.000000000000000
        0.466666666666667        0.466666666666667        3.911315691351411        3.911315691351412        0.000000000000001
        0.400000000000000        0.500000000000000        3.687623798287910        3.687623798287911        0.000000000000001
        0.433333333333333        0.533333333333333        2.518693894030674        2.518693894030675        0.000000000000001
        0.466666666666667        0.566666666666667        1.168929904257237        1.168929904257237        0.000000000000001
        0.400000000000000        0.600000000000000        0.000000000000001        0.000000000000001        0.000000000000000
        0.433333333333333        0.633333333333333       -1.303771897117136       -1.303771897117137        0.000000000000001
        0.466666666666667        0.666666666666667       -2.258199167287344       -2.258199167287344        0.000000000000001
        0.400000000000000        0.700000000000000       -3.687623798287908       -3.687623798287909        0.000000000000000
        0.433333333333333        0.733333333333333       -4.362505793174627       -4.362505793174628        0.000000000000000
        0.466666666666667        0.766666666666667       -4.362505793174628       -4.362505793174629        0.000000000000001
        0.400000000000000        0.800000000000000       -5.215087588468548       -5.215087588468548        0.000000000000000
        0.433333333333333        0.833333333333333       -4.865742961521619       -4.865742961521619        0.000000000000001
        0.466666666666667        0.866666666666667       -3.911315691351412       -3.911315691351412        0.000000000000000
        0.400000000000000        0.900000000000000       -3.687623798287910       -3.687623798287909        0.000000000000001
        0.433333333333333        0.933333333333333       -2.518693894030675       -2.518693894030673        0.000000000000001
        0.466666666666667        0.966666666666667       -1.168929904257237       -1.168929904257237        0.000000000000001
        0.400000000000000        1.000000000000000       -0.000000000000002       -0.000000000000002        0.000000000000000
        0.433333333333333        1.033333333333333        1.303771897117135        1.303771897117134        0.000000000000001
        0.466666666666667        1.066666666666667        2.258199167287343        2.258199167287342        0.000000000000001
        0.500000000000000        0.000000000000000       -3.687623798287910       -3.687623798287913        0.000000000000003
        0.533333333333333        0.033333333333333       -2.518693894030674       -2.518693894030676        0.000000000000002
        0.566666666666667        0.066666666666667       -1.168929904257237       -1.168929904257237        0.000000000000001
        0.500000000000000        0.100000000000000       -2.607543794234274       -2.607543794234274        0.000000000000000
        0.533333333333333        0.133333333333333       -1.303771897117137       -1.303771897117137        0.000000000000001
        0.566666666666667        0.166666666666667       -0.349344626946930       -0.349344626946930        0.000000000000000
        0.500000000000000        0.200000000000000       -0.000000000000000       -0.000000000000000        0.000000000000000
        0.533333333333333        0.233333333333333        0.674881994886719        0.674881994886719        0.000000000000000
        0.566666666666667        0.266666666666667        0.674881994886719        0.674881994886719        0.000000000000000
        0.500000000000000        0.300000000000000        2.607543794234274        2.607543794234274        0.000000000000000
        0.533333333333333        0.333333333333333        2.258199167287345        2.258199167287345        0.000000000000001
        0.566666666666667        0.366666666666667        1.303771897117138        1.303771897117138        0.000000000000000
        0.500000000000000        0.400000000000000        3.687623798287910        3.687623798287911        0.000000000000001
        0.533333333333333        0.433333333333333        2.518693894030674        2.518693894030675        0.000000000000001
        0.566666666666667        0.466666666666667        1.168929904257237        1.168929904257237        0.000000000000001
        0.500000000000000        0.500000000000000        2.607543794234275        2.607543794234276        0.000000000000001
        0.533333333333333        0.533333333333333        1.303771897117138        1.303771897117139        0.000000000000001
        0.566666666666667        0.566666666666667        0.349344626946930        0.349344626946930        0.000000000000000
        0.500000000000000        0.600000000000000        0.000000000000001        0.000000000000001        0.000000000000000
        0.533333333333333        0.633333333333333       -0.674881994886718       -0.674881994886719        0.000000000000001
        0.566666666666667        0.666666666666667       -0.674881994886719       -0.674881994886719        0.000000000000000
        0.500000000000000        0.700000000000000       -2.607543794234274       -2.607543794234275        0.000000000000001
        0.533333333333333        0.733333333333333       -2.258199167287345       -2.258199167287345        0.000000000000001
        0.566666666666667        0.766666666666667       -1.303771897117138       -1.303771897117138        0.000000000000001
        0.500000000000000        0.800000000000000       -3.687623798287910       -3.687623798287911        0.000000000000001
        0.533333333333333        0.833333333333333       -2.518693894030674       -2.518693894030675        0.000000000000001
        0.566666666666667        0.866666666666667       -1.168929904257237       -1.168929904257237        0.000000000000000
        0.500000000000000        0.900000000000000       -2.607543794234275       -2.607543794234275        0.000000000000000
        0.533333333333333        0.933333333333333       -1.303771897117138       -1.303771897117138        0.000000000000000
        0.566666666666667        0.966666666666667       -0.349344626946930       -0.349344626946930        0.000000000000000
        0.500000000000000        1.000000000000000       -0.000000000000001       -0.000000000000001        0.000000000000000
        0.533333333333333        1.033333333333333        0.674881994886718        0.674881994886718        0.000000000000000
        0.566666666666667        1.066666666666667        0.674881994886719        0.674881994886719        0.000000000000000
        0.600000000000000        0.000000000000000       -0.000000000000001       -0.000000000000001        0.000000000000000
        0.633333333333333        0.033333333333333        1.303771897117136        1.303771897117137        0.000000000000001
        0.666666666666667        0.066666666666667        2.258199167287343        2.258199167287344        0.000000000000001
        0.600000000000000        0.100000000000000       -0.000000000000001       -0.000000000000001        0.000000000000000
        0.633333333333333        0.133333333333333        0.674881994886718        0.674881994886718        0.000000000000000
        0.666666666666667        0.166666666666667        0.674881994886719        0.674881994886718        0.000000000000001
        0.600000000000000        0.200000000000000       -0.000000000000000       -0.000000000000000        0.000000000000000
        0.633333333333333        0.233333333333333       -0.349344626946929       -0.349344626946929        0.000000000000000
        0.666666666666667        0.266666666666667       -1.303771897117136       -1.303771897117136        0.000000000000000
        0.600000000000000        0.300000000000000        0.000000000000001        0.000000000000001        0.000000000000000
        0.633333333333333        0.333333333333333       -1.168929904257235       -1.168929904257235        0.000000000000000
        0.666666666666667        0.366666666666667       -2.518693894030672       -2.518693894030673        0.000000000000001
        0.600000000000000        0.400000000000000        0.000000000000001        0.000000000000001        0.000000000000000
        0.633333333333333        0.433333333333333       -1.303771897117136       -1.303771897117137        0.000000000000001
        0.666666666666667        0.466666666666667       -2.258199167287344       -2.258199167287344        0.000000000000001
        0.600000000000000        0.500000000000000        0.000000000000001        0.000000000000001        0.000000000000000
        0.633333333333333        0.533333333333333       -0.674881994886718       -0.674881994886719        0.000000000000001
        0.666666666666667        0.566666666666667       -0.674881994886719       -0.674881994886719        0.000000000000000
        0.600000000000000        0.600000000000000        0.000000000000000        0.000000000000000        0.000000000000000
        0.633333333333333        0.633333333333333        0.349344626946929        0.349344626946929        0.000000000000000
        0.666666666666667        0.666666666666667        1.303771897117136        1.303771897117137        0.000000000000001
        0.600000000000000        0.700000000000000       -0.000000000000001       -0.000000000000001        0.000000000000000
        0.633333333333333        0.733333333333333        1.168929904257235        1.168929904257236        0.000000000000001
        0.666666666666667        0.766666666666667        2.518693894030672        2.518693894030673        0.000000000000001
        0.600000000000000        0.800000000000000       -0.000000000000001       -0.000000000000001        0.000000000000000
        0.633333333333333        0.833333333333333        1.303771897117136        1.303771897117137        0.000000000000001
        0.666666666666667        0.866666666666667        2.258199167287344        2.258199167287344        0.000000000000000
        0.600000000000000        0.900000000000000       -0.000000000000001       -0.000000000000001        0.000000000000000
        0.633333333333333        0.933333333333333        0.674881994886718        0.674881994886718        0.000000000000000
        0.666666666666667        0.966666666666667        0.674881994886719        0.674881994886719        0.000000000000000
        0.600000000000000        1.000000000000000       -0.000000000000000       -0.000000000000000        0.000000000000000
        0.633333333333333        1.033333333333333       -0.349344626946929       -0.349344626946929        0.000000000000000
        0.666666666666667        1.066666666666667       -1.303771897117136       -1.303771897117135        0.000000000000000
        0.700000000000000        0.000000000000000        3.687623798287908        3.687623798287911        0.000000000000002
        0.733333333333333        0.033333333333333        4.362505793174627        4.362505793174629        0.000000000000002
        0.766666666666667        0.066666666666667        4.362505793174628        4.362505793174628        0.000000000000001
        0.700000000000000        0.100000000000000        2.607543794234273        2.607543794234273        0.000000000000001
        0.733333333333333        0.133333333333333        2.258199167287344        2.258199167287342        0.000000000000002
        0.766666666666667        0.166666666666667        1.303771897117137        1.303771897117136        0.000000000000001
        0.700000000000000        0.200000000000000        0.000000000000000        0.000000000000000        0.000000000000000
        0.733333333333333        0.233333333333333       -1.168929904257235       -1.168929904257235        0.000000000000000
        0.766666666666667        0.266666666666667       -2.518693894030673       -2.518693894030672        0.000000000000001
        0.700000000000000        0.300000000000000       -2.607543794234273       -2.607543794234273        0.000000000000000
        0.733333333333333        0.333333333333333       -3.911315691351410       -3.911315691351410        0.000000000000000
        0.766666666666667        0.366666666666667       -4.865742961521618       -4.865742961521618        0.000000000000000
        0.700000000000000        0.400000000000000       -3.687623798287908       -3.687623798287909        0.000000000000000
        0.733333333333333        0.433333333333333       -4.362505793174627       -4.362505793174628        0.000000000000000
        0.766666666666667        0.466666666666667       -4.362505793174628       -4.362505793174629        0.000000000000001
        0.700000000000000        0.500000000000000       -2.607543794234274       -2.607543794234275        0.000000000000001
        0.733333333333333        0.533333333333333       -2.258199167287345       -2.258199167287345        0.000000000000001
        0.766666666666667        0.566666666666667       -1.303771897117138       -1.303771897117138        0.000000000000001
        0.700000000000000        0.600000000000000       -0.000000000000001       -0.000000000000001        0.000000000000000
        0.733333333333333        0.633333333333333        1.168929904257235        1.168929904257236        0.000000000000001
        0.766666666666667        0.666666666666667        2.518693894030672        2.518693894030673        0.000000000000001
        0.700000000000000        0.700000000000000        2.607543794234273        2.607543794234273        0.000000000000001
        0.733333333333333        0.733333333333333        3.911315691351410        3.911315691351410        0.000000000000000
        0.766666666666667        0.766666666666667        4.865742961521617        4.865742961521618        0.000000000000001
        0.700000000000000        0.800000000000000        3.687623798287908        3.687623798287909        0.000000000000001
        0.733333333333333        0.833333333333333        4.362505793174627        4.362505793174628        0.000000000000001
        0.766666666666667        0.866666666666667        4.362505793174628        4.362505793174628        0.000000000000000
        0.700000000000000        0.900000000000000        2.607543794234274        2.607543794234274        0.000000000000000
        0.733333333333333        0.933333333333333        2.258199167287345        2.258199167287344        0.000000000000001
        0.766666666666667        0.966666666666667        1.303771897117138        1.303771897117137        0.000000000000001
        0.700000000000000        1.000000000000000        0.000000000000001        0.000000000000001        0.000000000000000
        0.733333333333333        1.033333333333333       -1.168929904257234       -1.168929904257234        0.000000000000001
        0.766666666666667        1.066666666666667       -2.518693894030672       -2.518693894030670        0.000000000000001
        0.800000000000000        0.000000000000000        5.215087588468548        5.215087588468551        0.000000000000004
        0.833333333333333        0.033333333333333        4.865742961521618        4.865742961521621        0.000000000000003
        0.866666666666667        0.066666666666667        3.911315691351411        3.911315691351412        0.000000000000000
        0.800000000000000        0.100000000000000        3.687623798287909        3.687623798287908        0.000000000000001
        0.833333333333333        0.133333333333333        2.518693894030674        2.518693894030672        0.000000000000002
        0.866666666666667        0.166666666666667        1.168929904257236        1.168929904257235        0.000000000000001
        0.800000000000000        0.200000000000000        0.000000000000000        0.000000000000000        0.000000000000000
        0.833333333333333        0.233333333333333       -1.303771897117137       -1.303771897117136        0.000000000000000
        0.866666666666667        0.266666666666667       -2.258199167287344       -2.258199167287343        0.000000000000001
        0.800000000000000        0.300000000000000       -3.687623798287909       -3.687623798287909        0.000000000000000
        0.833333333333333        0.333333333333333       -4.362505793174628       -4.362505793174628        0.000000000000000
        0.866666666666667        0.366666666666667       -4.362505793174628       -4.362505793174628        0.000000000000000
        0.800000000000000        0.400000000000000       -5.215087588468548       -5.215087588468548        0.000000000000000
        0.833333333333333        0.433333333333333       -4.865742961521619       -4.865742961521619        0.000000000000001
        0.866666666666667        0.466666666666667       -3.911315691351412       -3.911315691351412        0.000000000000000
        0.800000000000000        0.500000000000000       -3.687623798287910       -3.687623798287911        0.000000000000001
        0.833333333333333        0.533333333333333       -2.518693894030674       -2.518693894030675        0.000000000000001
        0.866666666666667        0.566666666666667       -1.168929904257237       -1.168929904257237        0.000000000000000
        0.800000000000000        0.600000000000000       -0.000000000000001       -0.000000000000001        0.000000000000000
        0.833333333333333        0.633333333333333        1.303771897117136        1.303771897117137        0.000000000000001
        0.866666666666667        0.666666666666667        2.258199167287344        2.258199167287344        0.000000000000000
        0.800000000000000        0.700000000000000        3.687623798287908        3.687623798287909        0.000000000000001
        0.833333333333333        0.733333333333333        4.362505793174627        4.362505793174628        0.000000000000001
        0.866666666666667        0.766666666666667        4.362505793174628        4.362505793174628        0.000000000000000
        0.800000000000000        0.800000000000000        5.215087588468548        5.215087588468549        0.000000000000001
        0.833333333333333        0.833333333333333        4.865742961521619        4.865742961521620        0.000000000000001
        0.866666666666667        0.866666666666667        3.911315691351412        3.911315691351412        0.000000000000000
        0.800000000000000        0.900000000000000        3.687623798287910        3.687623798287910        0.000000000000001
        0.833333333333333        0.933333333333333        2.518693894030675        2.518693894030674        0.000000000000001
        0.866666666666667        0.966666666666667        1.168929904257237        1.168929904257236        0.000000000000001
        0.800000000000000        1.000000000000000        0.000000000000002        0.000000000000002        0.000000000000000
        0.833333333333333        1.033333333333333       -1.303771897117135       -1.303771897117135        0.000000000000001
        0.866666666666667        1.066666666666667       -2.258199167287343       -2.258199167287342        0.000000000000001
        0.900000000000000        0.000000000000000        3.687623798287910        3.687623798287911        0.000000000000001
        0.933333333333333        0.033333333333333        2.518693894030674        2.518693894030674        0.000000000000000
        0.966666666666667        0.066666666666667        1.168929904257237        1.168929904257236        0.000000000000001
        0.900000000000000        0.100000000000000        2.607543794234275        2.607543794234273        0.000000000000002
        0.933333333333333        0.133333333333333        1.303771897117138        1.303771897117136        0.000000000000002
        0.966666666666667        0.166666666666667        0.349344626946930        0.349344626946929        0.000000000000001
        0.900000000000000        0.200000000000000        0.000000000000000        0.000000000000000        0.000000000000000
        0.933333333333333        0.233333333333333       -0.674881994886719       -0.674881994886718        0.000000000000001
        0.966666666666667        0.266666666666667       -0.674881994886719       -0.674881994886719        0.000000000000001
        0.900000000000000        0.300000000000000       -2.607543794234274       -2.607543794234273        0.000000000000001
        0.933333333333333        0.333333333333333       -2.258199167287345       -2.258199167287344        0.000000000000001
        0.966666666666667        0.366666666666667       -1.303771897117138       -1.303771897117137        0.000000000000001
        0.900000000000000        0.400000000000000       -3.687623798287910       -3.687623798287909        0.000000000000001
        0.933333333333333        0.433333333333333       -2.518693894030675       -2.518693894030673        0.000000000000001
        0.966666666666667        0.466666666666667       -1.168929904257237       -1.168929904257237        0.000000000000001
        0.900000000000000        0.500000000000000       -2.607543794234275       -2.607543794234275        0.000000000000000
        0.933333333333333        0.533333333333333       -1.303771897117138       -1.303771897117138        0.000000000000000
        0.966666666666667        0.566666666666667       -0.349344626946930       -0.349344626946930        0.000000000000000
        0.900000000000000        0.600000000000000       -0.000000000000001       -0.000000000000001        0.000000000000000
        0.933333333333333        0.633333333333333        0.674881994886718        0.674881994886718        0.000000000000000
        0.966666666666667        0.666666666666667        0.674881994886719        0.674881994886719        0.000000000000000
        0.900000000000000        0.700000000000000        2.607543794234274        2.607543794234274        0.000000000000000
        0.933333333333333        0.733333333333333        2.258199167287345        2.258199167287344        0.000000000000001
        0.966666666666667        0.766666666666667        1.303771897117138        1.303771897117137        0.000000000000001
        0.900000000000000        0.800000000000000        3.687623798287910        3.687623798287910        0.000000000000001
        0.933333333333333        0.833333333333333        2.518693894030675        2.518693894030674        0.000000000000001
        0.966666666666667        0.866666666666667        1.168929904257237        1.168929904257236        0.000000000000001
        0.900000000000000        0.900000000000000        2.607543794234275        2.607543794234274        0.000000000000001
        0.933333333333333        0.933333333333333        1.303771897117138        1.303771897117137        0.000000000000001
        0.966666666666667        0.966666666666667        0.349344626946930        0.349344626946930        0.000000000000001
        0.900000000000000        1.000000000000000        0.000000000000001        0.000000000000001        0.000000000000000
        0.933333333333333        1.033333333333333       -0.674881994886718       -0.674881994886717        0.000000000000001
        0.966666666666667        1.066666666666667       -0.674881994886719       -0.674881994886718        0.000000000000001
        1.000000000000000        0.000000000000000        0.000000000000002        0.000000000000002        0.000000000000000
        1.033333333333333        0.033333333333333       -1.303771897117135       -1.303771897117135        0.000000000000000
        1.066666666666667        0.066666666666667       -2.258199167287343       -2.258199167287342        0.000000000000001
        1.000000000000000        0.100000000000000        0.000000000000001        0.000000000000001        0.000000000000000
        1.033333333333333        0.133333333333333       -0.674881994886718       -0.674881994886717        0.000000000000001
        1.066666666666667        0.166666666666667       -0.674881994886718       -0.674881994886717        0.000000000000001
        1.000000000000000        0.200000000000000        0.000000000000000        0.000000000000000        0.000000000000000
        1.033333333333333        0.233333333333333        0.349344626946929        0.349344626946929        0.000000000000000
        1.066666666666667        0.266666666666667        1.303771897117136        1.303771897117135        0.000000000000001
        1.000000000000000        0.300000000000000       -0.000000000000001       -0.000000000000001        0.000000000000000
        1.033333333333333        0.333333333333333        1.168929904257234        1.168929904257234        0.000000000000001
        1.066666666666667        0.366666666666667        2.518693894030672        2.518693894030670        0.000000000000001
        1.000000000000000        0.400000000000000       -0.000000000000002       -0.000000000000002        0.000000000000000
        1.033333333333333        0.433333333333333        1.303771897117135        1.303771897117134        0.000000000000001
        1.066666666666667        0.466666666666667        2.258199167287343        2.258199167287342        0.000000000000001
        1.000000000000000        0.500000000000000       -0.000000000000001       -0.000000000000001        0.000000000000000
        1.033333333333333        0.533333333333333        0.674881994886718        0.674881994886718        0.000000000000000
        1.066666666666667        0.566666666666667        0.674881994886719        0.674881994886719        0.000000000000000
        1.000000000000000        0.600000000000000       -0.000000000000000       -0.000000000000000        0.000000000000000
        1.033333333333333        0.633333333333333       -0.349344626946929       -0.349344626946929        0.000000000000000
        1.066666666666667        0.666666666666667       -1.303771897117136       -1.303771897117135        0.000000000000000
        1.000000000000000        0.700000000000000        0.000000000000001        0.000000000000001        0.000000000000000
        1.033333333333333        0.733333333333333       -1.168929904257234       -1.168929904257234        0.000000000000001
        1.066666666666667        0.766666666666667       -2.518693894030672       -2.518693894030670        0.000000000000001
        1.000000000000000        0.800000000000000        0.000000000000002        0.000000000000002        0.000000000000000
        1.033333333333333        0.833333333333333       -1.303771897117135       -1.303771897117135        0.000000000000001
        1.066666666666667        0.866666666666667       -2.258199167287343       -2.258199167287342        0.000000000000001
        1.000000000000000        0.900000000000000        0.000000000000001        0.000000000000001        0.000000000000000
        1.033333333333333        0.933333333333333       -0.674881994886718       -0.674881994886717        0.000000000000001
        1.066666666666667        0.966666666666667       -0.674881994886719       -0.674881994886718        0.000000000000001
        1.000000000000000        1.000000000000000        0.000000000000000        0.000000000000000        0.000000000000000
        1.033333333333333        1.033333333333333        0.349344626946929        0.349344626946928        0.000000000000001
        1.066666666666667        1.066666666666667        1.303771897117135        1.303771897117134        0.000000000000001
