        0.000000000000000        0.000000000000000       59.996304764611139       59.996304764611206        0.000000000000067
        0.033333333333333        0.033333333333333       55.977314411978871       55.977314411978918        0.000000000000047
        0.066666666666667        0.066666666666667       44.997228573458355       44.997228573458361        0.000000000000006
        0.000000000000000        0.100000000000000       42.423793945191309       42.423793945191316        0.000000000000007
        0.033333333333333        0.133333333333333       28.975990127023892       28.975990127023881        0.000000000000011
        0.066666666666667        0.166666666666667       13.447803818167421       13.447803818167407        0.000000000000014
        0.000000000000000        0.200000000000000        0.000000000000004        0.000000000000000        0.000000000000004
        0.033333333333333        0.233333333333333      -14.999076191152781      -14.999076191152780        0.000000000000000
        0.066666666666667        0.266666666666667      -25.979162029673298      -25.979162029673291        0.000000000000007
        0.000000000000000        0.300000000000000      -42.423793945191303      -42.423793945191321        0.000000000000018
        0.033333333333333        0.333333333333333      -50.187887099619540      -50.187887099619559        0.000000000000019
        0.066666666666667        0.366666666666667      -50.187887099619542      -50.187887099619545        0.000000000000002
        0.000000000000000        0.400000000000000      -59.996304764611139      -59.996304764611171        0.000000000000032
        0.033333333333333        0.433333333333333      -55.977314411978873      -55.977314411978897        0.000000000000024
        0.066666666666667        0.466666666666667      -44.997228573458358      -44.997228573458366        0.000000000000008
        0.000000000000000        0.500000000000000      -42.423793945191314      -42.423793945191348        0.000000000000034
        0.033333333333333        0.533333333333333      -28.975990127023898      -28.975990127023921        0.000000000000023
        0.066666666666667        0.566666666666667      -13.447803818167427      -13.447803818167433        0.000000000000006
        0.000000000000000        0.600000000000000       -0.000000000000011       -0.000000000000009        0.000000000000002
        0.033333333333333        0.633333333333333       14.999076191152774       14.999076191152787        0.000000000000013
        0.066666666666667        0.666666666666667       25.979162029673292       25.979162029673300        0.000000000000008
        0.000000000000000        0.700000000000000       42.423793945191298       42.423793945191326        0.000000000000028
        0.033333333333333        0.733333333333333       50.187887099619537       50.187887099619561        0.000000000000024
        0.066666666666667        0.766666666666667       50.187887099619541       50.187887099619548        0.000000000000007
        0.000000000000000        0.800000000000000       59.996304764611139       59.996304764611180        0.000000000000041
        0.033333333333333        0.833333333333333       55.977314411978874       55.977314411978904        0.000000000000029
        0.066666666666667        0.866666666666667       44.997228573458362       44.997228573458364        0.000000000000002
        0.000000000000000        0.900000000000000       42.423793945191319       42.423793945191332        0.000000000000013
        0.033333333333333        0.933333333333333       28.975990127023904       28.975990127023901        0.000000000000003
        0.066666666666667        0.966666666666667       13.447803818167433       13.447803818167424        0.000000000000009
        0.000000000000000        1.000000000000000        0.000000000000018        0.000000000000018        0.000000000000000
        0.033333333333333        1.033333333333333      -14.999076191152767      -14.999076191152762        0.000000000000005
        0.066666666666667        1.066666666666667      -25.979162029673287      -25.979162029673274        0.000000000000012
        0.100000000000000        0.000000000000000       42.423793945191309       42.423793945191316        0.000000000000007
        0.133333333333333        0.033333333333333       28.975990127023892       28.975990127023881        0.000000000000011
        0.166666666666667        0.066666666666667       13.447803818167421       13.447803818167407        0.000000000000014
        0.100000000000000        0.100000000000000       29.998152382305571       29.998152382305548        0.000000000000023
        0.133333333333333        0.133333333333333       14.999076191152787       14.999076191152763        0.000000000000024
        0.166666666666667        0.166666666666667        4.018990352632270        4.018990352632261        0.000000000000009
        0.100000000000000        0.200000000000000        0.000000000000003        0.000000000000000        0.000000000000002
        0.133333333333333        0.233333333333333       -7.764093154428234       -7.764093154428225        0.000000000000010
        0.166666666666667        0.266666666666667       -7.764093154428236       -7.764093154428225        0.000000000000011
        0.100000000000000        0.300000000000000      -29.998152382305568      -29.998152382305552        0.000000000000016
        0.133333333333333        0.333333333333333      -25.979162029673301      -25.979162029673279        0.000000000000022
        0.166666666666667        0.366666666666667      -14.999076191152787      -14.999076191152770        0.000000000000017
        0.100000000000000        0.400000000000000      -42.423793945191309      -42.423793945191291        0.000000000000018
        0.133333333333333        0.433333333333333      -28.975990127023893      -28.975990127023870        0.000000000000023
        0.166666666666667        0.466666666666667      -13.447803818167421      -13.447803818167408        0.000000000000013
        0.100000000000000        0.500000000000000      -29.998152382305575      -29.998152382305571        0.000000000000004
        0.133333333333333        0.533333333333333      -14.999076191152790      -14.999076191152784        0.000000000000006
        0.166666666666667        0.566666666666667       -4.018990352632272       -4.018990352632269        0.000000000000003
        0.100000000000000        0.600000000000000       -0.000000000000008       -0.000000000000007        0.000000000000001
        0.133333333333333        0.633333333333333        7.764093154428231        7.764093154428228        0.000000000000003
        0.166666666666667        0.666666666666667        7.764093154428235        7.764093154428228        0.000000000000007
        0.100000000000000        0.700000000000000       29.998152382305564       29.998152382305555        0.000000000000009
        0.133333333333333        0.733333333333333       25.979162029673299       25.979162029673280        0.000000000000020
        0.166666666666667        0.766666666666667       14.999076191152787       14.999076191152771        0.000000000000015
        0.100000000000000        0.800000000000000       42.423793945191309       42.423793945191297        0.000000000000012
        0.133333333333333        0.833333333333333       28.975990127023894       28.975990127023873        0.000000000000020
        0.166666666666667        0.866666666666667       13.447803818167422       13.447803818167407        0.000000000000015
        0.100000000000000        0.900000000000000       29.998152382305579       29.998152382305559        0.000000000000019
        0.133333333333333        0.933333333333333       14.999076191152793       14.999076191152773        0.000000000000020
        0.166666666666667        0.966666666666667        4.018990352632274        4.018990352632266        0.000000000000007
        0.100000000000000        1.000000000000000        0.000000000000013        0.000000000000013        0.000000000000000
        0.133333333333333        1.033333333333333       -7.764093154428227       -7.764093154428215        0.000000000000012
        0.166666666666667        1.066666666666667       -7.764093154428233       -7.764093154428220        0.000000000000013
        0.200000000000000        0.000000000000000        0.000000000000004        0.000000000000000        0.000000000000004
        0.233333333333333        0.033333333333333      -14.999076191152781      -14.999076191152780        0.000000000000000
        0.266666666666667        0.066666666666667      -25.979162029673298      -25.979162029673291        0.000000000000007
        0.200000000000000        0.100000000000000        0.000000000000003        0.000000000000000        0.000000000000002
        0.233333333333333        0.133333333333333       -7.764093154428234       -7.764093154428225        0.000000000000010
        0.266666666666667        0.166666666666667       -7.764093154428236       -7.764093154428225        0.000000000000011
        0.200000000000000        0.200000000000000        0.000000000000000       -0.000000000000000        0.000000000000000
        0.233333333333333        0.233333333333333        4.018990352632266        4.018990352632263        0.000000000000004
        0.266666666666667        0.266666666666667       14.999076191152781       14.999076191152771        0.000000000000010
        0.200000000000000        0.300000000000000       -0.000000000000003       -0.000000000000000        0.000000000000002
        0.233333333333333        0.333333333333333       13.447803818167413       13.447803818167407        0.000000000000007
        0.266666666666667        0.366666666666667       28.975990127023885       28.975990127023875        0.000000000000010
        0.200000000000000        0.400000000000000       -0.000000000000004       -0.000000000000000        0.000000000000004
        0.233333333333333        0.433333333333333       14.999076191152781       14.999076191152775        0.000000000000007
        0.266666666666667        0.466666666666667       25.979162029673299       25.979162029673294        0.000000000000005
        0.200000000000000        0.500000000000000       -0.000000000000003       -0.000000000000000        0.000000000000002
        0.233333333333333        0.533333333333333        7.764093154428236        7.764093154428235        0.000000000000001
        0.266666666666667        0.566666666666667        7.764093154428240        7.764093154428240        0.000000000000001
        0.200000000000000        0.600000000000000       -0.000000000000000       -0.000000000000000        0.000000000000000
        0.233333333333333        0.633333333333333       -4.018990352632265       -4.018990352632265        0.000000000000000
        0.266666666666667        0.666666666666667      -14.999076191152777      -14.999076191152776        0.000000000000001
        0.200000000000000        0.700000000000000        0.000000000000003        0.000000000000000        0.000000000000002
        0.233333333333333        0.733333333333333      -13.447803818167412      -13.447803818167407        0.000000000000005
        0.266666666666667        0.766666666666667      -28.975990127023884      -28.975990127023877        0.000000000000007
        0.200000000000000        0.800000000000000        0.000000000000004        0.000000000000000        0.000000000000004
        0.233333333333333        0.833333333333333      -14.999076191152782      -14.999076191152776        0.000000000000005
        0.266666666666667        0.866666666666667      -25.979162029673301      -25.979162029673292        0.000000000000009
        0.200000000000000        0.900000000000000        0.000000000000003        0.000000000000000        0.000000000000002
        0.233333333333333        0.933333333333333       -7.764093154428238       -7.764093154428230        0.000000000000008
        0.266666666666667        0.966666666666667       -7.764093154428243       -7.764093154428235        0.000000000000008
        0.200000000000000        1.000000000000000        0.000000000000000        0.000000000000000        0.000000000000000
        0.233333333333333        1.033333333333333        4.018990352632263        4.018990352632258        0.000000000000005
        0.266666666666667        1.066666666666667       14.999076191152774       14.999076191152761        0.000000000000013
        0.300000000000000        0.000000000000000      -42.423793945191303      -42.423793945191321        0.000000000000018
        0.333333333333333        0.033333333333333      -50.187887099619540      -50.187887099619559        0.000000000000019
        0.366666666666667        0.066666666666667      -50.187887099619542      -50.187887099619545        0.000000000000002
        0.300000000000000        0.100000000000000      -29.998152382305568      -29.998152382305552        0.000000000000016
        0.333333333333333        0.133333333333333      -25.979162029673301      -25.979162029673279        0.000000000000022
        0.366666666666667        0.166666666666667      -14.999076191152787      -14.999076191152770        0.000000000000017
        0.300000000000000        0.200000000000000       -0.000000000000003       -0.000000000000000        0.000000000000002
        0.333333333333333        0.233333333333333       13.447803818167413       13.447803818167407        0.000000000000007
        0.366666666666667        0.266666666666667       28.975990127023885       28.975990127023875        0.000000000000010
        0.300000000000000        0.300000000000000       29.998152382305564       29.998152382305555        0.000000000000009
        0.333333333333333        0.333333333333333       44.997228573458349       44.997228573458345        0.000000000000004
        0.366666666666667        0.366666666666667       55.977314411978867       55.977314411978865        0.000000000000002
        0.300000000000000        0.400000000000000       42.423793945191303       42.423793945191296        0.000000000000007
        0.333333333333333        0.433333333333333       50.187887099619542       50.187887099619540        0.000000000000002
        0.366666666666667        0.466666666666667       50.187887099619546       50.187887099619550        0.000000000000004
        0.300000000000000        0.500000000000000       29.998152382305571       29.998152382305574        0.000000000000003
        0.333333333333333        0.533333333333333       25.979162029673307       25.979162029673315        0.000000000000009
        0.366666666666667        0.566666666666667       14.999076191152794       14.999076191152800        0.000000000000006
        0.300000000000000        0.600000000000000        0.000000000000008        0.000000000000007        0.000000000000001
        0.333333333333333        0.633333333333333      -13.447803818167407      -13.447803818167413        0.000000000000005
        0.366666666666667        0.666666666666667      -28.975990127023878      -28.975990127023885        0.000000000000006
        0.300000000000000        0.700000000000000      -29.998152382305560      -29.998152382305559        0.000000000000001
        0.333333333333333        0.733333333333333      -44.997228573458346      -44.997228573458346        0.000000000000000
        0.366666666666667        0.766666666666667      -55.977314411978865      -55.977314411978868        0.000000000000003
        0.300000000000000        0.800000000000000      -42.423793945191303      -42.423793945191302        0.000000000000001
        0.333333333333333        0.833333333333333      -50.187887099619544      -50.187887099619547        0.000000000000003
        0.366666666666667        0.866666666666667      -50.187887099619549      -50.187887099619547        0.000000000000002
        0.300000000000000        0.900000000000000      -29.998152382305575      -29.998152382305563        0.000000000000012
        0.333333333333333        0.933333333333333      -25.979162029673312      -25.979162029673297        0.000000000000015
        0.366666666666667        0.966666666666667      -14.999076191152801      -14.999076191152789        0.000000000000012
        0.300000000000000        1.000000000000000       -0.000000000000013       -0.000000000000013        0.000000000000000
        0.333333333333333        1.033333333333333       13.447803818167401       13.447803818167390        0.000000000000011
        0.366666666666667        1.066666666666667       28.975990127023872       28.975990127023856        0.000000000000016
        0.400000000000000        0.000000000000000      -59.996304764611139      -59.996304764611171        0.000000000000032
        0.433333333333333        0.033333333333333      -55.977314411978873      -55.977314411978897        0.000000000000024
        0.466666666666667        0.066666666666667      -44.997228573458358      -44.997228573458366        0.000000000000008
        0.400000000000000        0.100000000000000      -42.423793945191309      -42.423793945191291        0.000000000000018
        0.433333333333333        0.133333333333333      -28.975990127023893      -28.975990127023870        0.000000000000023
        0.466666666666667        0.166666666666667      -13.447803818167421      -13.447803818167408        0.000000000000013
        0.400000000000000        0.200000000000000       -0.000000000000004       -0.000000000000000        0.000000000000004
        0.433333333333333        0.233333333333333       14.999076191152781       14.999076191152775        0.000000000000007
        0.466666666666667        0.266666666666667       25.979162029673299       25.979162029673294        0.000000000000005
        0.400000000000000        0.300000000000000       42.423793945191303       42.423793945191296        0.000000000000007
        0.433333333333333        0.333333333333333       50.187887099619542       50.187887099619540        0.000000000000002
        0.466666666666667        0.366666666666667       50.187887099619546       50.187887099619550        0.000000000000004
        0.400000000000000        0.400000000000000       59.996304764611139       59.996304764611136        0.000000000000003
        0.433333333333333        0.433333333333333       55.977314411978874       55.977314411978875        0.000000000000001
        0.466666666666667        0.466666666666667       44.997228573458362       44.997228573458371        0.000000000000010
        0.400000000000000        0.500000000000000       42.423793945191314       42.423793945191323        0.000000000000010
        0.433333333333333        0.533333333333333       28.975990127023899       28.975990127023910        0.000000000000011
        0.466666666666667        0.566666666666667       13.447803818167428       13.447803818167434        0.000000000000007
        0.400000000000000        0.600000000000000        0.000000000000011        0.000000000000009        0.000000000000002
        0.433333333333333        0.633333333333333      -14.999076191152774      -14.999076191152781        0.000000000000007
        0.466666666666667        0.666666666666667      -25.979162029673294      -25.979162029673303        0.000000000000009
        0.400000000000000        0.700000000000000      -42.423793945191298      -42.423793945191301        0.000000000000003
        0.433333333333333        0.733333333333333      -50.187887099619538      -50.187887099619541        0.000000000000003
        0.466666666666667        0.766666666666667      -50.187887099619544      -50.187887099619553        0.000000000000009
        0.400000000000000        0.800000000000000      -59.996304764611139      -59.996304764611145        0.000000000000006
        0.433333333333333        0.833333333333333      -55.977314411978876      -55.977314411978882        0.000000000000006
        0.466666666666667        0.866666666666667      -44.997228573458365      -44.997228573458369        0.000000000000004
        0.400000000000000        0.900000000000000      -42.423793945191319      -42.423793945191307        0.000000000000012
        0.433333333333333        0.933333333333333      -28.975990127023905      -28.975990127023890        0.000000000000015
        0.466666666666667        0.966666666666667      -13.447803818167434      -13.447803818167425        0.000000000000009
        0.400000000000000        1.000000000000000       -0.000000000000018       -0.000000000000018        0.000000000000000
        0.433333333333333        1.033333333333333       14.999076191152768       14.999076191152756        0.000000000000011
        0.466666666666667        1.066666666666667       25.979162029673288       25.979162029673277        0.000000000000011
        0.500000000000000        0.000000000000000      -42.423793945191314      -42.423793945191348        0.000000000000034
        0.533333333333333        0.033333333333333      -28.975990127023898      -28.975990127023921        0.000000000000023
        0.566666666666667        0.066666666666667      -13.447803818167427      -13.447803818167433        0.000000000000006
        0.500000000000000        0.100000000000000      -29.998152382305575      -29.998152382305571        0.000000000000004
        0.533333333333333        0.133333333333333      -14.999076191152790      -14.999076191152784        0.000000000000006
        0.566666666666667        0.166666666666667       -4.018990352632272       -4.018990352632269        0.000000000000003
        0.500000000000000        0.200000000000000       -0.000000000000003       -0.000000000000000        0.000000000000002
        0.533333333333333        0.233333333333333        7.764093154428236        7.764093154428235        0.000000000000001
        0.566666666666667        0.266666666666667        7.764093154428240        7.764093154428240        0.000000000000001
        0.500000000000000        0.300000000000000       29.998152382305571       29.998152382305574        0.000000000000003
        0.533333333333333        0.333333333333333       25.979162029673307       25.979162029673315        0.000000000000009
        0.566666666666667        0.366666666666667       14.999076191152794       14.999076191152800        0.000000000000006
        0.500000000000000        0.400000000000000       42.423793945191314       42.423793945191323        0.000000000000010
        0.533333333333333        0.433333333333333       28.975990127023899       28.975990127023910        0.000000000000011
        0.566666666666667        0.466666666666667       13.447803818167428       13.447803818167434        0.000000000000007
        0.500000000000000        0.500000000000000       29.998152382305579       29.998152382305594        0.000000000000015
        0.533333333333333        0.533333333333333       14.999076191152793       14.999076191152804        0.000000000000011
        0.566666666666667        0.566666666666667        4.018990352632274        4.018990352632277        0.000000000000003
        0.500000000000000        0.600000000000000        0.000000000000008        0.000000000000007        0.000000000000001
        0.533333333333333        0.633333333333333       -7.764093154428232       -7.764093154428239        0.000000000000006
        0.566666666666667        0.666666666666667       -7.764093154428238       -7.764093154428243        0.000000000000005
        0.500000000000000        0.700000000000000      -29.998152382305568      -29.998152382305578        0.000000000000010
        0.533333333333333        0.733333333333333      -25.979162029673305      -25.979162029673316        0.000000000000011
        0.566666666666667        0.766666666666667      -14.999076191152794      -14.999076191152801        0.000000000000007
        0.500000000000000        0.800000000000000      -42.423793945191314      -42.423793945191329        0.000000000000016
        0.533333333333333        0.833333333333333      -28.975990127023900      -28.975990127023913        0.000000000000014
        0.566666666666667        0.866666666666667      -13.447803818167429      -13.447803818167434        0.000000000000005
        0.500000000000000        0.900000000000000      -29.998152382305582      -29.998152382305582        0.000000000000000
        0.533333333333333        0.933333333333333      -14.999076191152796      -14.999076191152794        0.000000000000002
        0.566666666666667        0.966666666666667       -4.018990352632276       -4.018990352632274        0.000000000000001
        0.500000000000000        1.000000000000000       -0.000000000000013       -0.000000000000013        0.000000000000000
        0.533333333333333        1.033333333333333        7.764093154428229        7.764093154428226        0.000000000000003
        0.566666666666667        1.066666666666667        7.764093154428236        7.764093154428235        0.000000000000001
        0.600000000000000        0.000000000000000       -0.000000000000011       -0.000000000000009        0.000000000000002
        0.633333333333333        0.033333333333333       14.999076191152774       14.999076191152787        0.000000000000013
        0.666666666666667        0.066666666666667       25.979162029673292       25.979162029673300        0.000000000000008
        0.600000000000000        0.100000000000000       -0.000000000000008       -0.000000000000007        0.000000000000001
        0.633333333333333        0.133333333333333        7.764093154428231        7.764093154428228        0.000000000000003
        0.666666666666667        0.166666666666667        7.764093154428235        7.764093154428228        0.000000000000007
        0.600000000000000        0.200000000000000       -0.000000000000000       -0.000000000000000        0.000000000000000
        0.633333333333333        0.233333333333333       -4.018990352632265       -4.018990352632265        0.000000000000000
        0.666666666666667        0.266666666666667      -14.999076191152777      -14.999076191152776        0.000000000000001
        0.600000000000000        0.300000000000000        0.000000000000008        0.000000000000007        0.000000000000001
        0.633333333333333        0.333333333333333      -13.447803818167407      -13.447803818167413        0.000000000000005
        0.666666666666667        0.366666666666667      -28.975990127023878      -28.975990127023885        0.000000000000006
        0.600000000000000        0.400000000000000        0.000000000000011        0.000000000000009        0.000000000000002
        0.633333333333333        0.433333333333333      -14.999076191152774      -14.999076191152781        0.000000000000007
        0.666666666666667        0.466666666666667      -25.979162029673294      -25.979162029673303        0.000000000000009
        0.600000000000000        0.500000000000000        0.000000000000008        0.000000000000007        0.000000000000001
        0.633333333333333        0.533333333333333       -7.764093154428232       -7.764093154428239        0.000000000000006
        0.666666666666667        0.566666666666667       -7.764093154428238       -7.764093154428243        0.000000000000005
        0.600000000000000        0.600000000000000        0.000000000000000        0.000000000000000        0.000000000000000
        0.633333333333333        0.633333333333333        4.018990352632263        4.018990352632266        0.000000000000004
        0.666666666666667        0.666666666666667       14.999076191152774       14.999076191152781        0.000000000000007
        0.600000000000000        0.700000000000000       -0.000000000000008       -0.000000000000007        0.000000000000001
        0.633333333333333        0.733333333333333       13.447803818167406       13.447803818167413        0.000000000000007
        0.666666666666667        0.766666666666667       28.975990127023877       28.975990127023886        0.000000000000009
        0.600000000000000        0.800000000000000       -0.000000000000011       -0.000000000000009        0.000000000000002
        0.633333333333333        0.833333333333333       14.999076191152775       14.999076191152783        0.000000000000008
        0.666666666666667        0.866666666666667       25.979162029673296       25.979162029673301        0.000000000000005
        0.600000000000000        0.900000000000000       -0.000000000000008       -0.000000000000007        0.000000000000001
        0.633333333333333        0.933333333333333        7.764093154428234        7.764093154428233        0.000000000000001
        0.666666666666667        0.966666666666667        7.764093154428242        7.764093154428238        0.000000000000004
        0.600000000000000        1.000000000000000       -0.000000000000000       -0.000000000000000        0.000000000000000
        0.633333333333333        1.033333333333333       -4.018990352632261       -4.018990352632260        0.000000000000001
        0.666666666666667        1.066666666666667      -14.999076191152771      -14.999076191152767        0.000000000000004
        0.700000000000000        0.000000000000000       42.423793945191298       42.423793945191326        0.000000000000028
        0.733333333333333        0.033333333333333       50.187887099619537       50.187887099619561        0.000000000000024
        0.766666666666667        0.066666666666667       50.187887099619541       50.187887099619548        0.000000000000007
        0.700000000000000        0.100000000000000       29.998152382305564       29.998152382305555        0.000000000000009
        0.733333333333333        0.133333333333333       25.979162029673299       25.979162029673280        0.000000000000020
        0.766666666666667        0.166666666666667       14.999076191152787       14.999076191152771        0.000000000000015
        0.700000000000000        0.200000000000000        0.000000000000003        0.000000000000000        0.000000000000002
        0.733333333333333        0.233333333333333      -13.447803818167412      -13.447803818167407        0.000000000000005
        0.766666666666667        0.266666666666667      -28.975990127023884      -28.975990127023877        0.000000000000007
        0.700000000000000        0.300000000000000      -29.998152382305560      -29.998152382305559        0.000000000000001
        0.733333333333333        0.333333333333333      -44.997228573458346      -44.997228573458346        0.000000000000000
        0.766666666666667        0.366666666666667      -55.977314411978865      -55.977314411978868        0.000000000000003
        0.700000000000000        0.400000000000000      -42.423793945191298      -42.423793945191301        0.000000000000003
        0.733333333333333        0.433333333333333      -50.187887099619538      -50.187887099619541        0.000000000000003
        0.766666666666667        0.466666666666667      -50.187887099619544      -50.187887099619553        0.000000000000009
        0.700000000000000        0.500000000000000      -29.998152382305568      -29.998152382305578        0.000000000000010
        0.733333333333333        0.533333333333333      -25.979162029673305      -25.979162029673316        0.000000000000011
        0.766666666666667        0.566666666666667      -14.999076191152794      -14.999076191152801        0.000000000000007
        0.700000000000000        0.600000000000000       -0.000000000000008       -0.000000000000007        0.000000000000001
        0.733333333333333        0.633333333333333       13.447803818167406       13.447803818167413        0.000000000000007
        0.766666666666667        0.666666666666667       28.975990127023877       28.975990127023886        0.000000000000009
        0.700000000000000        0.700000000000000       29.998152382305557       29.998152382305562        0.000000000000006
        0.733333333333333        0.733333333333333       44.997228573458343       44.997228573458347        0.000000000000004
        0.766666666666667        0.766666666666667       55.977314411978863       55.977314411978872        0.000000000000008
        0.700000000000000        0.800000000000000       42.423793945191298       42.423793945191307        0.000000000000009
        0.733333333333333        0.833333333333333       50.187887099619540       50.187887099619548        0.000000000000008
        0.766666666666667        0.866666666666667       50.187887099619548       50.187887099619550        0.000000000000003
        0.700000000000000        0.900000000000000       29.998152382305571       29.998152382305567        0.000000000000005
        0.733333333333333        0.933333333333333       25.979162029673310       25.979162029673298        0.000000000000013
        0.766666666666667        0.966666666666667       14.999076191152800       14.999076191152790        0.000000000000010
        0.700000000000000        1.000000000000000        0.000000000000013        0.000000000000013        0.000000000000000
        0.733333333333333        1.033333333333333      -13.447803818167400      -13.447803818167391        0.000000000000009
        0.766666666666667        1.066666666666667      -28.975990127023871      -28.975990127023858        0.000000000000013
        0.800000000000000        0.000000000000000       59.996304764611139       59.996304764611180        0.000000000000041
        0.833333333333333        0.033333333333333       55.977314411978874       55.977314411978904        0.000000000000029
        0.866666666666667        0.066666666666667       44.997228573458362       44.997228573458364        0.000000000000002
        0.800000000000000        0.100000000000000       42.423793945191309       42.423793945191297        0.000000000000012
        0.833333333333333        0.133333333333333       28.975990127023894       28.975990127023873        0.000000000000020
        0.866666666666667        0.166666666666667       13.447803818167422       13.447803818167407        0.000000000000015
        0.800000000000000        0.200000000000000        0.000000000000004        0.000000000000000        0.000000000000004
        0.833333333333333        0.233333333333333      -14.999076191152782      -14.999076191152776        0.000000000000005
        0.866666666666667        0.266666666666667      -25.979162029673301      -25.979162029673292        0.000000000000009
        0.800000000000000        0.300000000000000      -42.423793945191303      -42.423793945191302        0.000000000000001
        0.833333333333333        0.333333333333333      -50.187887099619544      -50.187887099619547        0.000000000000003
        0.866666666666667        0.366666666666667      -50.187887099619549      -50.187887099619547        0.000000000000002
        0.800000000000000        0.400000000000000      -59.996304764611139      -59.996304764611145        0.000000000000006
        0.833333333333333        0.433333333333333      -55.977314411978876      -55.977314411978882        0.000000000000006
        0.866666666666667        0.466666666666667      -44.997228573458365      -44.997228573458369        0.000000000000004
        0.800000000000000        0.500000000000000      -42.423793945191314      -42.423793945191329        0.000000000000016
        0.833333333333333        0.533333333333333      -28.975990127023900      -28.975990127023913        0.000000000000014
        0.866666666666667        0.566666666666667      -13.447803818167429      -13.447803818167434        0.000000000000005
        0.800000000000000        0.600000000000000       -0.000000000000011       -0.000000000000009        0.000000000000002
        0.833333333333333        0.633333333333333       14.999076191152775       14.999076191152783        0.000000000000008
        0.866666666666667        0.666666666666667       25.979162029673296       25.979162029673301        0.000000000000005
        0.800000000000000        0.700000000000000       42.423793945191298       42.423793945191307        0.000000000000009
        0.833333333333333        0.733333333333333       50.187887099619540       50.187887099619548        0.000000000000008
        0.866666666666667        0.766666666666667       50.187887099619548       50.187887099619550        0.000000000000003
        0.800000000000000        0.800000000000000       59.996304764611139       59.996304764611153        0.000000000000014
        0.833333333333333        0.833333333333333       55.977314411978878       55.977314411978889        0.000000000000011
        0.866666666666667        0.866666666666667       44.997228573458368       44.997228573458366        0.000000000000002
        0.800000000000000        0.900000000000000       42.423793945191319       42.423793945191313        0.000000000000006
        0.833333333333333        0.933333333333333       28.975990127023906       28.975990127023893        0.000000000000012
        0.866666666666667        0.966666666666667       13.447803818167435       13.447803818167424        0.000000000000010
        0.800000000000000        1.000000000000000        0.000000000000018        0.000000000000018        0.000000000000000
        0.833333333333333        1.033333333333333      -14.999076191152768      -14.999076191152758        0.000000000000010
        0.866666666666667        1.066666666666667      -25.979162029673290      -25.979162029673276        0.000000000000014
        0.900000000000000        0.000000000000000       42.423793945191319       42.423793945191332        0.000000000000013
        0.933333333333333        0.033333333333333       28.975990127023904       28.975990127023901        0.000000000000003
        0.966666666666667        0.066666666666667       13.447803818167433       13.447803818167424        0.000000000000009
        0.900000000000000        0.100000000000000       29.998152382305579       29.998152382305559        0.000000000000019
        0.933333333333333        0.133333333333333       14.999076191152793       14.999076191152773        0.000000000000020
        0.966666666666667        0.166666666666667        4.018990352632274        4.018990352632266        0.000000000000007
        0.900000000000000        0.200000000000000        0.000000000000003        0.000000000000000        0.000000000000002
        0.933333333333333        0.233333333333333       -7.764093154428238       -7.764093154428230        0.000000000000008
        0.966666666666667        0.266666666666667       -7.764093154428243       -7.764093154428235        0.000000000000008
        0.900000000000000        0.300000000000000      -29.998152382305575      -29.998152382305563        0.000000000000012
        0.933333333333333        0.333333333333333      -25.979162029673312      -25.979162029673297        0.000000000000015
        0.966666666666667        0.366666666666667      -14.999076191152801      -14.999076191152789        0.000000000000012
        0.900000000000000        0.400000000000000      -42.423793945191319      -42.423793945191307        0.000000000000012
        0.933333333333333        0.433333333333333      -28.975990127023905      -28.975990127023890        0.000000000000015
        0.966666666666667        0.466666666666667      -13.447803818167434      -13.447803818167425        0.000000000000009
        0.900000000000000        0.500000000000000      -29.998152382305582      -29.998152382305582        0.000000000000000
        0.933333333333333        0.533333333333333      -14.999076191152796      -14.999076191152794        0.000000000000002
        0.966666666666667        0.566666666666667       -4.018990352632276       -4.018990352632274        0.000000000000001
        0.900000000000000        0.600000000000000       -0.000000000000008       -0.000000000000007        0.000000000000001
        0.933333333333333        0.633333333333333        7.764093154428234        7.764093154428233        0.000000000000001
        0.966666666666667        0.666666666666667        7.764093154428242        7.764093154428238        0.000000000000004
        0.900000000000000        0.700000000000000       29.998152382305571       29.998152382305567        0.000000000000005
        0.933333333333333        0.733333333333333       25.979162029673310       25.979162029673298        0.000000000000013
        0.966666666666667        0.766666666666667       14.999076191152800       14.999076191152790        0.000000000000010
        0.900000000000000        0.800000000000000       42.423793945191319       42.423793945191313        0.000000000000006
        0.933333333333333        0.833333333333333       28.975990127023906       28.975990127023893        0.000000000000012
        0.966666666666667        0.866666666666667       13.447803818167435       13.447803818167424        0.000000000000010
        0.900000000000000        0.900000000000000       29.998152382305586       29.998152382305571        0.000000000000015
        0.933333333333333        0.933333333333333       14.999076191152800       14.999076191152784        0.000000000000016
        0.966666666666667        0.966666666666667        4.018990352632277        4.018990352632271        0.000000000000006
        0.900000000000000        1.000000000000000        0.000000000000013        0.000000000000013        0.000000000000000
        0.933333333333333        1.033333333333333       -7.764093154428231       -7.764093154428221        0.000000000000010
        0.966666666666667        1.066666666666667       -7.764093154428240       -7.764093154428230        0.000000000000010
        1.000000000000000        0.000000000000000        0.000000000000018        0.000000000000018        0.000000000000000
        1.033333333333333        0.033333333333333      -14.999076191152767      -14.999076191152762        0.000000000000005
        1.066666666666667        0.066666666666667      -25.979162029673287      -25.979162029673274        0.000000000000012
        1.000000000000000        0.100000000000000        0.000000000000013        0.000000000000013        0.000000000000000
        1.033333333333333        0.133333333333333       -7.764093154428227       -7.764093154428215        0.000000000000012
        1.066666666666667        0.166666666666667       -7.764093154428233       -7.764093154428220        0.000000000000013
        1.000000000000000        0.200000000000000        0.000000000000000        0.000000000000000        0.000000000000000
        1.033333333333333        0.233333333333333        4.018990352632263        4.018990352632258        0.000000000000005
        1.066666666666667        0.266666666666667       14.999076191152774       14.999076191152761        0.000000000000013
        1.000000000000000        0.300000000000000       -0.000000000000013       -0.000000000000013        0.000000000000000
        1.033333333333333        0.333333333333333       13.447803818167401       13.447803818167390        0.000000000000011
        1.066666666666667        0.366666666666667       28.975990127023872       28.975990127023856        0.000000000000016
        1.000000000000000        0.400000000000000       -0.000000000000018       -0.000000000000018        0.000000000000000
        1.033333333333333        0.433333333333333       14.999076191152768       14.999076191152756        0.000000000000011
        1.066666666666667        0.466666666666667       25.979162029673288       25.979162029673277        0.000000000000011
        1.000000000000000        0.500000000000000       -0.000000000000013       -0.000000000000013        0.000000000000000
        1.033333333333333        0.533333333333333        7.764093154428229        7.764093154428226        0.000000000000003
        1.066666666666667        0.566666666666667        7.764093154428236        7.764093154428235        0.000000000000001
        1.000000000000000        0.600000000000000       -0.000000000000000       -0.000000000000000        0.000000000000000
        1.033333333333333        0.633333333333333       -4.018990352632261       -4.018990352632260        0.000000000000001
        1.066666666666667        0.666666666666667      -14.999076191152771      -14.999076191152767        0.000000000000004
        1.000000000000000        0.700000000000000        0.000000000000013        0.000000000000013        0.000000000000000
        1.033333333333333        0.733333333333333      -13.447803818167400      -13.447803818167391        0.000000000000009
        1.066666666666667        0.766666666666667      -28.975990127023871      -28.975990127023858        0.000000000000013
        1.000000000000000        0.800000000000000        0.000000000000018        0.000000000000018        0.000000000000000
        1.033333333333333        0.833333333333333      -14.999076191152768      -14.999076191152758        0.000000000000010
        1.066666666666667        0.866666666666667      -25.979162029673290      -25.979162029673276        0.000000000000014
        1.000000000000000        0.900000000000000        0.000000000000013        0.000000000000013        0.000000000000000
        1.033333333333333        0.933333333333333       -7.764093154428231       -7.764093154428221        0.000000000000010
        1.066666666666667        0.966666666666667       -7.764093154428240       -7.764093154428230        0.000000000000010
        1.000000000000000        1.000000000000000        0.000000000000000        0.000000000000000        0.000000000000000
        1.033333333333333        1.033333333333333        4.018990352632259        4.018990352632253        0.000000000000006
        1.066666666666667        1.066666666666667       14.999076191152768       14.999076191152752        0.000000000000016
