        0.000000000000000        0.000000000000000        4.933454038387260        4.933454038387265        0.000000000000006
        0.033333333333333        0.033333333333333        4.602975282016778        4.602975282016782        0.000000000000004
        0.066666666666667        0.066666666666667        3.700090528790445        3.700090528790445        0.000000000000000
        0.000000000000000        0.100000000000000        3.488478805215790        3.488478805215790        0.000000000000001
        0.033333333333333        0.133333333333333        2.382675334244178        2.382675334244177        0.000000000000001
        0.066666666666667        0.166666666666667        1.105803470971612        1.105803470971611        0.000000000000001
        0.000000000000000        0.200000000000000        0.000000000000000        0.000000000000000        0.000000000000000
        0.033333333333333        0.233333333333333       -1.233363509596815       -1.233363509596815        0.000000000000000
        0.066666666666667        0.266666666666667       -2.136248262823148       -2.136248262823147        0.000000000000001
        0.000000000000000        0.300000000000000       -3.488478805215789       -3.488478805215791        0.000000000000001
        0.033333333333333        0.333333333333333       -4.126914736852072       -4.126914736852073        0.000000000000002
        0.066666666666667        0.366666666666667       -4.126914736852072       -4.126914736852072        0.000000000000000
        0.000000000000000        0.400000000000000       -4.933454038387260       -4.933454038387263        0.000000000000003
        0.033333333333333        0.433333333333333       -4.602975282016778       -4.602975282016780        0.000000000000002
        0.066666666666667        0.466666666666667       -3.700090528790445       -3.700090528790446        0.000000000000001
        0.000000000000000        0.500000000000000       -3.488478805215790       -3.488478805215793        0.000000000000003
        0.033333333333333        0.533333333333333       -2.382675334244178       -2.382675334244180        0.000000000000002
        0.066666666666667        0.566666666666667       -1.105803470971613       -1.105803470971613        0.000000000000001
        0.000000000000000        0.600000000000000       -0.000000000000001       -0.000000000000001        0.000000000000000
        0.033333333333333        0.633333333333333        1.233363509596814        1.233363509596815        0.000000000000001
        0.066666666666667        0.666666666666667        2.136248262823147        2.136248262823148        0.000000000000001
        0.000000000000000        0.700000000000000        3.488478805215789        3.488478805215791        0.000000000000002
        0.033333333333333        0.733333333333333        4.126914736852072        4.126914736852074        0.000000000000002
        0.066666666666667        0.766666666666667        4.126914736852072        4.126914736852072        0.000000000000001
        0.000000000000000        0.800000000000000        4.933454038387260        4.933454038387263        0.000000000000003
        0.033333333333333        0.833333333333333        4.602975282016778        4.602975282016781        0.000000000000002
        0.066666666666667        0.866666666666667        3.700090528790446        3.700090528790446        0.000000000000000
        0.000000000000000        0.900000000000000        3.488478805215790        3.488478805215791        0.000000000000001
        0.033333333333333        0.933333333333333        2.382675334244179        2.382675334244178        0.000000000000000
        0.066666666666667        0.966666666666667        1.105803470971613        1.105803470971612        0.000000000000001
        0.000000000000000        1.000000000000000        0.000000000000002        0.000000000000002        0.000000000000000
        0.033333333333333        1.033333333333333       -1.233363509596814       -1.233363509596813        0.000000000000000
        0.066666666666667        1.066666666666667       -2.136248262823147       -2.136248262823146        0.000000000000001
        0.100000000000000        0.000000000000000        3.488478805215790        3.488478805215790        0.000000000000001
        0.133333333333333        0.033333333333333        2.382675334244178        2.382675334244177        0.000000000000001
        0.166666666666667        0.066666666666667        1.105803470971612        1.105803470971611        0.000000000000001
        0.100000000000000        0.100000000000000        2.466727019193630        2.466727019193628        0.000000000000002
        0.133333333333333        0.133333333333333        1.233363509596815        1.233363509596813        0.000000000000002
        0.166666666666667        0.166666666666667        0.330478756370482        0.330478756370481        0.000000000000001
        0.100000000000000        0.200000000000000        0.000000000000000        0.000000000000000        0.000000000000000
        0.133333333333333        0.233333333333333       -0.638435931636283       -0.638435931636282        0.000000000000001
        0.166666666666667        0.266666666666667       -0.638435931636283       -0.638435931636282        0.000000000000001
        0.100000000000000        0.300000000000000       -2.466727019193630       -2.466727019193628        0.000000000000001
        0.133333333333333        0.333333333333333       -2.136248262823148       -2.136248262823146        0.000000000000002
        0.166666666666667        0.366666666666667       -1.233363509596815       -1.233363509596814        0.000000000000001
        0.100000000000000        0.400000000000000       -3.488478805215790       -3.488478805215788        0.000000000000001
        0.133333333333333        0.433333333333333       -2.382675334244178       -2.382675334244176        0.000000000000002
        0.166666666666667        0.466666666666667       -1.105803470971612       -1.105803470971611        0.000000000000001
        0.100000000000000        0.500000000000000       -2.466727019193630       -2.466727019193630        0.000000000000000
        0.133333333333333        0.533333333333333       -1.233363509596815       -1.233363509596815        0.000000000000001
        0.166666666666667        0.566666666666667       -0.330478756370482       -0.330478756370482        0.000000000000000
        0.100000000000000        0.600000000000000       -0.000000000000001       -0.000000000000001        0.000000000000000
        0.133333333333333        0.633333333333333        0.638435931636282        0.638435931636282        0.000000000000000
        0.166666666666667        0.666666666666667        0.638435931636283        0.638435931636282        0.000000000000001
        0.100000000000000        0.700000000000000        2.466727019193629        2.466727019193629        0.000000000000001
        0.133333333333333        0.733333333333333        2.136248262823148        2.136248262823146        0.000000000000002
        0.166666666666667        0.766666666666667        1.233363509596815        1.233363509596814        0.000000000000001
        0.100000000000000        0.800000000000000        3.488478805215790        3.488478805215789        0.000000000000001
        0.133333333333333        0.833333333333333        2.382675334244178        2.382675334244176        0.000000000000002
        0.166666666666667        0.866666666666667        1.105803470971612        1.105803470971611        0.000000000000001
        0.100000000000000        0.900000000000000        2.466727019193631        2.466727019193629        0.000000000000002
        0.133333333333333        0.933333333333333        1.233363509596816        1.233363509596814        0.000000000000002
        0.166666666666667        0.966666666666667        0.330478756370482        0.330478756370482        0.000000000000001
        0.100000000000000        1.000000000000000        0.000000000000001        0.000000000000001        0.000000000000000
        0.133333333333333        1.033333333333333       -0.638435931636282       -0.638435931636281        0.000000000000001
        0.166666666666667        1.066666666666667       -0.638435931636282       -0.638435931636281        0.000000000000001
        0.200000000000000        0.000000000000000        0.000000000000000        0.000000000000000        0.000000000000000
        0.233333333333333        0.033333333333333       -1.233363509596815       -1.233363509596815        0.000000000000000
        0.266666666666667        0.066666666666667       -2.136248262823148       -2.136248262823147        0.000000000000001
        0.200000000000000        0.100000000000000        0.000000000000000        0.000000000000000        0.000000000000000
        0.233333333333333        0.133333333333333       -0.638435931636283       -0.638435931636282        0.000000000000001
        0.266666666666667        0.166666666666667       -0.638435931636283       -0.638435931636282        0.000000000000001
        0.200000000000000        0.200000000000000        0.000000000000000        0.000000000000000        0.000000000000000
        0.233333333333333        0.233333333333333        0.330478756370482        0.330478756370481        0.000000000000000
        0.266666666666667        0.266666666666667        1.233363509596815        1.233363509596814        0.000000000000001
        0.200000000000000        0.300000000000000       -0.000000000000000       -0.000000000000000        0.000000000000000
        0.233333333333333        0.333333333333333        1.105803470971612        1.105803470971611        0.000000000000001
        0.266666666666667        0.366666666666667        2.382675334244177        2.382675334244176        0.000000000000001
        0.200000000000000        0.400000000000000       -0.000000000000000       -0.000000000000000        0.000000000000000
        0.233333333333333        0.433333333333333        1.233363509596815        1.233363509596814        0.000000000000001
        0.266666666666667        0.466666666666667        2.136248262823148        2.136248262823148        0.000000000000000
        0.200000000000000        0.500000000000000       -0.000000000000000       -0.000000000000000        0.000000000000000
        0.233333333333333        0.533333333333333        0.638435931636283        0.638435931636283        0.000000000000000
        0.266666666666667        0.566666666666667        0.638435931636283        0.638435931636283        0.000000000000000
        0.200000000000000        0.600000000000000       -0.000000000000000       -0.000000000000000        0.000000000000000
        0.233333333333333        0.633333333333333       -0.330478756370482       -0.330478756370482        0.000000000000000
        0.266666666666667        0.666666666666667       -1.233363509596814       -1.233363509596814        0.000000000000000
        0.200000000000000        0.700000000000000        0.000000000000000        0.000000000000000        0.000000000000000
        0.233333333333333        0.733333333333333       -1.105803470971612       -1.105803470971611        0.000000000000000
        0.266666666666667        0.766666666666667       -2.382675334244177       -2.382675334244176        0.000000000000001
        0.200000000000000        0.800000000000000        0.000000000000000        0.000000000000000        0.000000000000000
        0.233333333333333        0.833333333333333       -1.233363509596815       -1.233363509596814        0.000000000000000
        0.266666666666667        0.866666666666667       -2.136248262823148       -2.136248262823147        0.000000000000001
        0.200000000000000        0.900000000000000        0.000000000000000        0.000000000000000        0.000000000000000
        0.233333333333333        0.933333333333333       -0.638435931636283       -0.638435931636282        0.000000000000001
        0.266666666666667        0.966666666666667       -0.638435931636283       -0.638435931636283        0.000000000000001
        0.200000000000000        1.000000000000000        0.000000000000000        0.000000000000000        0.000000000000000
        0.233333333333333        1.033333333333333        0.330478756370481        0.330478756370481        0.000000000000000
        0.266666666666667        1.066666666666667        1.233363509596814        1.233363509596813        0.000000000000001
        0.300000000000000        0.000000000000000       -3.488478805215789       -3.488478805215791        0.000000000000001
        0.333333333333333        0.033333333333333       -4.126914736852072       -4.126914736852073        0.000000000000002
        0.366666666666667        0.066666666666667       -4.126914736852072       -4.126914736852072        0.000000000000000
        0.300000000000000        0.100000000000000       -2.466727019193630       -2.466727019193628        0.000000000000001
        0.333333333333333        0.133333333333333       -2.136248262823148       -2.136248262823146        0.000000000000002
        0.366666666666667        0.166666666666667       -1.233363509596815       -1.233363509596814        0.000000000000001
        0.300000000000000        0.200000000000000       -0.000000000000000       -0.000000000000000        0.000000000000000
        0.333333333333333        0.233333333333333        1.105803470971612        1.105803470971611        0.000000000000001
        0.366666666666667        0.266666666666667        2.382675334244177        2.382675334244176        0.000000000000001
        0.300000000000000        0.300000000000000        2.466727019193629        2.466727019193629        0.000000000000001
        0.333333333333333        0.333333333333333        3.700090528790444        3.700090528790444        0.000000000000000
        0.366666666666667        0.366666666666667        4.602975282016778        4.602975282016778        0.000000000000000
        0.300000000000000        0.400000000000000        3.488478805215789        3.488478805215789        0.000000000000001
        0.333333333333333        0.433333333333333        4.126914736852072        4.126914736852072        0.000000000000000
        0.366666666666667        0.466666666666667        4.126914736852072        4.126914736852073        0.000000000000000
        0.300000000000000        0.500000000000000        2.466727019193630        2.466727019193630        0.000000000000000
        0.333333333333333        0.533333333333333        2.136248262823149        2.136248262823149        0.000000000000001
        0.366666666666667        0.566666666666667        1.233363509596816        1.233363509596816        0.000000000000000
        0.300000000000000        0.600000000000000        0.000000000000001        0.000000000000001        0.000000000000000
        0.333333333333333        0.633333333333333       -1.105803470971611       -1.105803470971612        0.000000000000000
        0.366666666666667        0.666666666666667       -2.382675334244177       -2.382675334244177        0.000000000000001
        0.300000000000000        0.700000000000000       -2.466727019193629       -2.466727019193629        0.000000000000000
        0.333333333333333        0.733333333333333       -3.700090528790444       -3.700090528790444        0.000000000000000
        0.366666666666667        0.766666666666667       -4.602975282016778       -4.602975282016778        0.000000000000000
        0.300000000000000        0.800000000000000       -3.488478805215789       -3.488478805215789        0.000000000000000
        0.333333333333333        0.833333333333333       -4.126914736852072       -4.126914736852072        0.000000000000000
        0.366666666666667        0.866666666666667       -4.126914736852073       -4.126914736852072        0.000000000000000
        0.300000000000000        0.900000000000000       -2.466727019193630       -2.466727019193629        0.000000000000001
        0.333333333333333        0.933333333333333       -2.136248262823149       -2.136248262823148        0.000000000000001
        0.366666666666667        0.966666666666667       -1.233363509596816       -1.233363509596815        0.000000000000001
        0.300000000000000        1.000000000000000       -0.000000000000001       -0.000000000000001        0.000000000000000
        0.333333333333333        1.033333333333333        1.105803470971611        1.105803470971610        0.000000000000001
        0.366666666666667        1.066666666666667        2.382675334244176        2.382675334244175        0.000000000000001
        0.400000000000000        0.000000000000000       -4.933454038387260       -4.933454038387263        0.000000000000003
        0.433333333333333        0.033333333333333       -4.602975282016778       -4.602975282016780        0.000000000000002
        0.466666666666667        0.066666666666667       -3.700090528790445       -3.700090528790446        0.000000000000001
        0.400000000000000        0.100000000000000       -3.488478805215790       -3.488478805215788        0.000000000000001
        0.433333333333333        0.133333333333333       -2.382675334244178       -2.382675334244176        0.000000000000002
        0.466666666666667        0.166666666666667       -1.105803470971612       -1.105803470971611        0.000000000000001
        0.400000000000000        0.200000000000000       -0.000000000000000       -0.000000000000000        0.000000000000000
        0.433333333333333        0.233333333333333        1.233363509596815        1.233363509596814        0.000000000000001
        0.466666666666667        0.266666666666667        2.136248262823148        2.136248262823148        0.000000000000000
        0.400000000000000        0.300000000000000        3.488478805215789        3.488478805215789        0.000000000000001
        0.433333333333333        0.333333333333333        4.126914736852072        4.126914736852072        0.000000000000000
        0.466666666666667        0.366666666666667        4.126914736852072        4.126914736852073        0.000000000000000
        0.400000000000000        0.400000000000000        4.933454038387260        4.933454038387260        0.000000000000000
        0.433333333333333        0.433333333333333        4.602975282016778        4.602975282016778        0.000000000000000
        0.466666666666667        0.466666666666667        3.700090528790446        3.700090528790446        0.000000000000001
        0.400000000000000        0.500000000000000        3.488478805215790        3.488478805215791        0.000000000000001
        0.433333333333333        0.533333333333333        2.382675334244178        2.382675334244179        0.000000000000001
        0.466666666666667        0.566666666666667        1.105803470971613        1.105803470971613        0.000000000000001
        0.400000000000000        0.600000000000000        0.000000000000001        0.000000000000001        0.000000000000000
        0.433333333333333        0.633333333333333       -1.233363509596814       -1.233363509596815        0.000000000000001
        0.466666666666667        0.666666666666667       -2.136248262823148       -2.136248262823148        0.000000000000001
        0.400000000000000        0.700000000000000       -3.488478805215789       -3.488478805215789        0.000000000000000
        0.433333333333333        0.733333333333333       -4.126914736852072       -4.126914736852072        0.000000000000000
        0.466666666666667        0.766666666666667       -4.126914736852072       -4.126914736852073        0.000000000000001
        0.400000000000000        0.800000000000000       -4.933454038387260       -4.933454038387260        0.000000000000000
        0.433333333333333        0.833333333333333       -4.602975282016779       -4.602975282016779        0.000000000000001
        0.466666666666667        0.866666666666667       -3.700090528790446       -3.700090528790446        0.000000000000000
        0.400000000000000        0.900000000000000       -3.488478805215790       -3.488478805215789        0.000000000000001
        0.433333333333333        0.933333333333333       -2.382675334244179       -2.382675334244177        0.000000000000001
        0.466666666666667        0.966666666666667       -1.105803470971613       -1.105803470971613        0.000000000000001
        0.400000000000000        1.000000000000000       -0.000000000000002       -0.000000000000002        0.000000000000000
        0.433333333333333        1.033333333333333        1.233363509596814        1.233363509596813        0.000000000000001
        0.466666666666667        1.066666666666667        2.136248262823147        2.136248262823146        0.000000000000001
        0.500000000000000        0.000000000000000       -3.488478805215790       -3.488478805215793        0.000000000000003
        0.533333333333333        0.033333333333333       -2.382675334244178       -2.382675334244180        0.000000000000002
        0.566666666666667        0.066666666666667       -1.105803470971613       -1.105803470971613        0.000000000000001
        0.500000000000000        0.100000000000000       -2.466727019193630       -2.466727019193630        0.000000000000000
        0.533333333333333        0.133333333333333       -1.233363509596815       -1.233363509596815        0.000000000000001
        0.566666666666667        0.166666666666667       -0.330478756370482       -0.330478756370482        0.000000000000000
        0.500000000000000        0.200000000000000       -0.000000000000000       -0.000000000000000        0.000000000000000
        0.533333333333333        0.233333333333333        0.638435931636283        0.638435931636283        0.000000000000000
        0.566666666666667        0.266666666666667        0.638435931636283        0.638435931636283        0.000000000000000
        0.500000000000000        0.300000000000000        2.466727019193630        2.466727019193630        0.000000000000000
        0.533333333333333        0.333333333333333        2.136248262823149        2.136248262823149        0.000000000000001
        0.566666666666667        0.366666666666667        1.233363509596816        1.233363509596816        0.000000000000000
        0.500000000000000        0.400000000000000        3.488478805215790        3.488478805215791        0.000000000000001
        0.533333333333333        0.433333333333333        2.382675334244178        2.382675334244179        0.000000000000001
        0.566666666666667        0.466666666666667        1.105803470971613        1.105803470971613        0.000000000000001
        0.500000000000000        0.500000000000000        2.466727019193631        2.466727019193632        0.000000000000001
        0.533333333333333        0.533333333333333        1.233363509596816        1.233363509596817        0.000000000000001
        0.566666666666667        0.566666666666667        0.330478756370482        0.330478756370483        0.000000000000000
        0.500000000000000        0.600000000000000        0.000000000000001        0.000000000000001        0.000000000000000
        0.533333333333333        0.633333333333333       -0.638435931636282       -0.638435931636283        0.000000000000001
        0.566666666666667        0.666666666666667       -0.638435931636283       -0.638435931636283        0.000000000000000
        0.500000000000000        0.700000000000000       -2.466727019193630       -2.466727019193631        0.000000000000001
        0.533333333333333        0.733333333333333       -2.136248262823148       -2.136248262823149        0.000000000000001
        0.566666666666667        0.766666666666667       -1.233363509596816       -1.233363509596816        0.000000000000001
        0.500000000000000        0.800000000000000       -3.488478805215790       -3.488478805215791        0.000000000000001
        0.533333333333333        0.833333333333333       -2.382675334244178       -2.382675334244179        0.000000000000001
        0.566666666666667        0.866666666666667       -1.105803470971613       -1.105803470971613        0.000000000000000
        0.500000000000000        0.900000000000000       -2.466727019193631       -2.466727019193631        0.000000000000000
        0.533333333333333        0.933333333333333       -1.233363509596816       -1.233363509596816        0.000000000000000
        0.566666666666667        0.966666666666667       -0.330478756370482       -0.330478756370482        0.000000000000000
        0.500000000000000        1.000000000000000       -0.000000000000001       -0.000000000000001        0.000000000000000
        0.533333333333333        1.033333333333333        0.638435931636282        0.638435931636282        0.000000000000000
        0.566666666666667        1.066666666666667        0.638435931636283        0.638435931636283        0.000000000000000
        0.600000000000000        0.000000000000000       -0.000000000000001       -0.000000000000001        0.000000000000000
        0.633333333333333        0.033333333333333        1.233363509596814        1.233363509596815        0.000000000000001
        0.666666666666667        0.066666666666667        2.136248262823147        2.136248262823148        0.000000000000001
        0.600000000000000        0.100000000000000       -0.000000000000001       -0.000000000000001        0.000000000000000
        0.633333333333333        0.133333333333333        0.638435931636282        0.638435931636282        0.000000000000000
        0.666666666666667        0.166666666666667        0.638435931636283        0.638435931636282        0.000000000000001
        0.600000000000000        0.200000000000000       -0.000000000000000       -0.000000000000000        0.000000000000000
        0.633333333333333        0.233333333333333       -0.330478756370482       -0.330478756370482        0.000000000000000
        0.666666666666667        0.266666666666667       -1.233363509596814       -1.233363509596814        0.000000000000000
        0.600000000000000        0.300000000000000        0.000000000000001        0.000000000000001        0.000000000000000
        0.633333333333333        0.333333333333333       -1.105803470971611       -1.105803470971612        0.000000000000000
        0.666666666666667        0.366666666666667       -2.382675334244177       -2.382675334244177        0.000000000000001
        0.600000000000000        0.400000000000000        0.000000000000001        0.000000000000001        0.000000000000000
        0.633333333333333        0.433333333333333       -1.233363509596814       -1.233363509596815        0.000000000000001
        0.666666666666667        0.466666666666667       -2.136248262823148       -2.136248262823148        0.000000000000001
        0.600000000000000        0.500000000000000        0.000000000000001        0.000000000000001        0.000000000000000
        0.633333333333333        0.533333333333333       -0.638435931636282       -0.638435931636283        0.000000000000001
        0.666666666666667        0.566666666666667       -0.638435931636283       -0.638435931636283        0.000000000000000
        0.600000000000000        0.600000000000000        0.000000000000000        0.000000000000000        0.000000000000000
        0.633333333333333        0.633333333333333        0.330478756370481        0.330478756370482        0.000000000000000
        0.666666666666667        0.666666666666667        1.233363509596814        1.233363509596815        0.000000000000001
        0.600000000000000        0.700000000000000       -0.000000000000001       -0.000000000000001        0.000000000000000
        0.633333333333333        0.733333333333333        1.105803470971611        1.105803470971612        0.000000000000001
        0.666666666666667        0.766666666666667        2.382675334244176        2.382675334244177        0.000000000000001
        0.600000000000000        0.800000000000000       -0.000000000000001       -0.000000000000001        0.000000000000000
        0.633333333333333        0.833333333333333        1.233363509596814        1.233363509596815        0.000000000000001
        0.666666666666667        0.866666666666667        2.136248262823148        2.136248262823148        0.000000000000000
        0.600000000000000        0.900000000000000       -0.000000000000001       -0.000000000000001        0.000000000000000
        0.633333333333333        0.933333333333333        0.638435931636283        0.638435931636283        0.000000000000000
        0.666666666666667        0.966666666666667        0.638435931636283        0.638435931636283        0.000000000000000
        0.600000000000000        1.000000000000000       -0.000000000000000       -0.000000000000000        0.000000000000000
        0.633333333333333        1.033333333333333       -0.330478756370481       -0.330478756370481        0.000000000000000
        0.666666666666667        1.066666666666667       -1.233363509596814       -1.233363509596813        0.000000000000000
        0.700000000000000        0.000000000000000        3.488478805215789        3.488478805215791        0.000000000000002
        0.733333333333333        0.033333333333333        4.126914736852072        4.126914736852074        0.000000000000002
        0.766666666666667        0.066666666666667        4.126914736852072        4.126914736852072        0.000000000000001
        0.700000000000000        0.100000000000000        2.466727019193629        2.466727019193629        0.000000000000001
        0.733333333333333        0.133333333333333        2.136248262823148        2.136248262823146        0.000000000000002
        0.766666666666667        0.166666666666667        1.233363509596815        1.233363509596814        0.000000000000001
        0.700000000000000        0.200000000000000        0.000000000000000        0.000000000000000        0.000000000000000
        0.733333333333333        0.233333333333333       -1.105803470971612       -1.105803470971611        0.000000000000000
        0.766666666666667        0.266666666666667       -2.382675334244177       -2.382675334244176        0.000000000000001
        0.700000000000000        0.300000000000000       -2.466727019193629       -2.466727019193629        0.000000000000000
        0.733333333333333        0.333333333333333       -3.700090528790444       -3.700090528790444        0.000000000000000
        0.766666666666667        0.366666666666667       -4.602975282016778       -4.602975282016778        0.000000000000000
        0.700000000000000        0.400000000000000       -3.488478805215789       -3.488478805215789        0.000000000000000
        0.733333333333333        0.433333333333333       -4.126914736852072       -4.126914736852072        0.000000000000000
        0.766666666666667        0.466666666666667       -4.126914736852072       -4.126914736852073        0.000000000000001
        0.700000000000000        0.500000000000000       -2.466727019193630       -2.466727019193631        0.000000000000001
        0.733333333333333        0.533333333333333       -2.136248262823148       -2.136248262823149        0.000000000000001
        0.766666666666667        0.566666666666667       -1.233363509596816       -1.233363509596816        0.000000000000001
        0.700000000000000        0.600000000000000       -0.000000000000001       -0.000000000000001        0.000000000000000
        0.733333333333333        0.633333333333333        1.105803470971611        1.105803470971612        0.000000000000001
        0.766666666666667        0.666666666666667        2.382675334244176        2.382675334244177        0.000000000000001
        0.700000000000000        0.700000000000000        2.466727019193629        2.466727019193629        0.000000000000000
        0.733333333333333        0.733333333333333        3.700090528790444        3.700090528790444        0.000000000000000
        0.766666666666667        0.766666666666667        4.602975282016777        4.602975282016778        0.000000000000001
        0.700000000000000        0.800000000000000        3.488478805215789        3.488478805215789        0.000000000000001
        0.733333333333333        0.833333333333333        4.126914736852072        4.126914736852072        0.000000000000001
        0.766666666666667        0.866666666666667        4.126914736852072        4.126914736852073        0.000000000000000
        0.700000000000000        0.900000000000000        2.466727019193630        2.466727019193630        0.000000000000000
        0.733333333333333        0.933333333333333        2.136248262823149        2.136248262823148        0.000000000000001
        0.766666666666667        0.966666666666667        1.233363509596816        1.233363509596815        0.000000000000001
        0.700000000000000        1.000000000000000        0.000000000000001        0.000000000000001        0.000000000000000
        0.733333333333333        1.033333333333333       -1.105803470971611       -1.105803470971610        0.000000000000001
        0.766666666666667        1.066666666666667       -2.382675334244176       -2.382675334244175        0.000000000000001
        0.800000000000000        0.000000000000000        4.933454038387260        4.933454038387263        0.000000000000003
        0.833333333333333        0.033333333333333        4.602975282016778        4.602975282016781        0.000000000000002
        0.866666666666667        0.066666666666667        3.700090528790446        3.700090528790446        0.000000000000000
        0.800000000000000        0.100000000000000        3.488478805215790        3.488478805215789        0.000000000000001
        0.833333333333333        0.133333333333333        2.382675334244178        2.382675334244176        0.000000000000002
        0.866666666666667        0.166666666666667        1.105803470971612        1.105803470971611        0.000000000000001
        0.800000000000000        0.200000000000000        0.000000000000000        0.000000000000000        0.000000000000000
        0.833333333333333        0.233333333333333       -1.233363509596815       -1.233363509596814        0.000000000000000
        0.866666666666667        0.266666666666667       -2.136248262823148       -2.136248262823147        0.000000000000001
        0.800000000000000        0.300000000000000       -3.488478805215789       -3.488478805215789        0.000000000000000
        0.833333333333333        0.333333333333333       -4.126914736852072       -4.126914736852072        0.000000000000000
        0.866666666666667        0.366666666666667       -4.126914736852073       -4.126914736852072        0.000000000000000
        0.800000000000000        0.400000000000000       -4.933454038387260       -4.933454038387260        0.000000000000000
        0.833333333333333        0.433333333333333       -4.602975282016779       -4.602975282016779        0.000000000000001
        0.866666666666667        0.466666666666667       -3.700090528790446       -3.700090528790446        0.000000000000000
        0.800000000000000        0.500000000000000       -3.488478805215790       -3.488478805215791        0.000000000000001
        0.833333333333333        0.533333333333333       -2.382675334244178       -2.382675334244179        0.000000000000001
        0.866666666666667        0.566666666666667       -1.105803470971613       -1.105803470971613        0.000000000000000
        0.800000000000000        0.600000000000000       -0.000000000000001       -0.000000000000001        0.000000000000000
        0.833333333333333        0.633333333333333        1.233363509596814        1.233363509596815        0.000000000000001
        0.866666666666667        0.666666666666667        2.136248262823148        2.136248262823148        0.000000000000000
        0.800000000000000        0.700000000000000        3.488478805215789        3.488478805215789        0.000000000000001
        0.833333333333333        0.733333333333333        4.126914736852072        4.126914736852072        0.000000000000001
        0.866666666666667        0.766666666666667        4.126914736852072        4.126914736852073        0.000000000000000
        0.800000000000000        0.800000000000000        4.933454038387260        4.933454038387261        0.000000000000001
        0.833333333333333        0.833333333333333        4.602975282016779        4.602975282016780        0.000000000000001
        0.866666666666667        0.866666666666667        3.700090528790446        3.700090528790446        0.000000000000000
        0.800000000000000        0.900000000000000        3.488478805215790        3.488478805215790        0.000000000000000
        0.833333333333333        0.933333333333333        2.382675334244179        2.382675334244178        0.000000000000001
        0.866666666666667        0.966666666666667        1.105803470971613        1.105803470971613        0.000000000000001
        0.800000000000000        1.000000000000000        0.000000000000002        0.000000000000002        0.000000000000000
        0.833333333333333        1.033333333333333       -1.233363509596814       -1.233363509596813        0.000000000000001
        0.866666666666667        1.066666666666667       -2.136248262823147       -2.136248262823146        0.000000000000001
        0.900000000000000        0.000000000000000        3.488478805215790        3.488478805215791        0.000000000000001
        0.933333333333333        0.033333333333333        2.382675334244179        2.382675334244178        0.000000000000000
        0.966666666666667        0.066666666666667        1.105803470971613        1.105803470971612        0.000000000000001
        0.900000000000000        0.100000000000000        2.466727019193631        2.466727019193629        0.000000000000002
        0.933333333333333        0.133333333333333        1.233363509596816        1.233363509596814        0.000000000000002
        0.966666666666667        0.166666666666667        0.330478756370482        0.330478756370482        0.000000000000001
        0.900000000000000        0.200000000000000        0.000000000000000        0.000000000000000        0.000000000000000
        0.933333333333333        0.233333333333333       -0.638435931636283       -0.638435931636282        0.000000000000001
        0.966666666666667        0.266666666666667       -0.638435931636283       -0.638435931636283        0.000000000000001
        0.900000000000000        0.300000000000000       -2.466727019193630       -2.466727019193629        0.000000000000001
        0.933333333333333        0.333333333333333       -2.136248262823149       -2.136248262823148        0.000000000000001
        0.966666666666667        0.366666666666667       -1.233363509596816       -1.233363509596815        0.000000000000001
        0.900000000000000        0.400000000000000       -3.488478805215790       -3.488478805215789        0.000000000000001
        0.933333333333333        0.433333333333333       -2.382675334244179       -2.382675334244177        0.000000000000001
        0.966666666666667        0.466666666666667       -1.105803470971613       -1.105803470971613        0.000000000000001
        0.900000000000000        0.500000000000000       -2.466727019193631       -2.466727019193631        0.000000000000000
        0.933333333333333        0.533333333333333       -1.233363509596816       -1.233363509596816        0.000000000000000
        0.966666666666667        0.566666666666667       -0.330478756370482       -0.330478756370482        0.000000000000000
        0.900000000000000        0.600000000000000       -0.000000000000001       -0.000000000000001        0.000000000000000
        0.933333333333333        0.633333333333333        0.638435931636283        0.638435931636283        0.000000000000000
        0.966666666666667        0.666666666666667        0.638435931636283        0.638435931636283        0.000000000000000
        0.900000000000000        0.700000000000000        2.466727019193630        2.466727019193630        0.000000000000000
        0.933333333333333        0.733333333333333        2.136248262823149        2.136248262823148        0.000000000000001
        0.966666666666667        0.766666666666667        1.233363509596816        1.233363509596815        0.000000000000001
        0.900000000000000        0.800000000000000        3.488478805215790        3.488478805215790        0.000000000000000
        0.933333333333333        0.833333333333333        2.382675334244179        2.382675334244178        0.000000000000001
        0.966666666666667        0.866666666666667        1.105803470971613        1.105803470971613        0.000000000000001
        0.900000000000000        0.900000000000000        2.466727019193631        2.466727019193630        0.000000000000001
        0.933333333333333        0.933333333333333        1.233363509596816        1.233363509596815        0.000000000000001
        0.966666666666667        0.966666666666667        0.330478756370483        0.330478756370482        0.000000000000000
        0.900000000000000        1.000000000000000        0.000000000000001        0.000000000000001        0.000000000000000
        0.933333333333333        1.033333333333333       -0.638435931636282       -0.638435931636281        0.000000000000001
        0.966666666666667        1.066666666666667       -0.638435931636283       -0.638435931636282        0.000000000000001
        1.000000000000000        0.000000000000000        0.000000000000002        0.000000000000002        0.000000000000000
        1.033333333333333        0.033333333333333       -1.233363509596814       -1.233363509596813        0.000000000000000
        1.066666666666667        0.066666666666667       -2.136248262823147       -2.136248262823146        0.000000000000001
        1.000000000000000        0.100000000000000        0.000000000000001        0.000000000000001        0.000000000000000
        1.033333333333333        0.133333333333333       -0.638435931636282       -0.638435931636281        0.000000000000001
        1.066666666666667        0.166666666666667       -0.638435931636282       -0.638435931636281        0.000000000000001
        1.000000000000000        0.200000000000000        0.000000000000000        0.000000000000000        0.000000000000000
        1.033333333333333        0.233333333333333        0.330478756370481        0.330478756370481        0.000000000000000
        1.066666666666667        0.266666666666667        1.233363509596814        1.233363509596813        0.000000000000001
        1.000000000000000        0.300000000000000       -0.000000000000001       -0.000000000000001        0.000000000000000
        1.033333333333333        0.333333333333333        1.105803470971611        1.105803470971610        0.000000000000001
        1.066666666666667        0.366666666666667        2.382675334244176        2.382675334244175        0.000000000000001
        1.000000000000000        0.400000000000000       -0.000000000000002       -0.000000000000002        0.000000000000000
        1.033333333333333        0.433333333333333        1.233363509596814        1.233363509596813        0.000000000000001
        1.066666666666667        0.466666666666667        2.136248262823147        2.136248262823146        0.000000000000001
        1.000000000000000        0.500000000000000       -0.000000000000001       -0.000000000000001        0.000000000000000
        1.033333333333333        0.533333333333333        0.638435931636282        0.638435931636282        0.000000000000000
        1.066666666666667        0.566666666666667        0.638435931636283        0.638435931636283        0.000000000000000
        1.000000000000000        0.600000000000000       -0.000000000000000       -0.000000000000000        0.000000000000000
        1.033333333333333        0.633333333333333       -0.330478756370481       -0.330478756370481        0.000000000000000
        1.066666666666667        0.666666666666667       -1.233363509596814       -1.233363509596813        0.000000000000000
        1.000000000000000        0.700000000000000        0.000000000000001        0.000000000000001        0.000000000000000
        1.033333333333333        0.733333333333333       -1.105803470971611       -1.105803470971610        0.000000000000001
        1.066666666666667        0.766666666666667       -2.382675334244176       -2.382675334244175        0.000000000000001
        1.000000000000000        0.800000000000000        0.000000000000002        0.000000000000002        0.000000000000000
        1.033333333333333        0.833333333333333       -1.233363509596814       -1.233363509596813        0.000000000000001
        1.066666666666667        0.866666666666667       -2.136248262823147       -2.136248262823146        0.000000000000001
        1.000000000000000        0.900000000000000        0.000000000000001        0.000000000000001        0.000000000000000
        1.033333333333333        0.933333333333333       -0.638435931636282       -0.638435931636281        0.000000000000001
        1.066666666666667        0.966666666666667       -0.638435931636283       -0.638435931636282        0.000000000000001
        1.000000000000000        1.000000000000000        0.000000000000000        0.000000000000000        0.000000000000000
        1.033333333333333        1.033333333333333        0.330478756370481        0.330478756370481        0.000000000000000
        1.066666666666667        1.066666666666667        1.233363509596814        1.233363509596812        0.000000000000001
