        0.000000000000000        0.000000000000000        4.664151745540207        4.664151745540212        0.000000000000005
        0.033333333333333        0.033333333333333        4.351712822141780        4.351712822141783        0.000000000000004
        0.066666666666667        0.066666666666667        3.498113809155155        3.498113809155156        0.000000000000000
        0.000000000000000        0.100000000000000        3.298053327754553        3.298053327754554        0.000000000000001
        0.033333333333333        0.133333333333333        2.252612314374263        2.252612314374262        0.000000000000001
        0.066666666666667        0.166666666666667        1.045441013380291        1.045441013380290        0.000000000000001
        0.000000000000000        0.200000000000000        0.000000000000000        0.000000000000000        0.000000000000000
        0.033333333333333        0.233333333333333       -1.166037936385051       -1.166037936385051        0.000000000000000
        0.066666666666667        0.266666666666667       -2.019636949371676       -2.019636949371675        0.000000000000001
        0.000000000000000        0.300000000000000       -3.298053327754553       -3.298053327754554        0.000000000000001
        0.033333333333333        0.333333333333333       -3.901638978251539       -3.901638978251540        0.000000000000001
        0.066666666666667        0.366666666666667       -3.901638978251539       -3.901638978251539        0.000000000000000
        0.000000000000000        0.400000000000000       -4.664151745540207       -4.664151745540210        0.000000000000003
        0.033333333333333        0.433333333333333       -4.351712822141780       -4.351712822141782        0.000000000000002
        0.066666666666667        0.466666666666667       -3.498113809155156       -3.498113809155156        0.000000000000001
        0.000000000000000        0.500000000000000       -3.298053327754553       -3.298053327754556        0.000000000000003
        0.033333333333333        0.533333333333333       -2.252612314374263       -2.252612314374265        0.000000000000002
        0.066666666666667        0.566666666666667       -1.045441013380291       -1.045441013380292        0.000000000000000
        0.000000000000000        0.600000000000000       -0.000000000000001       -0.000000000000001        0.000000000000000
        0.033333333333333        0.633333333333333        1.166037936385051        1.166037936385052        0.000000000000001
        0.066666666666667        0.666666666666667        2.019636949371675        2.019636949371676        0.000000000000001
        0.000000000000000        0.700000000000000        3.298053327754552        3.298053327754554        0.000000000000002
        0.033333333333333        0.733333333333333        3.901638978251538        3.901638978251540        0.000000000000002
        0.066666666666667        0.766666666666667        3.901638978251539        3.901638978251539        0.000000000000001
        0.000000000000000        0.800000000000000        4.664151745540207        4.664151745540210        0.000000000000003
        0.033333333333333        0.833333333333333        4.351712822141780        4.351712822141782        0.000000000000002
        0.066666666666667        0.866666666666667        3.498113809155156        3.498113809155156        0.000000000000000
        0.000000000000000        0.900000000000000        3.298053327754554        3.298053327754555        0.000000000000001
        0.033333333333333        0.933333333333333        2.252612314374263        2.252612314374263        0.000000000000000
        0.066666666666667        0.966666666666667        1.045441013380292        1.045441013380291        0.000000000000001
        0.000000000000000        1.000000000000000        0.000000000000001        0.000000000000001        0.000000000000000
        0.033333333333333        1.033333333333333       -1.166037936385050       -1.166037936385050        0.000000000000000
        0.066666666666667        1.066666666666667       -2.019636949371675       -2.019636949371674        0.000000000000001
        0.100000000000000        0.000000000000000        3.298053327754553        3.298053327754554        0.000000000000001
        0.133333333333333        0.033333333333333        2.252612314374263        2.252612314374262        0.000000000000001
        0.166666666666667        0.066666666666667        1.045441013380291        1.045441013380290        0.000000000000001
        0.100000000000000        0.100000000000000        2.332075872770104        2.332075872770102        0.000000000000002
        0.133333333333333        0.133333333333333        1.166037936385052        1.166037936385050        0.000000000000002
        0.166666666666667        0.166666666666667        0.312438923398428        0.312438923398427        0.000000000000001
        0.100000000000000        0.200000000000000        0.000000000000000        0.000000000000000        0.000000000000000
        0.133333333333333        0.233333333333333       -0.603585650496986       -0.603585650496985        0.000000000000001
        0.166666666666667        0.266666666666667       -0.603585650496986       -0.603585650496985        0.000000000000001
        0.100000000000000        0.300000000000000       -2.332075872770103       -2.332075872770102        0.000000000000001
        0.133333333333333        0.333333333333333       -2.019636949371676       -2.019636949371674        0.000000000000002
        0.166666666666667        0.366666666666667       -1.166037936385052       -1.166037936385051        0.000000000000001
        0.100000000000000        0.400000000000000       -3.298053327754553       -3.298053327754552        0.000000000000001
        0.133333333333333        0.433333333333333       -2.252612314374263       -2.252612314374261        0.000000000000002
        0.166666666666667        0.466666666666667       -1.045441013380291       -1.045441013380290        0.000000000000001
        0.100000000000000        0.500000000000000       -2.332075872770104       -2.332075872770104        0.000000000000000
        0.133333333333333        0.533333333333333       -1.166037936385052       -1.166037936385052        0.000000000000000
        0.166666666666667        0.566666666666667       -0.312438923398428       -0.312438923398427        0.000000000000000
        0.100000000000000        0.600000000000000       -0.000000000000001       -0.000000000000001        0.000000000000000
        0.133333333333333        0.633333333333333        0.603585650496986        0.603585650496985        0.000000000000000
        0.166666666666667        0.666666666666667        0.603585650496986        0.603585650496985        0.000000000000001
        0.100000000000000        0.700000000000000        2.332075872770103        2.332075872770102        0.000000000000001
        0.133333333333333        0.733333333333333        2.019636949371676        2.019636949371674        0.000000000000002
        0.166666666666667        0.766666666666667        1.166037936385052        1.166037936385051        0.000000000000001
        0.100000000000000        0.800000000000000        3.298053327754553        3.298053327754552        0.000000000000001
        0.133333333333333        0.833333333333333        2.252612314374263        2.252612314374261        0.000000000000002
        0.166666666666667        0.866666666666667        1.045441013380291        1.045441013380290        0.000000000000001
        0.100000000000000        0.900000000000000        2.332075872770104        2.332075872770103        0.000000000000002
        0.133333333333333        0.933333333333333        1.166037936385052        1.166037936385051        0.000000000000002
        0.166666666666667        0.966666666666667        0.312438923398428        0.312438923398427        0.000000000000001
        0.100000000000000        1.000000000000000        0.000000000000001        0.000000000000001        0.000000000000000
        0.133333333333333        1.033333333333333       -0.603585650496985       -0.603585650496984        0.000000000000001
        0.166666666666667        1.066666666666667       -0.603585650496986       -0.603585650496985        0.000000000000001
        0.200000000000000        0.000000000000000        0.000000000000000        0.000000000000000        0.000000000000000
        0.233333333333333        0.033333333333333       -1.166037936385051       -1.166037936385051        0.000000000000000
        0.266666666666667        0.066666666666667       -2.019636949371676       -2.019636949371675        0.000000000000001
        0.200000000000000        0.100000000000000        0.000000000000000        0.000000000000000        0.000000000000000
        0.233333333333333        0.133333333333333       -0.603585650496986       -0.603585650496985        0.000000000000001
        0.266666666666667        0.166666666666667       -0.603585650496986       -0.603585650496985        0.000000000000001
        0.200000000000000        0.200000000000000        0.000000000000000        0.000000000000000        0.000000000000000
        0.233333333333333        0.233333333333333        0.312438923398427        0.312438923398427        0.000000000000000
        0.266666666666667        0.266666666666667        1.166037936385051        1.166037936385051        0.000000000000001
        0.200000000000000        0.300000000000000       -0.000000000000000       -0.000000000000000        0.000000000000000
        0.233333333333333        0.333333333333333        1.045441013380290        1.045441013380290        0.000000000000001
        0.266666666666667        0.366666666666667        2.252612314374262        2.252612314374261        0.000000000000001
        0.200000000000000        0.400000000000000       -0.000000000000000       -0.000000000000000        0.000000000000000
        0.233333333333333        0.433333333333333        1.166037936385051        1.166037936385051        0.000000000000001
        0.266666666666667        0.466666666666667        2.019636949371676        2.019636949371676        0.000000000000000
        0.200000000000000        0.500000000000000       -0.000000000000000       -0.000000000000000        0.000000000000000
        0.233333333333333        0.533333333333333        0.603585650496986        0.603585650496986        0.000000000000000
        0.266666666666667        0.566666666666667        0.603585650496986        0.603585650496986        0.000000000000000
        0.200000000000000        0.600000000000000       -0.000000000000000       -0.000000000000000        0.000000000000000
        0.233333333333333        0.633333333333333       -0.312438923398427       -0.312438923398427        0.000000000000000
        0.266666666666667        0.666666666666667       -1.166037936385051       -1.166037936385051        0.000000000000000
        0.200000000000000        0.700000000000000        0.000000000000000        0.000000000000000        0.000000000000000
        0.233333333333333        0.733333333333333       -1.045441013380290       -1.045441013380290        0.000000000000000
        0.266666666666667        0.766666666666667       -2.252612314374262       -2.252612314374261        0.000000000000001
        0.200000000000000        0.800000000000000        0.000000000000000        0.000000000000000        0.000000000000000
        0.233333333333333        0.833333333333333       -1.166037936385052       -1.166037936385051        0.000000000000000
        0.266666666666667        0.866666666666667       -2.019636949371676       -2.019636949371675        0.000000000000001
        0.200000000000000        0.900000000000000        0.000000000000000        0.000000000000000        0.000000000000000
        0.233333333333333        0.933333333333333       -0.603585650496986       -0.603585650496985        0.000000000000001
        0.266666666666667        0.966666666666667       -0.603585650496986       -0.603585650496986        0.000000000000001
        0.200000000000000        1.000000000000000        0.000000000000000        0.000000000000000        0.000000000000000
        0.233333333333333        1.033333333333333        0.312438923398427        0.312438923398427        0.000000000000000
        0.266666666666667        1.066666666666667        1.166037936385051        1.166037936385050        0.000000000000001
        0.300000000000000        0.000000000000000       -3.298053327754553       -3.298053327754554        0.000000000000001
        0.333333333333333        0.033333333333333       -3.901638978251539       -3.901638978251540        0.000000000000001
        0.366666666666667        0.066666666666667       -3.901638978251539       -3.901638978251539        0.000000000000000
        0.300000000000000        0.100000000000000       -2.332075872770103       -2.332075872770102        0.000000000000001
        0.333333333333333        0.133333333333333       -2.019636949371676       -2.019636949371674        0.000000000000002
        0.366666666666667        0.166666666666667       -1.166037936385052       -1.166037936385051        0.000000000000001
        0.300000000000000        0.200000000000000       -0.000000000000000       -0.000000000000000        0.000000000000000
        0.333333333333333        0.233333333333333        1.045441013380290        1.045441013380290        0.000000000000001
        0.366666666666667        0.266666666666667        2.252612314374262        2.252612314374261        0.000000000000001
        0.300000000000000        0.300000000000000        2.332075872770103        2.332075872770102        0.000000000000001
        0.333333333333333        0.333333333333333        3.498113809155155        3.498113809155155        0.000000000000000
        0.366666666666667        0.366666666666667        4.351712822141779        4.351712822141779        0.000000000000000
        0.300000000000000        0.400000000000000        3.298053327754553        3.298053327754552        0.000000000000001
        0.333333333333333        0.433333333333333        3.901638978251539        3.901638978251539        0.000000000000000
        0.366666666666667        0.466666666666667        3.901638978251539        3.901638978251539        0.000000000000000
        0.300000000000000        0.500000000000000        2.332075872770104        2.332075872770104        0.000000000000000
        0.333333333333333        0.533333333333333        2.019636949371677        2.019636949371677        0.000000000000001
        0.366666666666667        0.566666666666667        1.166037936385052        1.166037936385053        0.000000000000000
        0.300000000000000        0.600000000000000        0.000000000000001        0.000000000000001        0.000000000000000
        0.333333333333333        0.633333333333333       -1.045441013380290       -1.045441013380290        0.000000000000000
        0.366666666666667        0.666666666666667       -2.252612314374261       -2.252612314374262        0.000000000000000
        0.300000000000000        0.700000000000000       -2.332075872770103       -2.332075872770103        0.000000000000000
        0.333333333333333        0.733333333333333       -3.498113809155155       -3.498113809155155        0.000000000000000
        0.366666666666667        0.766666666666667       -4.351712822141779       -4.351712822141779        0.000000000000000
        0.300000000000000        0.800000000000000       -3.298053327754553       -3.298053327754552        0.000000000000000
        0.333333333333333        0.833333333333333       -3.901638978251539       -3.901638978251539        0.000000000000000
        0.366666666666667        0.866666666666667       -3.901638978251539       -3.901638978251539        0.000000000000000
        0.300000000000000        0.900000000000000       -2.332075872770104       -2.332075872770103        0.000000000000001
        0.333333333333333        0.933333333333333       -2.019636949371677       -2.019636949371676        0.000000000000001
        0.366666666666667        0.966666666666667       -1.166037936385053       -1.166037936385052        0.000000000000001
        0.300000000000000        1.000000000000000       -0.000000000000001       -0.000000000000001        0.000000000000000
        0.333333333333333        1.033333333333333        1.045441013380289        1.045441013380288        0.000000000000001
        0.366666666666667        1.066666666666667        2.252612314374261        2.252612314374260        0.000000000000001
        0.400000000000000        0.000000000000000       -4.664151745540207       -4.664151745540210        0.000000000000003
        0.433333333333333        0.033333333333333       -4.351712822141780       -4.351712822141782        0.000000000000002
        0.466666666666667        0.066666666666667       -3.498113809155156       -3.498113809155156        0.000000000000001
        0.400000000000000        0.100000000000000       -3.298053327754553       -3.298053327754552        0.000000000000001
        0.433333333333333        0.133333333333333       -2.252612314374263       -2.252612314374261        0.000000000000002
        0.466666666666667        0.166666666666667       -1.045441013380291       -1.045441013380290        0.000000000000001
        0.400000000000000        0.200000000000000       -0.000000000000000       -0.000000000000000        0.000000000000000
        0.433333333333333        0.233333333333333        1.166037936385051        1.166037936385051        0.000000000000001
        0.466666666666667        0.266666666666667        2.019636949371676        2.019636949371676        0.000000000000000
        0.400000000000000        0.300000000000000        3.298053327754553        3.298053327754552        0.000000000000001
        0.433333333333333        0.333333333333333        3.901638978251539        3.901638978251539        0.000000000000000
        0.466666666666667        0.366666666666667        3.901638978251539        3.901638978251539        0.000000000000000
        0.400000000000000        0.400000000000000        4.664151745540207        4.664151745540207        0.000000000000000
        0.433333333333333        0.433333333333333        4.351712822141780        4.351712822141780        0.000000000000000
        0.466666666666667        0.466666666666667        3.498113809155156        3.498113809155157        0.000000000000001
        0.400000000000000        0.500000000000000        3.298053327754553        3.298053327754554        0.000000000000001
        0.433333333333333        0.533333333333333        2.252612314374263        2.252612314374264        0.000000000000001
        0.466666666666667        0.566666666666667        1.045441013380291        1.045441013380292        0.000000000000001
        0.400000000000000        0.600000000000000        0.000000000000001        0.000000000000001        0.000000000000000
        0.433333333333333        0.633333333333333       -1.166037936385051       -1.166037936385051        0.000000000000001
        0.466666666666667        0.666666666666667       -2.019636949371676       -2.019636949371676        0.000000000000001
        0.400000000000000        0.700000000000000       -3.298053327754552       -3.298053327754552        0.000000000000000
        0.433333333333333        0.733333333333333       -3.901638978251538       -3.901638978251539        0.000000000000000
        0.466666666666667        0.766666666666667       -3.901638978251539       -3.901638978251540        0.000000000000001
        0.400000000000000        0.800000000000000       -4.664151745540207       -4.664151745540207        0.000000000000000
        0.433333333333333        0.833333333333333       -4.351712822141780       -4.351712822141781        0.000000000000000
        0.466666666666667        0.866666666666667       -3.498113809155156       -3.498113809155156        0.000000000000000
        0.400000000000000        0.900000000000000       -3.298053327754554       -3.298053327754553        0.000000000000001
        0.433333333333333        0.933333333333333       -2.252612314374264       -2.252612314374262        0.000000000000001
        0.466666666666667        0.966666666666667       -1.045441013380292       -1.045441013380291        0.000000000000001
        0.400000000000000        1.000000000000000       -0.000000000000001       -0.000000000000001        0.000000000000000
        0.433333333333333        1.033333333333333        1.166037936385050        1.166037936385050        0.000000000000001
        0.466666666666667        1.066666666666667        2.019636949371675        2.019636949371674        0.000000000000001
        0.500000000000000        0.000000000000000       -3.298053327754553       -3.298053327754556        0.000000000000003
        0.533333333333333        0.033333333333333       -2.252612314374263       -2.252612314374265        0.000000000000002
        0.566666666666667        0.066666666666667       -1.045441013380291       -1.045441013380292        0.000000000000000
        0.500000000000000        0.100000000000000       -2.332075872770104       -2.332075872770104        0.000000000000000
        0.533333333333333        0.133333333333333       -1.166037936385052       -1.166037936385052        0.000000000000000
        0.566666666666667        0.166666666666667       -0.312438923398428       -0.312438923398427        0.000000000000000
        0.500000000000000        0.200000000000000       -0.000000000000000       -0.000000000000000        0.000000000000000
        0.533333333333333        0.233333333333333        0.603585650496986        0.603585650496986        0.000000000000000
        0.566666666666667        0.266666666666667        0.603585650496986        0.603585650496986        0.000000000000000
        0.500000000000000        0.300000000000000        2.332075872770104        2.332075872770104        0.000000000000000
        0.533333333333333        0.333333333333333        2.019636949371677        2.019636949371677        0.000000000000001
        0.566666666666667        0.366666666666667        1.166037936385052        1.166037936385053        0.000000000000000
        0.500000000000000        0.400000000000000        3.298053327754553        3.298053327754554        0.000000000000001
        0.533333333333333        0.433333333333333        2.252612314374263        2.252612314374264        0.000000000000001
        0.566666666666667        0.466666666666667        1.045441013380291        1.045441013380292        0.000000000000001
        0.500000000000000        0.500000000000000        2.332075872770104        2.332075872770105        0.000000000000001
        0.533333333333333        0.533333333333333        1.166037936385052        1.166037936385053        0.000000000000001
        0.566666666666667        0.566666666666667        0.312438923398428        0.312438923398428        0.000000000000000
        0.500000000000000        0.600000000000000        0.000000000000001        0.000000000000001        0.000000000000000
        0.533333333333333        0.633333333333333       -0.603585650496986       -0.603585650496986        0.000000000000000
        0.566666666666667        0.666666666666667       -0.603585650496986       -0.603585650496986        0.000000000000000
        0.500000000000000        0.700000000000000       -2.332075872770103       -2.332075872770104        0.000000000000001
        0.533333333333333        0.733333333333333       -2.019636949371676       -2.019636949371677        0.000000000000001
        0.566666666666667        0.766666666666667       -1.166037936385052       -1.166037936385053        0.000000000000001
        0.500000000000000        0.800000000000000       -3.298053327754553       -3.298053327754555        0.000000000000001
        0.533333333333333        0.833333333333333       -2.252612314374263       -2.252612314374264        0.000000000000001
        0.566666666666667        0.866666666666667       -1.045441013380291       -1.045441013380292        0.000000000000000
        0.500000000000000        0.900000000000000       -2.332075872770105       -2.332075872770105        0.000000000000000
        0.533333333333333        0.933333333333333       -1.166037936385053       -1.166037936385052        0.000000000000000
        0.566666666666667        0.966666666666667       -0.312438923398428       -0.312438923398428        0.000000000000000
        0.500000000000000        1.000000000000000       -0.000000000000001       -0.000000000000001        0.000000000000000
        0.533333333333333        1.033333333333333        0.603585650496985        0.603585650496985        0.000000000000000
        0.566666666666667        1.066666666666667        0.603585650496986        0.603585650496986        0.000000000000000
        0.600000000000000        0.000000000000000       -0.000000000000001       -0.000000000000001        0.000000000000000
        0.633333333333333        0.033333333333333        1.166037936385051        1.166037936385052        0.000000000000001
        0.666666666666667        0.066666666666667        2.019636949371675        2.019636949371676        0.000000000000001
        0.600000000000000        0.100000000000000       -0.000000000000001       -0.000000000000001        0.000000000000000
        0.633333333333333        0.133333333333333        0.603585650496986        0.603585650496985        0.000000000000000
        0.666666666666667        0.166666666666667        0.603585650496986        0.603585650496985        0.000000000000001
        0.600000000000000        0.200000000000000       -0.000000000000000       -0.000000000000000        0.000000000000000
        0.633333333333333        0.233333333333333       -0.312438923398427       -0.312438923398427        0.000000000000000
        0.666666666666667        0.266666666666667       -1.166037936385051       -1.166037936385051        0.000000000000000
        0.600000000000000        0.300000000000000        0.000000000000001        0.000000000000001        0.000000000000000
        0.633333333333333        0.333333333333333       -1.045441013380290       -1.045441013380290        0.000000000000000
        0.666666666666667        0.366666666666667       -2.252612314374261       -2.252612314374262        0.000000000000000
        0.600000000000000        0.400000000000000        0.000000000000001        0.000000000000001        0.000000000000000
        0.633333333333333        0.433333333333333       -1.166037936385051       -1.166037936385051        0.000000000000001
        0.666666666666667        0.466666666666667       -2.019636949371676       -2.019636949371676        0.000000000000001
        0.600000000000000        0.500000000000000        0.000000000000001        0.000000000000001        0.000000000000000
        0.633333333333333        0.533333333333333       -0.603585650496986       -0.603585650496986        0.000000000000000
        0.666666666666667        0.566666666666667       -0.603585650496986       -0.603585650496986        0.000000000000000
        0.600000000000000        0.600000000000000        0.000000000000000        0.000000000000000        0.000000000000000
        0.633333333333333        0.633333333333333        0.312438923398427        0.312438923398427        0.000000000000000
        0.666666666666667        0.666666666666667        1.166037936385051        1.166037936385051        0.000000000000001
        0.600000000000000        0.700000000000000       -0.000000000000001       -0.000000000000001        0.000000000000000
        0.633333333333333        0.733333333333333        1.045441013380290        1.045441013380290        0.000000000000001
        0.666666666666667        0.766666666666667        2.252612314374261        2.252612314374262        0.000000000000001
        0.600000000000000        0.800000000000000       -0.000000000000001       -0.000000000000001        0.000000000000000
        0.633333333333333        0.833333333333333        1.166037936385051        1.166037936385052        0.000000000000001
        0.666666666666667        0.866666666666667        2.019636949371676        2.019636949371676        0.000000000000000
        0.600000000000000        0.900000000000000       -0.000000000000001       -0.000000000000001        0.000000000000000
        0.633333333333333        0.933333333333333        0.603585650496986        0.603585650496986        0.000000000000000
        0.666666666666667        0.966666666666667        0.603585650496986        0.603585650496986        0.000000000000000
        0.600000000000000        1.000000000000000       -0.000000000000000       -0.000000000000000        0.000000000000000
        0.633333333333333        1.033333333333333       -0.312438923398427       -0.312438923398427        0.000000000000000
        0.666666666666667        1.066666666666667       -1.166037936385051       -1.166037936385050        0.000000000000000
        0.700000000000000        0.000000000000000        3.298053327754552        3.298053327754554        0.000000000000002
        0.733333333333333        0.033333333333333        3.901638978251538        3.901638978251540        0.000000000000002
        0.766666666666667        0.066666666666667        3.901638978251539        3.901638978251539        0.000000000000001
        0.700000000000000        0.100000000000000        2.332075872770103        2.332075872770102        0.000000000000001
        0.733333333333333        0.133333333333333        2.019636949371676        2.019636949371674        0.000000000000002
        0.766666666666667        0.166666666666667        1.166037936385052        1.166037936385051        0.000000000000001
        0.700000000000000        0.200000000000000        0.000000000000000        0.000000000000000        0.000000000000000
        0.733333333333333        0.233333333333333       -1.045441013380290       -1.045441013380290        0.000000000000000
        0.766666666666667        0.266666666666667       -2.252612314374262       -2.252612314374261        0.000000000000001
        0.700000000000000        0.300000000000000       -2.332075872770103       -2.332075872770103        0.000000000000000
        0.733333333333333        0.333333333333333       -3.498113809155155       -3.498113809155155        0.000000000000000
        0.766666666666667        0.366666666666667       -4.351712822141779       -4.351712822141779        0.000000000000000
        0.700000000000000        0.400000000000000       -3.298053327754552       -3.298053327754552        0.000000000000000
        0.733333333333333        0.433333333333333       -3.901638978251538       -3.901638978251539        0.000000000000000
        0.766666666666667        0.466666666666667       -3.901638978251539       -3.901638978251540        0.000000000000001
        0.700000000000000        0.500000000000000       -2.332075872770103       -2.332075872770104        0.000000000000001
        0.733333333333333        0.533333333333333       -2.019636949371676       -2.019636949371677        0.000000000000001
        0.766666666666667        0.566666666666667       -1.166037936385052       -1.166037936385053        0.000000000000001
        0.700000000000000        0.600000000000000       -0.000000000000001       -0.000000000000001        0.000000000000000
        0.733333333333333        0.633333333333333        1.045441013380290        1.045441013380290        0.000000000000001
        0.766666666666667        0.666666666666667        2.252612314374261        2.252612314374262        0.000000000000001
        0.700000000000000        0.700000000000000        2.332075872770103        2.332075872770103        0.000000000000000
        0.733333333333333        0.733333333333333        3.498113809155154        3.498113809155155        0.000000000000000
        0.766666666666667        0.766666666666667        4.351712822141779        4.351712822141780        0.000000000000001
        0.700000000000000        0.800000000000000        3.298053327754552        3.298053327754553        0.000000000000001
        0.733333333333333        0.833333333333333        3.901638978251539        3.901638978251539        0.000000000000001
        0.766666666666667        0.866666666666667        3.901638978251539        3.901638978251539        0.000000000000000
        0.700000000000000        0.900000000000000        2.332075872770104        2.332075872770103        0.000000000000000
        0.733333333333333        0.933333333333333        2.019636949371677        2.019636949371676        0.000000000000001
        0.766666666666667        0.966666666666667        1.166037936385053        1.166037936385052        0.000000000000001
        0.700000000000000        1.000000000000000        0.000000000000001        0.000000000000001        0.000000000000000
        0.733333333333333        1.033333333333333       -1.045441013380289       -1.045441013380288        0.000000000000001
        0.766666666666667        1.066666666666667       -2.252612314374261       -2.252612314374260        0.000000000000001
        0.800000000000000        0.000000000000000        4.664151745540207        4.664151745540210        0.000000000000003
        0.833333333333333        0.033333333333333        4.351712822141780        4.351712822141782        0.000000000000002
        0.866666666666667        0.066666666666667        3.498113809155156        3.498113809155156        0.000000000000000
        0.800000000000000        0.100000000000000        3.298053327754553        3.298053327754552        0.000000000000001
        0.833333333333333        0.133333333333333        2.252612314374263        2.252612314374261        0.000000000000002
        0.866666666666667        0.166666666666667        1.045441013380291        1.045441013380290        0.000000000000001
        0.800000000000000        0.200000000000000        0.000000000000000        0.000000000000000        0.000000000000000
        0.833333333333333        0.233333333333333       -1.166037936385052       -1.166037936385051        0.000000000000000
        0.866666666666667        0.266666666666667       -2.019636949371676       -2.019636949371675        0.000000000000001
        0.800000000000000        0.300000000000000       -3.298053327754553       -3.298053327754552        0.000000000000000
        0.833333333333333        0.333333333333333       -3.901638978251539       -3.901638978251539        0.000000000000000
        0.866666666666667        0.366666666666667       -3.901638978251539       -3.901638978251539        0.000000000000000
        0.800000000000000        0.400000000000000       -4.664151745540207       -4.664151745540207        0.000000000000000
        0.833333333333333        0.433333333333333       -4.351712822141780       -4.351712822141781        0.000000000000000
        0.866666666666667        0.466666666666667       -3.498113809155156       -3.498113809155156        0.000000000000000
        0.800000000000000        0.500000000000000       -3.298053327754553       -3.298053327754555        0.000000000000001
        0.833333333333333        0.533333333333333       -2.252612314374263       -2.252612314374264        0.000000000000001
        0.866666666666667        0.566666666666667       -1.045441013380291       -1.045441013380292        0.000000000000000
        0.800000000000000        0.600000000000000       -0.000000000000001       -0.000000000000001        0.000000000000000
        0.833333333333333        0.633333333333333        1.166037936385051        1.166037936385052        0.000000000000001
        0.866666666666667        0.666666666666667        2.019636949371676        2.019636949371676        0.000000000000000
        0.800000000000000        0.700000000000000        3.298053327754552        3.298053327754553        0.000000000000001
        0.833333333333333        0.733333333333333        3.901638978251539        3.901638978251539        0.000000000000001
        0.866666666666667        0.766666666666667        3.901638978251539        3.901638978251539        0.000000000000000
        0.800000000000000        0.800000000000000        4.664151745540207        4.664151745540208        0.000000000000001
        0.833333333333333        0.833333333333333        4.351712822141780        4.351712822141781        0.000000000000001
        0.866666666666667        0.866666666666667        3.498113809155156        3.498113809155156        0.000000000000000
        0.800000000000000        0.900000000000000        3.298053327754554        3.298053327754553        0.000000000000000
        0.833333333333333        0.933333333333333        2.252612314374264        2.252612314374263        0.000000000000001
        0.866666666666667        0.966666666666667        1.045441013380292        1.045441013380291        0.000000000000001
        0.800000000000000        1.000000000000000        0.000000000000001        0.000000000000001        0.000000000000000
        0.833333333333333        1.033333333333333       -1.166037936385050       -1.166037936385050        0.000000000000001
        0.866666666666667        1.066666666666667       -2.019636949371675       -2.019636949371674        0.000000000000001
        0.900000000000000        0.000000000000000        3.298053327754554        3.298053327754555        0.000000000000001
        0.933333333333333        0.033333333333333        2.252612314374263        2.252612314374263        0.000000000000000
        0.966666666666667        0.066666666666667        1.045441013380292        1.045441013380291        0.000000000000001
        0.900000000000000        0.100000000000000        2.332075872770104        2.332075872770103        0.000000000000002
        0.933333333333333        0.133333333333333        1.166037936385052        1.166037936385051        0.000000000000002
        0.966666666666667        0.166666666666667        0.312438923398428        0.312438923398427        0.000000000000001
        0.900000000000000        0.200000000000000        0.000000000000000        0.000000000000000        0.000000000000000
        0.933333333333333        0.233333333333333       -0.603585650496986       -0.603585650496985        0.000000000000001
        0.966666666666667        0.266666666666667       -0.603585650496986       -0.603585650496986        0.000000000000001
        0.900000000000000        0.300000000000000       -2.332075872770104       -2.332075872770103        0.000000000000001
        0.933333333333333        0.333333333333333       -2.019636949371677       -2.019636949371676        0.000000000000001
        0.966666666666667        0.366666666666667       -1.166037936385053       -1.166037936385052        0.000000000000001
        0.900000000000000        0.400000000000000       -3.298053327754554       -3.298053327754553        0.000000000000001
        0.933333333333333        0.433333333333333       -2.252612314374264       -2.252612314374262        0.000000000000001
        0.966666666666667        0.466666666666667       -1.045441013380292       -1.045441013380291        0.000000000000001
        0.900000000000000        0.500000000000000       -2.332075872770105       -2.332075872770105        0.000000000000000
        0.933333333333333        0.533333333333333       -1.166037936385053       -1.166037936385052        0.000000000000000
        0.966666666666667        0.566666666666667       -0.312438923398428       -0.312438923398428        0.000000000000000
        0.900000000000000        0.600000000000000       -0.000000000000001       -0.000000000000001        0.000000000000000
        0.933333333333333        0.633333333333333        0.603585650496986        0.603585650496986        0.000000000000000
        0.966666666666667        0.666666666666667        0.603585650496986        0.603585650496986        0.000000000000000
        0.900000000000000        0.700000000000000        2.332075872770104        2.332075872770103        0.000000000000000
        0.933333333333333        0.733333333333333        2.019636949371677        2.019636949371676        0.000000000000001
        0.966666666666667        0.766666666666667        1.166037936385053        1.166037936385052        0.000000000000001
        0.900000000000000        0.800000000000000        3.298053327754554        3.298053327754553        0.000000000000000
        0.933333333333333        0.833333333333333        2.252612314374264        2.252612314374263        0.000000000000001
        0.966666666666667        0.866666666666667        1.045441013380292        1.045441013380291        0.000000000000001
        0.900000000000000        0.900000000000000        2.332075872770105        2.332075872770104        0.000000000000001
        0.933333333333333        0.933333333333333        1.166037936385053        1.166037936385052        0.000000000000001
        0.966666666666667        0.966666666666667        0.312438923398428        0.312438923398428        0.000000000000000
        0.900000000000000        1.000000000000000        0.000000000000001        0.000000000000001        0.000000000000000
        0.933333333333333        1.033333333333333       -0.603585650496985       -0.603585650496985        0.000000000000001
        0.966666666666667        1.066666666666667       -0.603585650496986       -0.603585650496985        0.000000000000001
        1.000000000000000        0.000000000000000        0.000000000000001        0.000000000000001        0.000000000000000
        1.033333333333333        0.033333333333333       -1.166037936385050       -1.166037936385050        0.000000000000000
        1.066666666666667        0.066666666666667       -2.019636949371675       -2.019636949371674        0.000000000000001
        1.000000000000000        0.100000000000000        0.000000000000001        0.000000000000001        0.000000000000000
        1.033333333333333        0.133333333333333       -0.603585650496985       -0.603585650496984        0.000000000000001
        1.066666666666667        0.166666666666667       -0.603585650496986       -0.603585650496985        0.000000000000001
        1.000000000000000        0.200000000000000        0.000000000000000        0.000000000000000        0.000000000000000
        1.033333333333333        0.233333333333333        0.312438923398427        0.312438923398427        0.000000000000000
        1.066666666666667        0.266666666666667        1.166037936385051        1.166037936385050        0.000000000000001
        1.000000000000000        0.300000000000000       -0.000000000000001       -0.000000000000001        0.000000000000000
        1.033333333333333        0.333333333333333        1.045441013380289        1.045441013380288        0.000000000000001
        1.066666666666667        0.366666666666667        2.252612314374261        2.252612314374260        0.000000000000001
        1.000000000000000        0.400000000000000       -0.000000000000001       -0.000000000000001        0.000000000000000
        1.033333333333333        0.433333333333333        1.166037936385050        1.166037936385050        0.000000000000001
        1.066666666666667        0.466666666666667        2.019636949371675        2.019636949371674        0.000000000000001
        1.000000000000000        0.500000000000000       -0.000000000000001       -0.000000000000001        0.000000000000000
        1.033333333333333        0.533333333333333        0.603585650496985        0.603585650496985        0.000000000000000
        1.066666666666667        0.566666666666667        0.603585650496986        0.603585650496986        0.000000000000000
        1.000000000000000        0.600000000000000       -0.000000000000000       -0.000000000000000        0.000000000000000
        1.033333333333333        0.633333333333333       -0.312438923398427       -0.312438923398427        0.000000000000000
        1.066666666666667        0.666666666666667       -1.166037936385051       -1.166037936385050        0.000000000000000
        1.000000000000000        0.700000000000000        0.000000000000001        0.000000000000001        0.000000000000000
        1.033333333333333        0.733333333333333       -1.045441013380289       -1.045441013380288        0.000000000000001
        1.066666666666667        0.766666666666667       -2.252612314374261       -2.252612314374260        0.000000000000001
        1.000000000000000        0.800000000000000        0.000000000000001        0.000000000000001        0.000000000000000
        1.033333333333333        0.833333333333333       -1.166037936385050       -1.166037936385050        0.000000000000001
        1.066666666666667        0.866666666666667       -2.019636949371675       -2.019636949371674        0.000000000000001
        1.000000000000000        0.900000000000000        0.000000000000001        0.000000000000001        0.000000000000000
        1.033333333333333        0.933333333333333       -0.603585650496985       -0.603585650496985        0.000000000000001
        1.066666666666667        0.966666666666667       -0.603585650496986       -0.603585650496985        0.000000000000001
        1.000000000000000        1.000000000000000        0.000000000000000        0.000000000000000        0.000000000000000
        1.033333333333333        1.033333333333333        0.312438923398427        0.312438923398426        0.000000000000000
        1.066666666666667        1.066666666666667        1.166037936385050        1.166037936385049        0.000000000000001
