        0.000000000000000        0.000000000000000        4.406830654786039        4.406830654786044        0.000000000000005
        0.033333333333333        0.033333333333333        4.111628976003381        4.111628976003384        0.000000000000003
        0.066666666666667        0.066666666666667        3.305122991089530        3.305122991089530        0.000000000000000
        0.000000000000000        0.100000000000000        3.116099839539962        3.116099839539963        0.000000000000001
        0.033333333333333        0.133333333333333        2.128335770770101        2.128335770770100        0.000000000000001
        0.066666666666667        0.166666666666667        0.987764068769862        0.987764068769861        0.000000000000001
        0.000000000000000        0.200000000000000        0.000000000000000        0.000000000000000        0.000000000000000
        0.033333333333333        0.233333333333333       -1.101707663696510       -1.101707663696510        0.000000000000000
        0.066666666666667        0.266666666666667       -1.908213648610361       -1.908213648610360        0.000000000000000
        0.000000000000000        0.300000000000000       -3.116099839539962       -3.116099839539963        0.000000000000001
        0.033333333333333        0.333333333333333       -3.686385690540081       -3.686385690540083        0.000000000000001
        0.066666666666667        0.366666666666667       -3.686385690540081       -3.686385690540082        0.000000000000000
        0.000000000000000        0.400000000000000       -4.406830654786039       -4.406830654786042        0.000000000000002
        0.033333333333333        0.433333333333333       -4.111628976003381       -4.111628976003383        0.000000000000002
        0.066666666666667        0.466666666666667       -3.305122991089530       -3.305122991089530        0.000000000000001
        0.000000000000000        0.500000000000000       -3.116099839539962       -3.116099839539965        0.000000000000003
        0.033333333333333        0.533333333333333       -2.128335770770101       -2.128335770770103        0.000000000000002
        0.066666666666667        0.566666666666667       -0.987764068769862       -0.987764068769863        0.000000000000000
        0.000000000000000        0.600000000000000       -0.000000000000001       -0.000000000000001        0.000000000000000
        0.033333333333333        0.633333333333333        1.101707663696509        1.101707663696510        0.000000000000001
        0.066666666666667        0.666666666666667        1.908213648610360        1.908213648610361        0.000000000000001
        0.000000000000000        0.700000000000000        3.116099839539961        3.116099839539963        0.000000000000002
        0.033333333333333        0.733333333333333        3.686385690540081        3.686385690540083        0.000000000000002
        0.066666666666667        0.766666666666667        3.686385690540081        3.686385690540082        0.000000000000001
        0.000000000000000        0.800000000000000        4.406830654786039        4.406830654786042        0.000000000000003
        0.033333333333333        0.833333333333333        4.111628976003381        4.111628976003383        0.000000000000002
        0.066666666666667        0.866666666666667        3.305122991089530        3.305122991089530        0.000000000000000
        0.000000000000000        0.900000000000000        3.116099839539963        3.116099839539964        0.000000000000001
        0.033333333333333        0.933333333333333        2.128335770770102        2.128335770770101        0.000000000000000
        0.066666666666667        0.966666666666667        0.987764068769863        0.987764068769862        0.000000000000001
        0.000000000000000        1.000000000000000        0.000000000000001        0.000000000000001        0.000000000000000
        0.033333333333333        1.033333333333333       -1.101707663696509       -1.101707663696508        0.000000000000000
        0.066666666666667        1.066666666666667       -1.908213648610360       -1.908213648610359        0.000000000000001
        0.100000000000000        0.000000000000000        3.116099839539962        3.116099839539963        0.000000000000001
        0.133333333333333        0.033333333333333        2.128335770770101        2.128335770770100        0.000000000000001
        0.166666666666667        0.066666666666667        0.987764068769862        0.987764068769861        0.000000000000001
        0.100000000000000        0.100000000000000        2.203415327393020        2.203415327393018        0.000000000000002
        0.133333333333333        0.133333333333333        1.101707663696510        1.101707663696508        0.000000000000002
        0.166666666666667        0.166666666666667        0.295201678782659        0.295201678782658        0.000000000000001
        0.100000000000000        0.200000000000000        0.000000000000000        0.000000000000000        0.000000000000000
        0.133333333333333        0.233333333333333       -0.570285851000119       -0.570285851000119        0.000000000000001
        0.166666666666667        0.266666666666667       -0.570285851000120       -0.570285851000119        0.000000000000001
        0.100000000000000        0.300000000000000       -2.203415327393020       -2.203415327393018        0.000000000000001
        0.133333333333333        0.333333333333333       -1.908213648610361       -1.908213648610359        0.000000000000002
        0.166666666666667        0.366666666666667       -1.101707663696510       -1.101707663696509        0.000000000000001
        0.100000000000000        0.400000000000000       -3.116099839539962       -3.116099839539961        0.000000000000001
        0.133333333333333        0.433333333333333       -2.128335770770101       -2.128335770770099        0.000000000000002
        0.166666666666667        0.466666666666667       -0.987764068769862       -0.987764068769861        0.000000000000001
        0.100000000000000        0.500000000000000       -2.203415327393020       -2.203415327393020        0.000000000000000
        0.133333333333333        0.533333333333333       -1.101707663696510       -1.101707663696510        0.000000000000000
        0.166666666666667        0.566666666666667       -0.295201678782659       -0.295201678782659        0.000000000000000
        0.100000000000000        0.600000000000000       -0.000000000000001       -0.000000000000000        0.000000000000000
        0.133333333333333        0.633333333333333        0.570285851000119        0.570285851000119        0.000000000000000
        0.166666666666667        0.666666666666667        0.570285851000119        0.570285851000119        0.000000000000000
        0.100000000000000        0.700000000000000        2.203415327393019        2.203415327393019        0.000000000000001
        0.133333333333333        0.733333333333333        1.908213648610361        1.908213648610359        0.000000000000001
        0.166666666666667        0.766666666666667        1.101707663696510        1.101707663696509        0.000000000000001
        0.100000000000000        0.800000000000000        3.116099839539962        3.116099839539961        0.000000000000001
        0.133333333333333        0.833333333333333        2.128335770770101        2.128335770770099        0.000000000000001
        0.166666666666667        0.866666666666667        0.987764068769862        0.987764068769861        0.000000000000001
        0.100000000000000        0.900000000000000        2.203415327393020        2.203415327393019        0.000000000000001
        0.133333333333333        0.933333333333333        1.101707663696510        1.101707663696509        0.000000000000001
        0.166666666666667        0.966666666666667        0.295201678782659        0.295201678782659        0.000000000000001
        0.100000000000000        1.000000000000000        0.000000000000001        0.000000000000001        0.000000000000000
        0.133333333333333        1.033333333333333       -0.570285851000119       -0.570285851000118        0.000000000000001
        0.166666666666667        1.066666666666667       -0.570285851000119       -0.570285851000118        0.000000000000001
        0.200000000000000        0.000000000000000        0.000000000000000        0.000000000000000        0.000000000000000
        0.233333333333333        0.033333333333333       -1.101707663696510       -1.101707663696510        0.000000000000000
        0.266666666666667        0.066666666666667       -1.908213648610361       -1.908213648610360        0.000000000000000
        0.200000000000000        0.100000000000000        0.000000000000000        0.000000000000000        0.000000000000000
        0.233333333333333        0.133333333333333       -0.570285851000119       -0.570285851000119        0.000000000000001
        0.266666666666667        0.166666666666667       -0.570285851000120       -0.570285851000119        0.000000000000001
        0.200000000000000        0.200000000000000        0.000000000000000       -0.000000000000000        0.000000000000000
        0.233333333333333        0.233333333333333        0.295201678782659        0.295201678782658        0.000000000000000
        0.266666666666667        0.266666666666667        1.101707663696510        1.101707663696509        0.000000000000001
        0.200000000000000        0.300000000000000       -0.000000000000000       -0.000000000000000        0.000000000000000
        0.233333333333333        0.333333333333333        0.987764068769861        0.987764068769861        0.000000000000000
        0.266666666666667        0.366666666666667        2.128335770770100        2.128335770770099        0.000000000000001
        0.200000000000000        0.400000000000000       -0.000000000000000       -0.000000000000000        0.000000000000000
        0.233333333333333        0.433333333333333        1.101707663696510        1.101707663696509        0.000000000000000
        0.266666666666667        0.466666666666667        1.908213648610361        1.908213648610360        0.000000000000000
        0.200000000000000        0.500000000000000       -0.000000000000000       -0.000000000000000        0.000000000000000
        0.233333333333333        0.533333333333333        0.570285851000120        0.570285851000119        0.000000000000000
        0.266666666666667        0.566666666666667        0.570285851000120        0.570285851000120        0.000000000000000
        0.200000000000000        0.600000000000000       -0.000000000000000       -0.000000000000000        0.000000000000000
        0.233333333333333        0.633333333333333       -0.295201678782658       -0.295201678782658        0.000000000000000
        0.266666666666667        0.666666666666667       -1.101707663696509       -1.101707663696509        0.000000000000000
        0.200000000000000        0.700000000000000        0.000000000000000        0.000000000000000        0.000000000000000
        0.233333333333333        0.733333333333333       -0.987764068769861       -0.987764068769861        0.000000000000000
        0.266666666666667        0.766666666666667       -2.128335770770100       -2.128335770770100        0.000000000000001
        0.200000000000000        0.800000000000000        0.000000000000000        0.000000000000000        0.000000000000000
        0.233333333333333        0.833333333333333       -1.101707663696510       -1.101707663696509        0.000000000000000
        0.266666666666667        0.866666666666667       -1.908213648610361       -1.908213648610360        0.000000000000001
        0.200000000000000        0.900000000000000        0.000000000000000        0.000000000000000        0.000000000000000
        0.233333333333333        0.933333333333333       -0.570285851000120       -0.570285851000119        0.000000000000001
        0.266666666666667        0.966666666666667       -0.570285851000120       -0.570285851000119        0.000000000000001
        0.200000000000000        1.000000000000000        0.000000000000000        0.000000000000000        0.000000000000000
        0.233333333333333        1.033333333333333        0.295201678782658        0.295201678782658        0.000000000000000
        0.266666666666667        1.066666666666667        1.101707663696509        1.101707663696508        0.000000000000001
        0.300000000000000        0.000000000000000       -3.116099839539962       -3.116099839539963        0.000000000000001
        0.333333333333333        0.033333333333333       -3.686385690540081       -3.686385690540083        0.000000000000001
        0.366666666666667        0.066666666666667       -3.686385690540081       -3.686385690540082        0.000000000000000
        0.300000000000000        0.100000000000000       -2.203415327393020       -2.203415327393018        0.000000000000001
        0.333333333333333        0.133333333333333       -1.908213648610361       -1.908213648610359        0.000000000000002
        0.366666666666667        0.166666666666667       -1.101707663696510       -1.101707663696509        0.000000000000001
        0.300000000000000        0.200000000000000       -0.000000000000000       -0.000000000000000        0.000000000000000
        0.333333333333333        0.233333333333333        0.987764068769861        0.987764068769861        0.000000000000000
        0.366666666666667        0.266666666666667        2.128335770770100        2.128335770770099        0.000000000000001
        0.300000000000000        0.300000000000000        2.203415327393019        2.203415327393019        0.000000000000001
        0.333333333333333        0.333333333333333        3.305122991089529        3.305122991089529        0.000000000000000
        0.366666666666667        0.366666666666667        4.111628976003380        4.111628976003380        0.000000000000000
        0.300000000000000        0.400000000000000        3.116099839539962        3.116099839539961        0.000000000000001
        0.333333333333333        0.433333333333333        3.686385690540081        3.686385690540081        0.000000000000000
        0.366666666666667        0.466666666666667        3.686385690540082        3.686385690540082        0.000000000000000
        0.300000000000000        0.500000000000000        2.203415327393020        2.203415327393020        0.000000000000000
        0.333333333333333        0.533333333333333        1.908213648610361        1.908213648610362        0.000000000000001
        0.366666666666667        0.566666666666667        1.101707663696511        1.101707663696511        0.000000000000000
        0.300000000000000        0.600000000000000        0.000000000000001        0.000000000000000        0.000000000000000
        0.333333333333333        0.633333333333333       -0.987764068769861       -0.987764068769861        0.000000000000000
        0.366666666666667        0.666666666666667       -2.128335770770100       -2.128335770770100        0.000000000000000
        0.300000000000000        0.700000000000000       -2.203415327393019       -2.203415327393019        0.000000000000000
        0.333333333333333        0.733333333333333       -3.305122991089529       -3.305122991089529        0.000000000000000
        0.366666666666667        0.766666666666667       -4.111628976003380       -4.111628976003381        0.000000000000000
        0.300000000000000        0.800000000000000       -3.116099839539962       -3.116099839539962        0.000000000000000
        0.333333333333333        0.833333333333333       -3.686385690540082       -3.686385690540082        0.000000000000000
        0.366666666666667        0.866666666666667       -3.686385690540082       -3.686385690540082        0.000000000000000
        0.300000000000000        0.900000000000000       -2.203415327393020       -2.203415327393019        0.000000000000001
        0.333333333333333        0.933333333333333       -1.908213648610362       -1.908213648610361        0.000000000000001
        0.366666666666667        0.966666666666667       -1.101707663696511       -1.101707663696510        0.000000000000001
        0.300000000000000        1.000000000000000       -0.000000000000001       -0.000000000000001        0.000000000000000
        0.333333333333333        1.033333333333333        0.987764068769860        0.987764068769859        0.000000000000001
        0.366666666666667        1.066666666666667        2.128335770770099        2.128335770770098        0.000000000000001
        0.400000000000000        0.000000000000000       -4.406830654786039       -4.406830654786042        0.000000000000002
        0.433333333333333        0.033333333333333       -4.111628976003381       -4.111628976003383        0.000000000000002
        0.466666666666667        0.066666666666667       -3.305122991089530       -3.305122991089530        0.000000000000001
        0.400000000000000        0.100000000000000       -3.116099839539962       -3.116099839539961        0.000000000000001
        0.433333333333333        0.133333333333333       -2.128335770770101       -2.128335770770099        0.000000000000002
        0.466666666666667        0.166666666666667       -0.987764068769862       -0.987764068769861        0.000000000000001
        0.400000000000000        0.200000000000000       -0.000000000000000       -0.000000000000000        0.000000000000000
        0.433333333333333        0.233333333333333        1.101707663696510        1.101707663696509        0.000000000000000
        0.466666666666667        0.266666666666667        1.908213648610361        1.908213648610360        0.000000000000000
        0.400000000000000        0.300000000000000        3.116099839539962        3.116099839539961        0.000000000000001
        0.433333333333333        0.333333333333333        3.686385690540081        3.686385690540081        0.000000000000000
        0.466666666666667        0.366666666666667        3.686385690540082        3.686385690540082        0.000000000000000
        0.400000000000000        0.400000000000000        4.406830654786039        4.406830654786039        0.000000000000000
        0.433333333333333        0.433333333333333        4.111628976003381        4.111628976003381        0.000000000000000
        0.466666666666667        0.466666666666667        3.305122991089530        3.305122991089531        0.000000000000001
        0.400000000000000        0.500000000000000        3.116099839539962        3.116099839539963        0.000000000000001
        0.433333333333333        0.533333333333333        2.128335770770101        2.128335770770102        0.000000000000001
        0.466666666666667        0.566666666666667        0.987764068769862        0.987764068769863        0.000000000000000
        0.400000000000000        0.600000000000000        0.000000000000001        0.000000000000001        0.000000000000000
        0.433333333333333        0.633333333333333       -1.101707663696509       -1.101707663696510        0.000000000000000
        0.466666666666667        0.666666666666667       -1.908213648610360       -1.908213648610361        0.000000000000001
        0.400000000000000        0.700000000000000       -3.116099839539961       -3.116099839539962        0.000000000000000
        0.433333333333333        0.733333333333333       -3.686385690540081       -3.686385690540081        0.000000000000000
        0.466666666666667        0.766666666666667       -3.686385690540082       -3.686385690540082        0.000000000000001
        0.400000000000000        0.800000000000000       -4.406830654786039       -4.406830654786040        0.000000000000000
        0.433333333333333        0.833333333333333       -4.111628976003381       -4.111628976003382        0.000000000000000
        0.466666666666667        0.866666666666667       -3.305122991089530       -3.305122991089531        0.000000000000000
        0.400000000000000        0.900000000000000       -3.116099839539963       -3.116099839539962        0.000000000000001
        0.433333333333333        0.933333333333333       -2.128335770770102       -2.128335770770101        0.000000000000001
        0.466666666666667        0.966666666666667       -0.987764068769863       -0.987764068769862        0.000000000000001
        0.400000000000000        1.000000000000000       -0.000000000000001       -0.000000000000001        0.000000000000000
        0.433333333333333        1.033333333333333        1.101707663696509        1.101707663696508        0.000000000000001
        0.466666666666667        1.066666666666667        1.908213648610360        1.908213648610359        0.000000000000001
        0.500000000000000        0.000000000000000       -3.116099839539962       -3.116099839539965        0.000000000000003
        0.533333333333333        0.033333333333333       -2.128335770770101       -2.128335770770103        0.000000000000002
        0.566666666666667        0.066666666666667       -0.987764068769862       -0.987764068769863        0.000000000000000
        0.500000000000000        0.100000000000000       -2.203415327393020       -2.203415327393020        0.000000000000000
        0.533333333333333        0.133333333333333       -1.101707663696510       -1.101707663696510        0.000000000000000
        0.566666666666667        0.166666666666667       -0.295201678782659       -0.295201678782659        0.000000000000000
        0.500000000000000        0.200000000000000       -0.000000000000000       -0.000000000000000        0.000000000000000
        0.533333333333333        0.233333333333333        0.570285851000120        0.570285851000119        0.000000000000000
        0.566666666666667        0.266666666666667        0.570285851000120        0.570285851000120        0.000000000000000
        0.500000000000000        0.300000000000000        2.203415327393020        2.203415327393020        0.000000000000000
        0.533333333333333        0.333333333333333        1.908213648610361        1.908213648610362        0.000000000000001
        0.566666666666667        0.366666666666667        1.101707663696511        1.101707663696511        0.000000000000000
        0.500000000000000        0.400000000000000        3.116099839539962        3.116099839539963        0.000000000000001
        0.533333333333333        0.433333333333333        2.128335770770101        2.128335770770102        0.000000000000001
        0.566666666666667        0.466666666666667        0.987764068769862        0.987764068769863        0.000000000000000
        0.500000000000000        0.500000000000000        2.203415327393020        2.203415327393022        0.000000000000001
        0.533333333333333        0.533333333333333        1.101707663696510        1.101707663696511        0.000000000000001
        0.566666666666667        0.566666666666667        0.295201678782659        0.295201678782659        0.000000000000000
        0.500000000000000        0.600000000000000        0.000000000000001        0.000000000000000        0.000000000000000
        0.533333333333333        0.633333333333333       -0.570285851000119       -0.570285851000120        0.000000000000000
        0.566666666666667        0.666666666666667       -0.570285851000120       -0.570285851000120        0.000000000000000
        0.500000000000000        0.700000000000000       -2.203415327393020       -2.203415327393020        0.000000000000001
        0.533333333333333        0.733333333333333       -1.908213648610361       -1.908213648610362        0.000000000000001
        0.566666666666667        0.766666666666667       -1.101707663696511       -1.101707663696511        0.000000000000001
        0.500000000000000        0.800000000000000       -3.116099839539962       -3.116099839539964        0.000000000000001
        0.533333333333333        0.833333333333333       -2.128335770770101       -2.128335770770102        0.000000000000001
        0.566666666666667        0.866666666666667       -0.987764068769862       -0.987764068769863        0.000000000000000
        0.500000000000000        0.900000000000000       -2.203415327393021       -2.203415327393021        0.000000000000000
        0.533333333333333        0.933333333333333       -1.101707663696511       -1.101707663696511        0.000000000000000
        0.566666666666667        0.966666666666667       -0.295201678782659       -0.295201678782659        0.000000000000000
        0.500000000000000        1.000000000000000       -0.000000000000001       -0.000000000000001        0.000000000000000
        0.533333333333333        1.033333333333333        0.570285851000119        0.570285851000119        0.000000000000000
        0.566666666666667        1.066666666666667        0.570285851000120        0.570285851000119        0.000000000000000
        0.600000000000000        0.000000000000000       -0.000000000000001       -0.000000000000001        0.000000000000000
        0.633333333333333        0.033333333333333        1.101707663696509        1.101707663696510        0.000000000000001
        0.666666666666667        0.066666666666667        1.908213648610360        1.908213648610361        0.000000000000001
        0.600000000000000        0.100000000000000       -0.000000000000001       -0.000000000000000        0.000000000000000
        0.633333333333333        0.133333333333333        0.570285851000119        0.570285851000119        0.000000000000000
        0.666666666666667        0.166666666666667        0.570285851000119        0.570285851000119        0.000000000000000
        0.600000000000000        0.200000000000000       -0.000000000000000       -0.000000000000000        0.000000000000000
        0.633333333333333        0.233333333333333       -0.295201678782658       -0.295201678782658        0.000000000000000
        0.666666666666667        0.266666666666667       -1.101707663696509       -1.101707663696509        0.000000000000000
        0.600000000000000        0.300000000000000        0.000000000000001        0.000000000000000        0.000000000000000
        0.633333333333333        0.333333333333333       -0.987764068769861       -0.987764068769861        0.000000000000000
        0.666666666666667        0.366666666666667       -2.128335770770100       -2.128335770770100        0.000000000000000
        0.600000000000000        0.400000000000000        0.000000000000001        0.000000000000001        0.000000000000000
        0.633333333333333        0.433333333333333       -1.101707663696509       -1.101707663696510        0.000000000000000
        0.666666666666667        0.466666666666667       -1.908213648610360       -1.908213648610361        0.000000000000001
        0.600000000000000        0.500000000000000        0.000000000000001        0.000000000000000        0.000000000000000
        0.633333333333333        0.533333333333333       -0.570285851000119       -0.570285851000120        0.000000000000000
        0.666666666666667        0.566666666666667       -0.570285851000120       -0.570285851000120        0.000000000000000
        0.600000000000000        0.600000000000000        0.000000000000000        0.000000000000000        0.000000000000000
        0.633333333333333        0.633333333333333        0.295201678782658        0.295201678782659        0.000000000000000
        0.666666666666667        0.666666666666667        1.101707663696509        1.101707663696510        0.000000000000001
        0.600000000000000        0.700000000000000       -0.000000000000001       -0.000000000000000        0.000000000000000
        0.633333333333333        0.733333333333333        0.987764068769861        0.987764068769861        0.000000000000000
        0.666666666666667        0.766666666666667        2.128335770770100        2.128335770770100        0.000000000000001
        0.600000000000000        0.800000000000000       -0.000000000000001       -0.000000000000001        0.000000000000000
        0.633333333333333        0.833333333333333        1.101707663696509        1.101707663696510        0.000000000000001
        0.666666666666667        0.866666666666667        1.908213648610361        1.908213648610361        0.000000000000000
        0.600000000000000        0.900000000000000       -0.000000000000001       -0.000000000000000        0.000000000000000
        0.633333333333333        0.933333333333333        0.570285851000119        0.570285851000119        0.000000000000000
        0.666666666666667        0.966666666666667        0.570285851000120        0.570285851000120        0.000000000000000
        0.600000000000000        1.000000000000000       -0.000000000000000       -0.000000000000000        0.000000000000000
        0.633333333333333        1.033333333333333       -0.295201678782658       -0.295201678782658        0.000000000000000
        0.666666666666667        1.066666666666667       -1.101707663696509       -1.101707663696509        0.000000000000000
        0.700000000000000        0.000000000000000        3.116099839539961        3.116099839539963        0.000000000000002
        0.733333333333333        0.033333333333333        3.686385690540081        3.686385690540083        0.000000000000002
        0.766666666666667        0.066666666666667        3.686385690540081        3.686385690540082        0.000000000000001
        0.700000000000000        0.100000000000000        2.203415327393019        2.203415327393019        0.000000000000001
        0.733333333333333        0.133333333333333        1.908213648610361        1.908213648610359        0.000000000000001
        0.766666666666667        0.166666666666667        1.101707663696510        1.101707663696509        0.000000000000001
        0.700000000000000        0.200000000000000        0.000000000000000        0.000000000000000        0.000000000000000
        0.733333333333333        0.233333333333333       -0.987764068769861       -0.987764068769861        0.000000000000000
        0.766666666666667        0.266666666666667       -2.128335770770100       -2.128335770770100        0.000000000000001
        0.700000000000000        0.300000000000000       -2.203415327393019       -2.203415327393019        0.000000000000000
        0.733333333333333        0.333333333333333       -3.305122991089529       -3.305122991089529        0.000000000000000
        0.766666666666667        0.366666666666667       -4.111628976003380       -4.111628976003381        0.000000000000000
        0.700000000000000        0.400000000000000       -3.116099839539961       -3.116099839539962        0.000000000000000
        0.733333333333333        0.433333333333333       -3.686385690540081       -3.686385690540081        0.000000000000000
        0.766666666666667        0.466666666666667       -3.686385690540082       -3.686385690540082        0.000000000000001
        0.700000000000000        0.500000000000000       -2.203415327393020       -2.203415327393020        0.000000000000001
        0.733333333333333        0.533333333333333       -1.908213648610361       -1.908213648610362        0.000000000000001
        0.766666666666667        0.566666666666667       -1.101707663696511       -1.101707663696511        0.000000000000001
        0.700000000000000        0.600000000000000       -0.000000000000001       -0.000000000000000        0.000000000000000
        0.733333333333333        0.633333333333333        0.987764068769861        0.987764068769861        0.000000000000000
        0.766666666666667        0.666666666666667        2.128335770770100        2.128335770770100        0.000000000000001
        0.700000000000000        0.700000000000000        2.203415327393019        2.203415327393019        0.000000000000000
        0.733333333333333        0.733333333333333        3.305122991089529        3.305122991089529        0.000000000000000
        0.766666666666667        0.766666666666667        4.111628976003380        4.111628976003381        0.000000000000001
        0.700000000000000        0.800000000000000        3.116099839539961        3.116099839539962        0.000000000000001
        0.733333333333333        0.833333333333333        3.686385690540081        3.686385690540082        0.000000000000001
        0.766666666666667        0.866666666666667        3.686385690540082        3.686385690540082        0.000000000000000
        0.700000000000000        0.900000000000000        2.203415327393020        2.203415327393020        0.000000000000000
        0.733333333333333        0.933333333333333        1.908213648610362        1.908213648610361        0.000000000000001
        0.766666666666667        0.966666666666667        1.101707663696511        1.101707663696510        0.000000000000001
        0.700000000000000        1.000000000000000        0.000000000000001        0.000000000000001        0.000000000000000
        0.733333333333333        1.033333333333333       -0.987764068769860       -0.987764068769859        0.000000000000001
        0.766666666666667        1.066666666666667       -2.128335770770099       -2.128335770770098        0.000000000000001
        0.800000000000000        0.000000000000000        4.406830654786039        4.406830654786042        0.000000000000003
        0.833333333333333        0.033333333333333        4.111628976003381        4.111628976003383        0.000000000000002
        0.866666666666667        0.066666666666667        3.305122991089530        3.305122991089530        0.000000000000000
        0.800000000000000        0.100000000000000        3.116099839539962        3.116099839539961        0.000000000000001
        0.833333333333333        0.133333333333333        2.128335770770101        2.128335770770099        0.000000000000001
        0.866666666666667        0.166666666666667        0.987764068769862        0.987764068769861        0.000000000000001
        0.800000000000000        0.200000000000000        0.000000000000000        0.000000000000000        0.000000000000000
        0.833333333333333        0.233333333333333       -1.101707663696510       -1.101707663696509        0.000000000000000
        0.866666666666667        0.266666666666667       -1.908213648610361       -1.908213648610360        0.000000000000001
        0.800000000000000        0.300000000000000       -3.116099839539962       -3.116099839539962        0.000000000000000
        0.833333333333333        0.333333333333333       -3.686385690540082       -3.686385690540082        0.000000000000000
        0.866666666666667        0.366666666666667       -3.686385690540082       -3.686385690540082        0.000000000000000
        0.800000000000000        0.400000000000000       -4.406830654786039       -4.406830654786040        0.000000000000000
        0.833333333333333        0.433333333333333       -4.111628976003381       -4.111628976003382        0.000000000000000
        0.866666666666667        0.466666666666667       -3.305122991089530       -3.305122991089531        0.000000000000000
        0.800000000000000        0.500000000000000       -3.116099839539962       -3.116099839539964        0.000000000000001
        0.833333333333333        0.533333333333333       -2.128335770770101       -2.128335770770102        0.000000000000001
        0.866666666666667        0.566666666666667       -0.987764068769862       -0.987764068769863        0.000000000000000
        0.800000000000000        0.600000000000000       -0.000000000000001       -0.000000000000001        0.000000000000000
        0.833333333333333        0.633333333333333        1.101707663696509        1.101707663696510        0.000000000000001
        0.866666666666667        0.666666666666667        1.908213648610361        1.908213648610361        0.000000000000000
        0.800000000000000        0.700000000000000        3.116099839539961        3.116099839539962        0.000000000000001
        0.833333333333333        0.733333333333333        3.686385690540081        3.686385690540082        0.000000000000001
        0.866666666666667        0.766666666666667        3.686385690540082        3.686385690540082        0.000000000000000
        0.800000000000000        0.800000000000000        4.406830654786039        4.406830654786041        0.000000000000001
        0.833333333333333        0.833333333333333        4.111628976003381        4.111628976003382        0.000000000000001
        0.866666666666667        0.866666666666667        3.305122991089531        3.305122991089530        0.000000000000000
        0.800000000000000        0.900000000000000        3.116099839539963        3.116099839539962        0.000000000000000
        0.833333333333333        0.933333333333333        2.128335770770102        2.128335770770101        0.000000000000001
        0.866666666666667        0.966666666666667        0.987764068769863        0.987764068769862        0.000000000000001
        0.800000000000000        1.000000000000000        0.000000000000001        0.000000000000001        0.000000000000000
        0.833333333333333        1.033333333333333       -1.101707663696509       -1.101707663696508        0.000000000000001
        0.866666666666667        1.066666666666667       -1.908213648610360       -1.908213648610359        0.000000000000001
        0.900000000000000        0.000000000000000        3.116099839539963        3.116099839539964        0.000000000000001
        0.933333333333333        0.033333333333333        2.128335770770102        2.128335770770101        0.000000000000000
        0.966666666666667        0.066666666666667        0.987764068769863        0.987764068769862        0.000000000000001
        0.900000000000000        0.100000000000000        2.203415327393020        2.203415327393019        0.000000000000001
        0.933333333333333        0.133333333333333        1.101707663696510        1.101707663696509        0.000000000000001
        0.966666666666667        0.166666666666667        0.295201678782659        0.295201678782659        0.000000000000001
        0.900000000000000        0.200000000000000        0.000000000000000        0.000000000000000        0.000000000000000
        0.933333333333333        0.233333333333333       -0.570285851000120       -0.570285851000119        0.000000000000001
        0.966666666666667        0.266666666666667       -0.570285851000120       -0.570285851000119        0.000000000000001
        0.900000000000000        0.300000000000000       -2.203415327393020       -2.203415327393019        0.000000000000001
        0.933333333333333        0.333333333333333       -1.908213648610362       -1.908213648610361        0.000000000000001
        0.966666666666667        0.366666666666667       -1.101707663696511       -1.101707663696510        0.000000000000001
        0.900000000000000        0.400000000000000       -3.116099839539963       -3.116099839539962        0.000000000000001
        0.933333333333333        0.433333333333333       -2.128335770770102       -2.128335770770101        0.000000000000001
        0.966666666666667        0.466666666666667       -0.987764068769863       -0.987764068769862        0.000000000000001
        0.900000000000000        0.500000000000000       -2.203415327393021       -2.203415327393021        0.000000000000000
        0.933333333333333        0.533333333333333       -1.101707663696511       -1.101707663696511        0.000000000000000
        0.966666666666667        0.566666666666667       -0.295201678782659       -0.295201678782659        0.000000000000000
        0.900000000000000        0.600000000000000       -0.000000000000001       -0.000000000000000        0.000000000000000
        0.933333333333333        0.633333333333333        0.570285851000119        0.570285851000119        0.000000000000000
        0.966666666666667        0.666666666666667        0.570285851000120        0.570285851000120        0.000000000000000
        0.900000000000000        0.700000000000000        2.203415327393020        2.203415327393020        0.000000000000000
        0.933333333333333        0.733333333333333        1.908213648610362        1.908213648610361        0.000000000000001
        0.966666666666667        0.766666666666667        1.101707663696511        1.101707663696510        0.000000000000001
        0.900000000000000        0.800000000000000        3.116099839539963        3.116099839539962        0.000000000000000
        0.933333333333333        0.833333333333333        2.128335770770102        2.128335770770101        0.000000000000001
        0.966666666666667        0.866666666666667        0.987764068769863        0.987764068769862        0.000000000000001
        0.900000000000000        0.900000000000000        2.203415327393021        2.203415327393020        0.000000000000001
        0.933333333333333        0.933333333333333        1.101707663696511        1.101707663696510        0.000000000000001
        0.966666666666667        0.966666666666667        0.295201678782659        0.295201678782659        0.000000000000000
        0.900000000000000        1.000000000000000        0.000000000000001        0.000000000000001        0.000000000000000
        0.933333333333333        1.033333333333333       -0.570285851000119       -0.570285851000118        0.000000000000001
        0.966666666666667        1.066666666666667       -0.570285851000120       -0.570285851000119        0.000000000000001
        1.000000000000000        0.000000000000000        0.000000000000001        0.000000000000001        0.000000000000000
        1.033333333333333        0.033333333333333       -1.101707663696509       -1.101707663696508        0.000000000000000
        1.066666666666667        0.066666666666667       -1.908213648610360       -1.908213648610359        0.000000000000001
        1.000000000000000        0.100000000000000        0.000000000000001        0.000000000000001        0.000000000000000
        1.033333333333333        0.133333333333333       -0.570285851000119       -0.570285851000118        0.000000000000001
        1.066666666666667        0.166666666666667       -0.570285851000119       -0.570285851000118        0.000000000000001
        1.000000000000000        0.200000000000000        0.000000000000000        0.000000000000000        0.000000000000000
        1.033333333333333        0.233333333333333        0.295201678782658        0.295201678782658        0.000000000000000
        1.066666666666667        0.266666666666667        1.101707663696509        1.101707663696508        0.000000000000001
        1.000000000000000        0.300000000000000       -0.000000000000001       -0.000000000000001        0.000000000000000
        1.033333333333333        0.333333333333333        0.987764068769860        0.987764068769859        0.000000000000001
        1.066666666666667        0.366666666666667        2.128335770770099        2.128335770770098        0.000000000000001
        1.000000000000000        0.400000000000000       -0.000000000000001       -0.000000000000001        0.000000000000000
        1.033333333333333        0.433333333333333        1.101707663696509        1.101707663696508        0.000000000000001
        1.066666666666667        0.466666666666667        1.908213648610360        1.908213648610359        0.000000000000001
        1.000000000000000        0.500000000000000       -0.000000000000001       -0.000000000000001        0.000000000000000
        1.033333333333333        0.533333333333333        0.570285851000119        0.570285851000119        0.000000000000000
        1.066666666666667        0.566666666666667        0.570285851000120        0.570285851000119        0.000000000000000
        1.000000000000000        0.600000000000000       -0.000000000000000       -0.000000000000000        0.000000000000000
        1.033333333333333        0.633333333333333       -0.295201678782658       -0.295201678782658        0.000000000000000
        1.066666666666667        0.666666666666667       -1.101707663696509       -1.101707663696509        0.000000000000000
        1.000000000000000        0.700000000000000        0.000000000000001        0.000000000000001        0.000000000000000
        1.033333333333333        0.733333333333333       -0.987764068769860       -0.987764068769859        0.000000000000001
        1.066666666666667        0.766666666666667       -2.128335770770099       -2.128335770770098        0.000000000000001
        1.000000000000000        0.800000000000000        0.000000000000001        0.000000000000001        0.000000000000000
        1.033333333333333        0.833333333333333       -1.101707663696509       -1.101707663696508        0.000000000000001
        1.066666666666667        0.866666666666667       -1.908213648610360       -1.908213648610359        0.000000000000001
        1.000000000000000        0.900000000000000        0.000000000000001        0.000000000000001        0.000000000000000
        1.033333333333333        0.933333333333333       -0.570285851000119       -0.570285851000118        0.000000000000001
        1.066666666666667        0.966666666666667       -0.570285851000120       -0.570285851000119        0.000000000000001
        1.000000000000000        1.000000000000000        0.000000000000000        0.000000000000000        0.000000000000000
        1.033333333333333        1.033333333333333        0.295201678782658        0.295201678782658        0.000000000000000
        1.066666666666667        1.066666666666667        1.101707663696509        1.101707663696507        0.000000000000001
