        0.000000000000000        0.000000000000000        3.926721120929761        3.926721120929766        0.000000000000004
        0.033333333333333        0.033333333333333        3.663680682615921        3.663680682615924        0.000000000000003
        0.066666666666667        0.066666666666667        2.945040840697321        2.945040840697321        0.000000000000000
        0.000000000000000        0.100000000000000        2.776611132437875        2.776611132437876        0.000000000000000
        0.033333333333333        0.133333333333333        1.896460671670408        1.896460671670407        0.000000000000001
        0.066666666666667        0.166666666666667        0.880150460767467        0.880150460767467        0.000000000000001
        0.000000000000000        0.200000000000000        0.000000000000000        0.000000000000000        0.000000000000000
        0.033333333333333        0.233333333333333       -0.981680280232440       -0.981680280232440        0.000000000000000
        0.066666666666667        0.266666666666667       -1.700320122151040       -1.700320122151039        0.000000000000000
        0.000000000000000        0.300000000000000       -2.776611132437875       -2.776611132437876        0.000000000000001
        0.033333333333333        0.333333333333333       -3.284766237889345       -3.284766237889347        0.000000000000001
        0.066666666666667        0.366666666666667       -3.284766237889346       -3.284766237889346        0.000000000000000
        0.000000000000000        0.400000000000000       -3.926721120929761       -3.926721120929763        0.000000000000002
        0.033333333333333        0.433333333333333       -3.663680682615921       -3.663680682615922        0.000000000000002
        0.066666666666667        0.466666666666667       -2.945040840697321       -2.945040840697322        0.000000000000001
        0.000000000000000        0.500000000000000       -2.776611132437876       -2.776611132437878        0.000000000000002
        0.033333333333333        0.533333333333333       -1.896460671670409       -1.896460671670410        0.000000000000002
        0.066666666666667        0.566666666666667       -0.880150460767468       -0.880150460767468        0.000000000000000
        0.000000000000000        0.600000000000000       -0.000000000000001       -0.000000000000001        0.000000000000000
        0.033333333333333        0.633333333333333        0.981680280232440        0.981680280232440        0.000000000000001
        0.066666666666667        0.666666666666667        1.700320122151039        1.700320122151040        0.000000000000001
        0.000000000000000        0.700000000000000        2.776611132437875        2.776611132437876        0.000000000000002
        0.033333333333333        0.733333333333333        3.284766237889345        3.284766237889347        0.000000000000002
        0.066666666666667        0.766666666666667        3.284766237889345        3.284766237889346        0.000000000000000
        0.000000000000000        0.800000000000000        3.926721120929761        3.926721120929764        0.000000000000003
        0.033333333333333        0.833333333333333        3.663680682615921        3.663680682615923        0.000000000000002
        0.066666666666667        0.866666666666667        2.945040840697321        2.945040840697321        0.000000000000000
        0.000000000000000        0.900000000000000        2.776611132437876        2.776611132437877        0.000000000000001
        0.033333333333333        0.933333333333333        1.896460671670409        1.896460671670409        0.000000000000000
        0.066666666666667        0.966666666666667        0.880150460767468        0.880150460767468        0.000000000000001
        0.000000000000000        1.000000000000000        0.000000000000001        0.000000000000001        0.000000000000000
        0.033333333333333        1.033333333333333       -0.981680280232439       -0.981680280232439        0.000000000000000
        0.066666666666667        1.066666666666667       -1.700320122151039       -1.700320122151038        0.000000000000001
        0.100000000000000        0.000000000000000        2.776611132437875        2.776611132437876        0.000000000000000
        0.133333333333333        0.033333333333333        1.896460671670408        1.896460671670407        0.000000000000001
        0.166666666666667        0.066666666666667        0.880150460767467        0.880150460767467        0.000000000000001
        0.100000000000000        0.100000000000000        1.963360560464881        1.963360560464879        0.000000000000002
        0.133333333333333        0.133333333333333        0.981680280232440        0.981680280232439        0.000000000000002
        0.166666666666667        0.166666666666667        0.263040438313841        0.263040438313840        0.000000000000001
        0.100000000000000        0.200000000000000        0.000000000000000        0.000000000000000        0.000000000000000
        0.133333333333333        0.233333333333333       -0.508155105451470       -0.508155105451470        0.000000000000001
        0.166666666666667        0.266666666666667       -0.508155105451470       -0.508155105451470        0.000000000000001
        0.100000000000000        0.300000000000000       -1.963360560464880       -1.963360560464879        0.000000000000001
        0.133333333333333        0.333333333333333       -1.700320122151040       -1.700320122151039        0.000000000000001
        0.166666666666667        0.366666666666667       -0.981680280232440       -0.981680280232439        0.000000000000001
        0.100000000000000        0.400000000000000       -2.776611132437875       -2.776611132437874        0.000000000000001
        0.133333333333333        0.433333333333333       -1.896460671670408       -1.896460671670407        0.000000000000002
        0.166666666666667        0.466666666666667       -0.880150460767467       -0.880150460767467        0.000000000000001
        0.100000000000000        0.500000000000000       -1.963360560464881       -1.963360560464881        0.000000000000000
        0.133333333333333        0.533333333333333       -0.981680280232441       -0.981680280232440        0.000000000000000
        0.166666666666667        0.566666666666667       -0.263040438313841       -0.263040438313841        0.000000000000000
        0.100000000000000        0.600000000000000       -0.000000000000001       -0.000000000000000        0.000000000000000
        0.133333333333333        0.633333333333333        0.508155105451470        0.508155105451470        0.000000000000000
        0.166666666666667        0.666666666666667        0.508155105451470        0.508155105451470        0.000000000000000
        0.100000000000000        0.700000000000000        1.963360560464880        1.963360560464880        0.000000000000001
        0.133333333333333        0.733333333333333        1.700320122151040        1.700320122151039        0.000000000000001
        0.166666666666667        0.766666666666667        0.981680280232440        0.981680280232439        0.000000000000001
        0.100000000000000        0.800000000000000        2.776611132437875        2.776611132437875        0.000000000000001
        0.133333333333333        0.833333333333333        1.896460671670408        1.896460671670407        0.000000000000001
        0.166666666666667        0.866666666666667        0.880150460767468        0.880150460767467        0.000000000000001
        0.100000000000000        0.900000000000000        1.963360560464881        1.963360560464880        0.000000000000001
        0.133333333333333        0.933333333333333        0.981680280232441        0.981680280232440        0.000000000000001
        0.166666666666667        0.966666666666667        0.263040438313841        0.263040438313840        0.000000000000000
        0.100000000000000        1.000000000000000        0.000000000000001        0.000000000000001        0.000000000000000
        0.133333333333333        1.033333333333333       -0.508155105451470       -0.508155105451469        0.000000000000001
        0.166666666666667        1.066666666666667       -0.508155105451470       -0.508155105451469        0.000000000000001
        0.200000000000000        0.000000000000000        0.000000000000000        0.000000000000000        0.000000000000000
        0.233333333333333        0.033333333333333       -0.981680280232440       -0.981680280232440        0.000000000000000
        0.266666666666667        0.066666666666667       -1.700320122151040       -1.700320122151039        0.000000000000000
        0.200000000000000        0.100000000000000        0.000000000000000        0.000000000000000        0.000000000000000
        0.233333333333333        0.133333333333333       -0.508155105451470       -0.508155105451470        0.000000000000001
        0.266666666666667        0.166666666666667       -0.508155105451470       -0.508155105451470        0.000000000000001
        0.200000000000000        0.200000000000000        0.000000000000000       -0.000000000000000        0.000000000000000
        0.233333333333333        0.233333333333333        0.263040438313840        0.263040438313840        0.000000000000000
        0.266666666666667        0.266666666666667        0.981680280232440        0.981680280232439        0.000000000000001
        0.200000000000000        0.300000000000000       -0.000000000000000       -0.000000000000000        0.000000000000000
        0.233333333333333        0.333333333333333        0.880150460767467        0.880150460767467        0.000000000000000
        0.266666666666667        0.366666666666667        1.896460671670408        1.896460671670407        0.000000000000001
        0.200000000000000        0.400000000000000       -0.000000000000000       -0.000000000000000        0.000000000000000
        0.233333333333333        0.433333333333333        0.981680280232440        0.981680280232440        0.000000000000000
        0.266666666666667        0.466666666666667        1.700320122151040        1.700320122151040        0.000000000000000
        0.200000000000000        0.500000000000000       -0.000000000000000       -0.000000000000000        0.000000000000000
        0.233333333333333        0.533333333333333        0.508155105451470        0.508155105451470        0.000000000000000
        0.266666666666667        0.566666666666667        0.508155105451471        0.508155105451471        0.000000000000000
        0.200000000000000        0.600000000000000       -0.000000000000000       -0.000000000000000        0.000000000000000
        0.233333333333333        0.633333333333333       -0.263040438313840       -0.263040438313840        0.000000000000000
        0.266666666666667        0.666666666666667       -0.981680280232440       -0.981680280232440        0.000000000000000
        0.200000000000000        0.700000000000000        0.000000000000000        0.000000000000000        0.000000000000000
        0.233333333333333        0.733333333333333       -0.880150460767467       -0.880150460767467        0.000000000000000
        0.266666666666667        0.766666666666667       -1.896460671670408       -1.896460671670407        0.000000000000000
        0.200000000000000        0.800000000000000        0.000000000000000        0.000000000000000        0.000000000000000
        0.233333333333333        0.833333333333333       -0.981680280232440       -0.981680280232440        0.000000000000000
        0.266666666666667        0.866666666666667       -1.700320122151040       -1.700320122151039        0.000000000000001
        0.200000000000000        0.900000000000000        0.000000000000000        0.000000000000000        0.000000000000000
        0.233333333333333        0.933333333333333       -0.508155105451470       -0.508155105451470        0.000000000000001
        0.266666666666667        0.966666666666667       -0.508155105451471       -0.508155105451470        0.000000000000001
        0.200000000000000        1.000000000000000        0.000000000000000        0.000000000000000        0.000000000000000
        0.233333333333333        1.033333333333333        0.263040438313840        0.263040438313840        0.000000000000000
        0.266666666666667        1.066666666666667        0.981680280232440        0.981680280232439        0.000000000000001
        0.300000000000000        0.000000000000000       -2.776611132437875       -2.776611132437876        0.000000000000001
        0.333333333333333        0.033333333333333       -3.284766237889345       -3.284766237889347        0.000000000000001
        0.366666666666667        0.066666666666667       -3.284766237889346       -3.284766237889346        0.000000000000000
        0.300000000000000        0.100000000000000       -1.963360560464880       -1.963360560464879        0.000000000000001
        0.333333333333333        0.133333333333333       -1.700320122151040       -1.700320122151039        0.000000000000001
        0.366666666666667        0.166666666666667       -0.981680280232440       -0.981680280232439        0.000000000000001
        0.300000000000000        0.200000000000000       -0.000000000000000       -0.000000000000000        0.000000000000000
        0.333333333333333        0.233333333333333        0.880150460767467        0.880150460767467        0.000000000000000
        0.366666666666667        0.266666666666667        1.896460671670408        1.896460671670407        0.000000000000001
        0.300000000000000        0.300000000000000        1.963360560464880        1.963360560464880        0.000000000000001
        0.333333333333333        0.333333333333333        2.945040840697321        2.945040840697320        0.000000000000000
        0.366666666666667        0.366666666666667        3.663680682615920        3.663680682615920        0.000000000000000
        0.300000000000000        0.400000000000000        2.776611132437875        2.776611132437875        0.000000000000000
        0.333333333333333        0.433333333333333        3.284766237889346        3.284766237889345        0.000000000000000
        0.366666666666667        0.466666666666667        3.284766237889346        3.284766237889346        0.000000000000000
        0.300000000000000        0.500000000000000        1.963360560464881        1.963360560464881        0.000000000000000
        0.333333333333333        0.533333333333333        1.700320122151040        1.700320122151041        0.000000000000001
        0.366666666666667        0.566666666666667        0.981680280232441        0.981680280232441        0.000000000000000
        0.300000000000000        0.600000000000000        0.000000000000001        0.000000000000000        0.000000000000000
        0.333333333333333        0.633333333333333       -0.880150460767467       -0.880150460767467        0.000000000000000
        0.366666666666667        0.666666666666667       -1.896460671670407       -1.896460671670408        0.000000000000000
        0.300000000000000        0.700000000000000       -1.963360560464880       -1.963360560464880        0.000000000000000
        0.333333333333333        0.733333333333333       -2.945040840697320       -2.945040840697320        0.000000000000000
        0.366666666666667        0.766666666666667       -3.663680682615920       -3.663680682615920        0.000000000000000
        0.300000000000000        0.800000000000000       -2.776611132437875       -2.776611132437875        0.000000000000000
        0.333333333333333        0.833333333333333       -3.284766237889346       -3.284766237889346        0.000000000000000
        0.366666666666667        0.866666666666667       -3.284766237889346       -3.284766237889346        0.000000000000000
        0.300000000000000        0.900000000000000       -1.963360560464881       -1.963360560464880        0.000000000000001
        0.333333333333333        0.933333333333333       -1.700320122151041       -1.700320122151040        0.000000000000001
        0.366666666666667        0.966666666666667       -0.981680280232441       -0.981680280232441        0.000000000000001
        0.300000000000000        1.000000000000000       -0.000000000000001       -0.000000000000001        0.000000000000000
        0.333333333333333        1.033333333333333        0.880150460767466        0.880150460767465        0.000000000000001
        0.366666666666667        1.066666666666667        1.896460671670407        1.896460671670406        0.000000000000001
        0.400000000000000        0.000000000000000       -3.926721120929761       -3.926721120929763        0.000000000000002
        0.433333333333333        0.033333333333333       -3.663680682615921       -3.663680682615922        0.000000000000002
        0.466666666666667        0.066666666666667       -2.945040840697321       -2.945040840697322        0.000000000000001
        0.400000000000000        0.100000000000000       -2.776611132437875       -2.776611132437874        0.000000000000001
        0.433333333333333        0.133333333333333       -1.896460671670408       -1.896460671670407        0.000000000000002
        0.466666666666667        0.166666666666667       -0.880150460767467       -0.880150460767467        0.000000000000001
        0.400000000000000        0.200000000000000       -0.000000000000000       -0.000000000000000        0.000000000000000
        0.433333333333333        0.233333333333333        0.981680280232440        0.981680280232440        0.000000000000000
        0.466666666666667        0.266666666666667        1.700320122151040        1.700320122151040        0.000000000000000
        0.400000000000000        0.300000000000000        2.776611132437875        2.776611132437875        0.000000000000000
        0.433333333333333        0.333333333333333        3.284766237889346        3.284766237889345        0.000000000000000
        0.466666666666667        0.366666666666667        3.284766237889346        3.284766237889346        0.000000000000000
        0.400000000000000        0.400000000000000        3.926721120929761        3.926721120929761        0.000000000000000
        0.433333333333333        0.433333333333333        3.663680682615921        3.663680682615921        0.000000000000000
        0.466666666666667        0.466666666666667        2.945040840697321        2.945040840697322        0.000000000000001
        0.400000000000000        0.500000000000000        2.776611132437876        2.776611132437876        0.000000000000001
        0.433333333333333        0.533333333333333        1.896460671670409        1.896460671670409        0.000000000000001
        0.466666666666667        0.566666666666667        0.880150460767468        0.880150460767468        0.000000000000000
        0.400000000000000        0.600000000000000        0.000000000000001        0.000000000000001        0.000000000000000
        0.433333333333333        0.633333333333333       -0.981680280232440       -0.981680280232440        0.000000000000000
        0.466666666666667        0.666666666666667       -1.700320122151040       -1.700320122151040        0.000000000000001
        0.400000000000000        0.700000000000000       -2.776611132437875       -2.776611132437875        0.000000000000000
        0.433333333333333        0.733333333333333       -3.284766237889345       -3.284766237889345        0.000000000000000
        0.466666666666667        0.766666666666667       -3.284766237889346       -3.284766237889346        0.000000000000001
        0.400000000000000        0.800000000000000       -3.926721120929761       -3.926721120929762        0.000000000000000
        0.433333333333333        0.833333333333333       -3.663680682615921       -3.663680682615921        0.000000000000000
        0.466666666666667        0.866666666666667       -2.945040840697322       -2.945040840697322        0.000000000000000
        0.400000000000000        0.900000000000000       -2.776611132437876       -2.776611132437875        0.000000000000001
        0.433333333333333        0.933333333333333       -1.896460671670409       -1.896460671670408        0.000000000000001
        0.466666666666667        0.966666666666667       -0.880150460767468       -0.880150460767468        0.000000000000001
        0.400000000000000        1.000000000000000       -0.000000000000001       -0.000000000000001        0.000000000000000
        0.433333333333333        1.033333333333333        0.981680280232439        0.981680280232438        0.000000000000001
        0.466666666666667        1.066666666666667        1.700320122151039        1.700320122151038        0.000000000000001
        0.500000000000000        0.000000000000000       -2.776611132437876       -2.776611132437878        0.000000000000002
        0.533333333333333        0.033333333333333       -1.896460671670409       -1.896460671670410        0.000000000000002
        0.566666666666667        0.066666666666667       -0.880150460767468       -0.880150460767468        0.000000000000000
        0.500000000000000        0.100000000000000       -1.963360560464881       -1.963360560464881        0.000000000000000
        0.533333333333333        0.133333333333333       -0.981680280232441       -0.981680280232440        0.000000000000000
        0.566666666666667        0.166666666666667       -0.263040438313841       -0.263040438313841        0.000000000000000
        0.500000000000000        0.200000000000000       -0.000000000000000       -0.000000000000000        0.000000000000000
        0.533333333333333        0.233333333333333        0.508155105451470        0.508155105451470        0.000000000000000
        0.566666666666667        0.266666666666667        0.508155105451471        0.508155105451471        0.000000000000000
        0.500000000000000        0.300000000000000        1.963360560464881        1.963360560464881        0.000000000000000
        0.533333333333333        0.333333333333333        1.700320122151040        1.700320122151041        0.000000000000001
        0.566666666666667        0.366666666666667        0.981680280232441        0.981680280232441        0.000000000000000
        0.500000000000000        0.400000000000000        2.776611132437876        2.776611132437876        0.000000000000001
        0.533333333333333        0.433333333333333        1.896460671670409        1.896460671670409        0.000000000000001
        0.566666666666667        0.466666666666667        0.880150460767468        0.880150460767468        0.000000000000000
        0.500000000000000        0.500000000000000        1.963360560464881        1.963360560464882        0.000000000000001
        0.533333333333333        0.533333333333333        0.981680280232441        0.981680280232442        0.000000000000001
        0.566666666666667        0.566666666666667        0.263040438313841        0.263040438313841        0.000000000000000
        0.500000000000000        0.600000000000000        0.000000000000001        0.000000000000000        0.000000000000000
        0.533333333333333        0.633333333333333       -0.508155105451470       -0.508155105451471        0.000000000000000
        0.566666666666667        0.666666666666667       -0.508155105451471       -0.508155105451471        0.000000000000000
        0.500000000000000        0.700000000000000       -1.963360560464880       -1.963360560464881        0.000000000000001
        0.533333333333333        0.733333333333333       -1.700320122151040       -1.700320122151041        0.000000000000001
        0.566666666666667        0.766666666666667       -0.981680280232441       -0.981680280232441        0.000000000000000
        0.500000000000000        0.800000000000000       -2.776611132437876       -2.776611132437877        0.000000000000001
        0.533333333333333        0.833333333333333       -1.896460671670409       -1.896460671670410        0.000000000000001
        0.566666666666667        0.866666666666667       -0.880150460767468       -0.880150460767468        0.000000000000000
        0.500000000000000        0.900000000000000       -1.963360560464881       -1.963360560464881        0.000000000000000
        0.533333333333333        0.933333333333333       -0.981680280232441       -0.981680280232441        0.000000000000000
        0.566666666666667        0.966666666666667       -0.263040438313841       -0.263040438313841        0.000000000000000
        0.500000000000000        1.000000000000000       -0.000000000000001       -0.000000000000001        0.000000000000000
        0.533333333333333        1.033333333333333        0.508155105451470        0.508155105451470        0.000000000000000
        0.566666666666667        1.066666666666667        0.508155105451470        0.508155105451470        0.000000000000000
        0.600000000000000        0.000000000000000       -0.000000000000001       -0.000000000000001        0.000000000000000
        0.633333333333333        0.033333333333333        0.981680280232440        0.981680280232440        0.000000000000001
        0.666666666666667        0.066666666666667        1.700320122151039        1.700320122151040        0.000000000000001
        0.600000000000000        0.100000000000000       -0.000000000000001       -0.000000000000000        0.000000000000000
        0.633333333333333        0.133333333333333        0.508155105451470        0.508155105451470        0.000000000000000
        0.666666666666667        0.166666666666667        0.508155105451470        0.508155105451470        0.000000000000000
        0.600000000000000        0.200000000000000       -0.000000000000000       -0.000000000000000        0.000000000000000
        0.633333333333333        0.233333333333333       -0.263040438313840       -0.263040438313840        0.000000000000000
        0.666666666666667        0.266666666666667       -0.981680280232440       -0.981680280232440        0.000000000000000
        0.600000000000000        0.300000000000000        0.000000000000001        0.000000000000000        0.000000000000000
        0.633333333333333        0.333333333333333       -0.880150460767467       -0.880150460767467        0.000000000000000
        0.666666666666667        0.366666666666667       -1.896460671670407       -1.896460671670408        0.000000000000000
        0.600000000000000        0.400000000000000        0.000000000000001        0.000000000000001        0.000000000000000
        0.633333333333333        0.433333333333333       -0.981680280232440       -0.981680280232440        0.000000000000000
        0.666666666666667        0.466666666666667       -1.700320122151040       -1.700320122151040        0.000000000000001
        0.600000000000000        0.500000000000000        0.000000000000001        0.000000000000000        0.000000000000000
        0.633333333333333        0.533333333333333       -0.508155105451470       -0.508155105451471        0.000000000000000
        0.666666666666667        0.566666666666667       -0.508155105451471       -0.508155105451471        0.000000000000000
        0.600000000000000        0.600000000000000        0.000000000000000        0.000000000000000        0.000000000000000
        0.633333333333333        0.633333333333333        0.263040438313840        0.263040438313840        0.000000000000000
        0.666666666666667        0.666666666666667        0.981680280232440        0.981680280232440        0.000000000000000
        0.600000000000000        0.700000000000000       -0.000000000000001       -0.000000000000000        0.000000000000000
        0.633333333333333        0.733333333333333        0.880150460767466        0.880150460767467        0.000000000000000
        0.666666666666667        0.766666666666667        1.896460671670407        1.896460671670408        0.000000000000001
        0.600000000000000        0.800000000000000       -0.000000000000001       -0.000000000000001        0.000000000000000
        0.633333333333333        0.833333333333333        0.981680280232440        0.981680280232440        0.000000000000001
        0.666666666666667        0.866666666666667        1.700320122151040        1.700320122151040        0.000000000000000
        0.600000000000000        0.900000000000000       -0.000000000000001       -0.000000000000000        0.000000000000000
        0.633333333333333        0.933333333333333        0.508155105451470        0.508155105451470        0.000000000000000
        0.666666666666667        0.966666666666667        0.508155105451471        0.508155105451470        0.000000000000000
        0.600000000000000        1.000000000000000       -0.000000000000000       -0.000000000000000        0.000000000000000
        0.633333333333333        1.033333333333333       -0.263040438313840       -0.263040438313840        0.000000000000000
        0.666666666666667        1.066666666666667       -0.981680280232439       -0.981680280232439        0.000000000000000
        0.700000000000000        0.000000000000000        2.776611132437875        2.776611132437876        0.000000000000002
        0.733333333333333        0.033333333333333        3.284766237889345        3.284766237889347        0.000000000000002
        0.766666666666667        0.066666666666667        3.284766237889345        3.284766237889346        0.000000000000000
        0.700000000000000        0.100000000000000        1.963360560464880        1.963360560464880        0.000000000000001
        0.733333333333333        0.133333333333333        1.700320122151040        1.700320122151039        0.000000000000001
        0.766666666666667        0.166666666666667        0.981680280232440        0.981680280232439        0.000000000000001
        0.700000000000000        0.200000000000000        0.000000000000000        0.000000000000000        0.000000000000000
        0.733333333333333        0.233333333333333       -0.880150460767467       -0.880150460767467        0.000000000000000
        0.766666666666667        0.266666666666667       -1.896460671670408       -1.896460671670407        0.000000000000000
        0.700000000000000        0.300000000000000       -1.963360560464880       -1.963360560464880        0.000000000000000
        0.733333333333333        0.333333333333333       -2.945040840697320       -2.945040840697320        0.000000000000000
        0.766666666666667        0.366666666666667       -3.663680682615920       -3.663680682615920        0.000000000000000
        0.700000000000000        0.400000000000000       -2.776611132437875       -2.776611132437875        0.000000000000000
        0.733333333333333        0.433333333333333       -3.284766237889345       -3.284766237889345        0.000000000000000
        0.766666666666667        0.466666666666667       -3.284766237889346       -3.284766237889346        0.000000000000001
        0.700000000000000        0.500000000000000       -1.963360560464880       -1.963360560464881        0.000000000000001
        0.733333333333333        0.533333333333333       -1.700320122151040       -1.700320122151041        0.000000000000001
        0.766666666666667        0.566666666666667       -0.981680280232441       -0.981680280232441        0.000000000000000
        0.700000000000000        0.600000000000000       -0.000000000000001       -0.000000000000000        0.000000000000000
        0.733333333333333        0.633333333333333        0.880150460767466        0.880150460767467        0.000000000000000
        0.766666666666667        0.666666666666667        1.896460671670407        1.896460671670408        0.000000000000001
        0.700000000000000        0.700000000000000        1.963360560464880        1.963360560464880        0.000000000000000
        0.733333333333333        0.733333333333333        2.945040840697320        2.945040840697320        0.000000000000000
        0.766666666666667        0.766666666666667        3.663680682615920        3.663680682615921        0.000000000000001
        0.700000000000000        0.800000000000000        2.776611132437875        2.776611132437875        0.000000000000001
        0.733333333333333        0.833333333333333        3.284766237889345        3.284766237889346        0.000000000000000
        0.766666666666667        0.866666666666667        3.284766237889346        3.284766237889346        0.000000000000000
        0.700000000000000        0.900000000000000        1.963360560464881        1.963360560464880        0.000000000000000
        0.733333333333333        0.933333333333333        1.700320122151041        1.700320122151040        0.000000000000001
        0.766666666666667        0.966666666666667        0.981680280232441        0.981680280232441        0.000000000000001
        0.700000000000000        1.000000000000000        0.000000000000001        0.000000000000001        0.000000000000000
        0.733333333333333        1.033333333333333       -0.880150460767466       -0.880150460767465        0.000000000000001
        0.766666666666667        1.066666666666667       -1.896460671670407       -1.896460671670406        0.000000000000001
        0.800000000000000        0.000000000000000        3.926721120929761        3.926721120929764        0.000000000000003
        0.833333333333333        0.033333333333333        3.663680682615921        3.663680682615923        0.000000000000002
        0.866666666666667        0.066666666666667        2.945040840697321        2.945040840697321        0.000000000000000
        0.800000000000000        0.100000000000000        2.776611132437875        2.776611132437875        0.000000000000001
        0.833333333333333        0.133333333333333        1.896460671670408        1.896460671670407        0.000000000000001
        0.866666666666667        0.166666666666667        0.880150460767468        0.880150460767467        0.000000000000001
        0.800000000000000        0.200000000000000        0.000000000000000        0.000000000000000        0.000000000000000
        0.833333333333333        0.233333333333333       -0.981680280232440       -0.981680280232440        0.000000000000000
        0.866666666666667        0.266666666666667       -1.700320122151040       -1.700320122151039        0.000000000000001
        0.800000000000000        0.300000000000000       -2.776611132437875       -2.776611132437875        0.000000000000000
        0.833333333333333        0.333333333333333       -3.284766237889346       -3.284766237889346        0.000000000000000
        0.866666666666667        0.366666666666667       -3.284766237889346       -3.284766237889346        0.000000000000000
        0.800000000000000        0.400000000000000       -3.926721120929761       -3.926721120929762        0.000000000000000
        0.833333333333333        0.433333333333333       -3.663680682615921       -3.663680682615921        0.000000000000000
        0.866666666666667        0.466666666666667       -2.945040840697322       -2.945040840697322        0.000000000000000
        0.800000000000000        0.500000000000000       -2.776611132437876       -2.776611132437877        0.000000000000001
        0.833333333333333        0.533333333333333       -1.896460671670409       -1.896460671670410        0.000000000000001
        0.866666666666667        0.566666666666667       -0.880150460767468       -0.880150460767468        0.000000000000000
        0.800000000000000        0.600000000000000       -0.000000000000001       -0.000000000000001        0.000000000000000
        0.833333333333333        0.633333333333333        0.981680280232440        0.981680280232440        0.000000000000001
        0.866666666666667        0.666666666666667        1.700320122151040        1.700320122151040        0.000000000000000
        0.800000000000000        0.700000000000000        2.776611132437875        2.776611132437875        0.000000000000001
        0.833333333333333        0.733333333333333        3.284766237889345        3.284766237889346        0.000000000000000
        0.866666666666667        0.766666666666667        3.284766237889346        3.284766237889346        0.000000000000000
        0.800000000000000        0.800000000000000        3.926721120929761        3.926721120929762        0.000000000000001
        0.833333333333333        0.833333333333333        3.663680682615921        3.663680682615922        0.000000000000001
        0.866666666666667        0.866666666666667        2.945040840697322        2.945040840697322        0.000000000000000
        0.800000000000000        0.900000000000000        2.776611132437876        2.776611132437876        0.000000000000000
        0.833333333333333        0.933333333333333        1.896460671670409        1.896460671670408        0.000000000000001
        0.866666666666667        0.966666666666667        0.880150460767468        0.880150460767468        0.000000000000001
        0.800000000000000        1.000000000000000        0.000000000000001        0.000000000000001        0.000000000000000
        0.833333333333333        1.033333333333333       -0.981680280232439       -0.981680280232439        0.000000000000001
        0.866666666666667        1.066666666666667       -1.700320122151039       -1.700320122151038        0.000000000000001
        0.900000000000000        0.000000000000000        2.776611132437876        2.776611132437877        0.000000000000001
        0.933333333333333        0.033333333333333        1.896460671670409        1.896460671670409        0.000000000000000
        0.966666666666667        0.066666666666667        0.880150460767468        0.880150460767468        0.000000000000001
        0.900000000000000        0.100000000000000        1.963360560464881        1.963360560464880        0.000000000000001
        0.933333333333333        0.133333333333333        0.981680280232441        0.981680280232440        0.000000000000001
        0.966666666666667        0.166666666666667        0.263040438313841        0.263040438313840        0.000000000000000
        0.900000000000000        0.200000000000000        0.000000000000000        0.000000000000000        0.000000000000000
        0.933333333333333        0.233333333333333       -0.508155105451470       -0.508155105451470        0.000000000000001
        0.966666666666667        0.266666666666667       -0.508155105451471       -0.508155105451470        0.000000000000001
        0.900000000000000        0.300000000000000       -1.963360560464881       -1.963360560464880        0.000000000000001
        0.933333333333333        0.333333333333333       -1.700320122151041       -1.700320122151040        0.000000000000001
        0.966666666666667        0.366666666666667       -0.981680280232441       -0.981680280232441        0.000000000000001
        0.900000000000000        0.400000000000000       -2.776611132437876       -2.776611132437875        0.000000000000001
        0.933333333333333        0.433333333333333       -1.896460671670409       -1.896460671670408        0.000000000000001
        0.966666666666667        0.466666666666667       -0.880150460767468       -0.880150460767468        0.000000000000001
        0.900000000000000        0.500000000000000       -1.963360560464881       -1.963360560464881        0.000000000000000
        0.933333333333333        0.533333333333333       -0.981680280232441       -0.981680280232441        0.000000000000000
        0.966666666666667        0.566666666666667       -0.263040438313841       -0.263040438313841        0.000000000000000
        0.900000000000000        0.600000000000000       -0.000000000000001       -0.000000000000000        0.000000000000000
        0.933333333333333        0.633333333333333        0.508155105451470        0.508155105451470        0.000000000000000
        0.966666666666667        0.666666666666667        0.508155105451471        0.508155105451470        0.000000000000000
        0.900000000000000        0.700000000000000        1.963360560464881        1.963360560464880        0.000000000000000
        0.933333333333333        0.733333333333333        1.700320122151041        1.700320122151040        0.000000000000001
        0.966666666666667        0.766666666666667        0.981680280232441        0.981680280232441        0.000000000000001
        0.900000000000000        0.800000000000000        2.776611132437876        2.776611132437876        0.000000000000000
        0.933333333333333        0.833333333333333        1.896460671670409        1.896460671670408        0.000000000000001
        0.966666666666667        0.866666666666667        0.880150460767468        0.880150460767468        0.000000000000001
        0.900000000000000        0.900000000000000        1.963360560464882        1.963360560464881        0.000000000000001
        0.933333333333333        0.933333333333333        0.981680280232441        0.981680280232440        0.000000000000001
        0.966666666666667        0.966666666666667        0.263040438313841        0.263040438313841        0.000000000000000
        0.900000000000000        1.000000000000000        0.000000000000001        0.000000000000001        0.000000000000000
        0.933333333333333        1.033333333333333       -0.508155105451470       -0.508155105451469        0.000000000000001
        0.966666666666667        1.066666666666667       -0.508155105451471       -0.508155105451470        0.000000000000001
        1.000000000000000        0.000000000000000        0.000000000000001        0.000000000000001        0.000000000000000
        1.033333333333333        0.033333333333333       -0.981680280232439       -0.981680280232439        0.000000000000000
        1.066666666666667        0.066666666666667       -1.700320122151039       -1.700320122151038        0.000000000000001
        1.000000000000000        0.100000000000000        0.000000000000001        0.000000000000001        0.000000000000000
        1.033333333333333        0.133333333333333       -0.508155105451470       -0.508155105451469        0.000000000000001
        1.066666666666667        0.166666666666667       -0.508155105451470       -0.508155105451469        0.000000000000001
        1.000000000000000        0.200000000000000        0.000000000000000        0.000000000000000        0.000000000000000
        1.033333333333333        0.233333333333333        0.263040438313840        0.263040438313840        0.000000000000000
        1.066666666666667        0.266666666666667        0.981680280232440        0.981680280232439        0.000000000000001
        1.000000000000000        0.300000000000000       -0.000000000000001       -0.000000000000001        0.000000000000000
        1.033333333333333        0.333333333333333        0.880150460767466        0.880150460767465        0.000000000000001
        1.066666666666667        0.366666666666667        1.896460671670407        1.896460671670406        0.000000000000001
        1.000000000000000        0.400000000000000       -0.000000000000001       -0.000000000000001        0.000000000000000
        1.033333333333333        0.433333333333333        0.981680280232439        0.981680280232438        0.000000000000001
        1.066666666666667        0.466666666666667        1.700320122151039        1.700320122151038        0.000000000000001
        1.000000000000000        0.500000000000000       -0.000000000000001       -0.000000000000001        0.000000000000000
        1.033333333333333        0.533333333333333        0.508155105451470        0.508155105451470        0.000000000000000
        1.066666666666667        0.566666666666667        0.508155105451470        0.508155105451470        0.000000000000000
        1.000000000000000        0.600000000000000       -0.000000000000000       -0.000000000000000        0.000000000000000
        1.033333333333333        0.633333333333333       -0.263040438313840       -0.263040438313840        0.000000000000000
        1.066666666666667        0.666666666666667       -0.981680280232439       -0.981680280232439        0.000000000000000
        1.000000000000000        0.700000000000000        0.000000000000001        0.000000000000001        0.000000000000000
        1.033333333333333        0.733333333333333       -0.880150460767466       -0.880150460767465        0.000000000000001
        1.066666666666667        0.766666666666667       -1.896460671670407       -1.896460671670406        0.000000000000001
        1.000000000000000        0.800000000000000        0.000000000000001        0.000000000000001        0.000000000000000
        1.033333333333333        0.833333333333333       -0.981680280232439       -0.981680280232439        0.000000000000001
        1.066666666666667        0.866666666666667       -1.700320122151039       -1.700320122151038        0.000000000000001
        1.000000000000000        0.900000000000000        0.000000000000001        0.000000000000001        0.000000000000000
        1.033333333333333        0.933333333333333       -0.508155105451470       -0.508155105451469        0.000000000000001
        1.066666666666667        0.966666666666667       -0.508155105451471       -0.508155105451470        0.000000000000001
        1.000000000000000        1.000000000000000        0.000000000000000        0.000000000000000        0.000000000000000
        1.033333333333333        1.033333333333333        0.263040438313840        0.263040438313840        0.000000000000000
        1.066666666666667        1.066666666666667        0.981680280232439        0.981680280232438        0.000000000000001
