        0.000000000000000        0.000000000000000        0.002680471302836        0.001399363082122        0.001281108220714
        0.033333333333333        0.033333333333333        0.002500913772604        0.001305623530179        0.001195290242425
        0.066666666666667        0.066666666666667        0.002010353477127        0.001049522311591        0.000960831165536
        0.000000000000000        0.100000000000000        0.001895379435011        0.000989499124710        0.000905880310301
        0.033333333333333        0.133333333333333        0.001294568229018        0.000675840470688        0.000618727758330
        0.066666666666667        0.166666666666667        0.000600811205993        0.000313658654022        0.000287152551971
        0.000000000000000        0.200000000000000        0.000000000000000        0.000000000000000        0.000000000000000
        0.033333333333333        0.233333333333333       -0.000670117825709       -0.000349840770530        0.000320277055179
        0.066666666666667        0.266666666666667       -0.001160678121186       -0.000605941989118        0.000554736132068
        0.000000000000000        0.300000000000000       -0.001895379435011       -0.000989499124710        0.000905880310301
        0.033333333333333        0.333333333333333       -0.002242257946524       -0.001170590033044        0.001071667913480
        0.066666666666667        0.366666666666667       -0.002242257946524       -0.001170590033044        0.001071667913480
        0.000000000000000        0.400000000000000       -0.002680471302836       -0.001399363082122        0.001281108220714
        0.033333333333333        0.433333333333333       -0.002500913772604       -0.001305623530179        0.001195290242425
        0.066666666666667        0.466666666666667       -0.002010353477127       -0.001049522311591        0.000960831165536
        0.000000000000000        0.500000000000000       -0.001895379435011       -0.000989499124710        0.000905880310301
        0.033333333333333        0.533333333333333       -0.001294568229018       -0.000675840470688        0.000618727758330
        0.066666666666667        0.566666666666667       -0.000600811205993       -0.000313658654022        0.000287152551971
        0.000000000000000        0.600000000000000       -0.000000000000000       -0.000000000000000        0.000000000000000
        0.033333333333333        0.633333333333333        0.000670117825709        0.000349840770530        0.000320277055179
        0.066666666666667        0.666666666666667        0.001160678121186        0.000605941989118        0.000554736132068
        0.000000000000000        0.700000000000000        0.001895379435011        0.000989499124710        0.000905880310301
        0.033333333333333        0.733333333333333        0.002242257946524        0.001170590033044        0.001071667913480
        0.066666666666667        0.766666666666667        0.002242257946524        0.001170590033044        0.001071667913480
        0.000000000000000        0.800000000000000        0.002680471302836        0.001399363082122        0.001281108220714
        0.033333333333333        0.833333333333333        0.002500913772604        0.001305623530179        0.001195290242425
        0.066666666666667        0.866666666666667        0.002010353477127        0.001049522311591        0.000960831165536
        0.000000000000000        0.900000000000000        0.001895379435011        0.000989499124710        0.000905880310301
        0.033333333333333        0.933333333333333        0.001294568229018        0.000675840470688        0.000618727758330
        0.066666666666667        0.966666666666667        0.000600811205993        0.000313658654022        0.000287152551971
        0.000000000000000        1.000000000000000        0.000000000000000        0.000000000000000        0.000000000000000
        0.033333333333333        1.033333333333333       -0.000670117825709       -0.000349840770530        0.000320277055179
        0.066666666666667        1.066666666666667       -0.001160678121186       -0.000605941989118        0.000554736132068
        0.100000000000000        0.000000000000000        0.001895379435011        0.000989499124710        0.000905880310301
        0.133333333333333        0.033333333333333        0.001294568229018        0.000675840470688        0.000618727758330
        0.166666666666667        0.066666666666667        0.000600811205993        0.000313658654022        0.000287152551971
        0.100000000000000        0.100000000000000        0.001340235651418        0.000699681541061        0.000640554110357
        0.133333333333333        0.133333333333333        0.000670117825709        0.000349840770530        0.000320277055179
        0.166666666666667        0.166666666666667        0.000179557530232        0.000093739551943        0.000085817978289
        0.100000000000000        0.200000000000000        0.000000000000000        0.000000000000000        0.000000000000000
        0.133333333333333        0.233333333333333       -0.000346878511512       -0.000181090908333        0.000165787603179
        0.166666666666667        0.266666666666667       -0.000346878511512       -0.000181090908333        0.000165787603179
        0.100000000000000        0.300000000000000       -0.001340235651418       -0.000699681541061        0.000640554110357
        0.133333333333333        0.333333333333333       -0.001160678121186       -0.000605941989118        0.000554736132068
        0.166666666666667        0.366666666666667       -0.000670117825709       -0.000349840770530        0.000320277055179
        0.100000000000000        0.400000000000000       -0.001895379435011       -0.000989499124710        0.000905880310301
        0.133333333333333        0.433333333333333       -0.001294568229018       -0.000675840470688        0.000618727758330
        0.166666666666667        0.466666666666667       -0.000600811205993       -0.000313658654022        0.000287152551971
        0.100000000000000        0.500000000000000       -0.001340235651418       -0.000699681541061        0.000640554110357
        0.133333333333333        0.533333333333333       -0.000670117825709       -0.000349840770530        0.000320277055179
        0.166666666666667        0.566666666666667       -0.000179557530232       -0.000093739551943        0.000085817978289
        0.100000000000000        0.600000000000000       -0.000000000000000       -0.000000000000000        0.000000000000000
        0.133333333333333        0.633333333333333        0.000346878511512        0.000181090908333        0.000165787603179
        0.166666666666667        0.666666666666667        0.000346878511512        0.000181090908333        0.000165787603179
        0.100000000000000        0.700000000000000        0.001340235651418        0.000699681541061        0.000640554110357
        0.133333333333333        0.733333333333333        0.001160678121186        0.000605941989118        0.000554736132068
        0.166666666666667        0.766666666666667        0.000670117825709        0.000349840770530        0.000320277055179
        0.100000000000000        0.800000000000000        0.001895379435011        0.000989499124710        0.000905880310301
        0.133333333333333        0.833333333333333        0.001294568229018        0.000675840470688        0.000618727758330
        0.166666666666667        0.866666666666667        0.000600811205993        0.000313658654022        0.000287152551971
        0.100000000000000        0.900000000000000        0.001340235651418        0.000699681541061        0.000640554110357
        0.133333333333333        0.933333333333333        0.000670117825709        0.000349840770530        0.000320277055179
        0.166666666666667        0.966666666666667        0.000179557530232        0.000093739551943        0.000085817978289
        0.100000000000000        1.000000000000000        0.000000000000000        0.000000000000000        0.000000000000000
        0.133333333333333        1.033333333333333       -0.000346878511512       -0.000181090908333        0.000165787603179
        0.166666666666667        1.066666666666667       -0.000346878511512       -0.000181090908333        0.000165787603179
        0.200000000000000        0.000000000000000        0.000000000000000        0.000000000000000        0.000000000000000
        0.233333333333333        0.033333333333333       -0.000670117825709       -0.000349840770530        0.000320277055179
        0.266666666666667        0.066666666666667       -0.001160678121186       -0.000605941989118        0.000554736132068
        0.200000000000000        0.100000000000000        0.000000000000000        0.000000000000000        0.000000000000000
        0.233333333333333        0.133333333333333       -0.000346878511512       -0.000181090908333        0.000165787603179
        0.266666666666667        0.166666666666667       -0.000346878511512       -0.000181090908333        0.000165787603179
        0.200000000000000        0.200000000000000        0.000000000000000        0.000000000000000        0.000000000000000
        0.233333333333333        0.233333333333333        0.000179557530232        0.000093739551943        0.000085817978289
        0.266666666666667        0.266666666666667        0.000670117825709        0.000349840770530        0.000320277055179
        0.200000000000000        0.300000000000000       -0.000000000000000       -0.000000000000000        0.000000000000000
        0.233333333333333        0.333333333333333        0.000600811205993        0.000313658654022        0.000287152551971
        0.266666666666667        0.366666666666667        0.001294568229018        0.000675840470688        0.000618727758330
        0.200000000000000        0.400000000000000       -0.000000000000000       -0.000000000000000        0.000000000000000
        0.233333333333333        0.433333333333333        0.000670117825709        0.000349840770530        0.000320277055179
        0.266666666666667        0.466666666666667        0.001160678121186        0.000605941989118        0.000554736132068
        0.200000000000000        0.500000000000000       -0.000000000000000       -0.000000000000000        0.000000000000000
        0.233333333333333        0.533333333333333        0.000346878511512        0.000181090908333        0.000165787603179
        0.266666666666667        0.566666666666667        0.000346878511512        0.000181090908333        0.000165787603179
        0.200000000000000        0.600000000000000       -0.000000000000000       -0.000000000000000        0.000000000000000
        0.233333333333333        0.633333333333333       -0.000179557530232       -0.000093739551943        0.000085817978289
        0.266666666666667        0.666666666666667       -0.000670117825709       -0.000349840770530        0.000320277055179
        0.200000000000000        0.700000000000000        0.000000000000000        0.000000000000000        0.000000000000000
        0.233333333333333        0.733333333333333       -0.000600811205993       -0.000313658654022        0.000287152551971
        0.266666666666667        0.766666666666667       -0.001294568229018       -0.000675840470688        0.000618727758330
        0.200000000000000        0.800000000000000        0.000000000000000        0.000000000000000        0.000000000000000
        0.233333333333333        0.833333333333333       -0.000670117825709       -0.000349840770530        0.000320277055179
        0.266666666666667        0.866666666666667       -0.001160678121186       -0.000605941989118        0.000554736132068
        0.200000000000000        0.900000000000000        0.000000000000000        0.000000000000000        0.000000000000000
        0.233333333333333        0.933333333333333       -0.000346878511512       -0.000181090908333        0.000165787603179
        0.266666666666667        0.966666666666667       -0.000346878511512       -0.000181090908333        0.000165787603179
        0.200000000000000        1.000000000000000        0.000000000000000        0.000000000000000        0.000000000000000
        0.233333333333333        1.033333333333333        0.000179557530232        0.000093739551943        0.000085817978289
        0.266666666666667        1.066666666666667        0.000670117825709        0.000349840770530        0.000320277055179
        0.300000000000000        0.000000000000000       -0.001895379435011       -0.000989499124710        0.000905880310301
        0.333333333333333        0.033333333333333       -0.002242257946524       -0.001170590033044        0.001071667913480
        0.366666666666667        0.066666666666667       -0.002242257946524       -0.001170590033044        0.001071667913480
        0.300000000000000        0.100000000000000       -0.001340235651418       -0.000699681541061        0.000640554110357
        0.333333333333333        0.133333333333333       -0.001160678121186       -0.000605941989118        0.000554736132068
        0.366666666666667        0.166666666666667       -0.000670117825709       -0.000349840770530        0.000320277055179
        0.300000000000000        0.200000000000000       -0.000000000000000       -0.000000000000000        0.000000000000000
        0.333333333333333        0.233333333333333        0.000600811205993        0.000313658654022        0.000287152551971
        0.366666666666667        0.266666666666667        0.001294568229018        0.000675840470688        0.000618727758330
        0.300000000000000        0.300000000000000        0.001340235651418        0.000699681541061        0.000640554110357
        0.333333333333333        0.333333333333333        0.002010353477127        0.001049522311591        0.000960831165536
        0.366666666666667        0.366666666666667        0.002500913772604        0.001305623530179        0.001195290242425
        0.300000000000000        0.400000000000000        0.001895379435011        0.000989499124710        0.000905880310301
        0.333333333333333        0.433333333333333        0.002242257946524        0.001170590033044        0.001071667913480
        0.366666666666667        0.466666666666667        0.002242257946524        0.001170590033044        0.001071667913480
        0.300000000000000        0.500000000000000        0.001340235651418        0.000699681541061        0.000640554110357
        0.333333333333333        0.533333333333333        0.001160678121186        0.000605941989118        0.000554736132068
        0.366666666666667        0.566666666666667        0.000670117825709        0.000349840770530        0.000320277055179
        0.300000000000000        0.600000000000000        0.000000000000000        0.000000000000000        0.000000000000000
        0.333333333333333        0.633333333333333       -0.000600811205993       -0.000313658654022        0.000287152551971
        0.366666666666667        0.666666666666667       -0.001294568229018       -0.000675840470688        0.000618727758330
        0.300000000000000        0.700000000000000       -0.001340235651418       -0.000699681541061        0.000640554110357
        0.333333333333333        0.733333333333333       -0.002010353477127       -0.001049522311591        0.000960831165536
        0.366666666666667        0.766666666666667       -0.002500913772604       -0.001305623530179        0.001195290242425
        0.300000000000000        0.800000000000000       -0.001895379435011       -0.000989499124710        0.000905880310301
        0.333333333333333        0.833333333333333       -0.002242257946524       -0.001170590033044        0.001071667913480
        0.366666666666667        0.866666666666667       -0.002242257946524       -0.001170590033044        0.001071667913480
        0.300000000000000        0.900000000000000       -0.001340235651418       -0.000699681541061        0.000640554110357
        0.333333333333333        0.933333333333333       -0.001160678121186       -0.000605941989118        0.000554736132068
        0.366666666666667        0.966666666666667       -0.000670117825709       -0.000349840770530        0.000320277055179
        0.300000000000000        1.000000000000000       -0.000000000000000       -0.000000000000000        0.000000000000000
        0.333333333333333        1.033333333333333        0.000600811205993        0.000313658654022        0.000287152551971
        0.366666666666667        1.066666666666667        0.001294568229018        0.000675840470688        0.000618727758330
        0.400000000000000        0.000000000000000       -0.002680471302836       -0.001399363082122        0.001281108220714
        0.433333333333333        0.033333333333333       -0.002500913772604       -0.001305623530179        0.001195290242425
        0.466666666666667        0.066666666666667       -0.002010353477127       -0.001049522311591        0.000960831165536
        0.400000000000000        0.100000000000000       -0.001895379435011       -0.000989499124710        0.000905880310301
        0.433333333333333        0.133333333333333       -0.001294568229018       -0.000675840470688        0.000618727758330
        0.466666666666667        0.166666666666667       -0.000600811205993       -0.000313658654022        0.000287152551971
        0.400000000000000        0.200000000000000       -0.000000000000000       -0.000000000000000        0.000000000000000
        0.433333333333333        0.233333333333333        0.000670117825709        0.000349840770530        0.000320277055179
        0.466666666666667        0.266666666666667        0.001160678121186        0.000605941989118        0.000554736132068
        0.400000000000000        0.300000000000000        0.001895379435011        0.000989499124710        0.000905880310301
        0.433333333333333        0.333333333333333        0.002242257946524        0.001170590033044        0.001071667913480
        0.466666666666667        0.366666666666667        0.002242257946524        0.001170590033044        0.001071667913480
        0.400000000000000        0.400000000000000        0.002680471302836        0.001399363082122        0.001281108220714
        0.433333333333333        0.433333333333333        0.002500913772604        0.001305623530179        0.001195290242425
        0.466666666666667        0.466666666666667        0.002010353477127        0.001049522311591        0.000960831165536
        0.400000000000000        0.500000000000000        0.001895379435011        0.000989499124710        0.000905880310301
        0.433333333333333        0.533333333333333        0.001294568229018        0.000675840470688        0.000618727758330
        0.466666666666667        0.566666666666667        0.000600811205993        0.000313658654022        0.000287152551971
        0.400000000000000        0.600000000000000        0.000000000000000        0.000000000000000        0.000000000000000
        0.433333333333333        0.633333333333333       -0.000670117825709       -0.000349840770530        0.000320277055179
        0.466666666666667        0.666666666666667       -0.001160678121186       -0.000605941989118        0.000554736132068
        0.400000000000000        0.700000000000000       -0.001895379435011       -0.000989499124710        0.000905880310301
        0.433333333333333        0.733333333333333       -0.002242257946524       -0.001170590033044        0.001071667913480
        0.466666666666667        0.766666666666667       -0.002242257946524       -0.001170590033044        0.001071667913480
        0.400000000000000        0.800000000000000       -0.002680471302836       -0.001399363082122        0.001281108220714
        0.433333333333333        0.833333333333333       -0.002500913772604       -0.001305623530179        0.001195290242425
        0.466666666666667        0.866666666666667       -0.002010353477127       -0.001049522311591        0.000960831165536
        0.400000000000000        0.900000000000000       -0.001895379435011       -0.000989499124710        0.000905880310301
        0.433333333333333        0.933333333333333       -0.001294568229018       -0.000675840470688        0.000618727758330
        0.466666666666667        0.966666666666667       -0.000600811205993       -0.000313658654022        0.000287152551971
        0.400000000000000        1.000000000000000       -0.000000000000000       -0.000000000000000        0.000000000000000
        0.433333333333333        1.033333333333333        0.000670117825709        0.000349840770530        0.000320277055179
        0.466666666666667        1.066666666666667        0.001160678121186        0.000605941989118        0.000554736132068
        0.500000000000000        0.000000000000000       -0.001895379435011       -0.000989499124710        0.000905880310301
        0.533333333333333        0.033333333333333       -0.001294568229018       -0.000675840470688        0.000618727758330
        0.566666666666667        0.066666666666667       -0.000600811205993       -0.000313658654022        0.000287152551971
        0.500000000000000        0.100000000000000       -0.001340235651418       -0.000699681541061        0.000640554110357
        0.533333333333333        0.133333333333333       -0.000670117825709       -0.000349840770530        0.000320277055179
        0.566666666666667        0.166666666666667       -0.000179557530232       -0.000093739551943        0.000085817978289
        0.500000000000000        0.200000000000000       -0.000000000000000       -0.000000000000000        0.000000000000000
        0.533333333333333        0.233333333333333        0.000346878511512        0.000181090908333        0.000165787603179
        0.566666666666667        0.266666666666667        0.000346878511512        0.000181090908333        0.000165787603179
        0.500000000000000        0.300000000000000        0.001340235651418        0.000699681541061        0.000640554110357
        0.533333333333333        0.333333333333333        0.001160678121186        0.000605941989118        0.000554736132068
        0.566666666666667        0.366666666666667        0.000670117825709        0.000349840770530        0.000320277055179
        0.500000000000000        0.400000000000000        0.001895379435011        0.000989499124710        0.000905880310301
        0.533333333333333        0.433333333333333        0.001294568229018        0.000675840470688        0.000618727758330
        0.566666666666667        0.466666666666667        0.000600811205993        0.000313658654022        0.000287152551971
        0.500000000000000        0.500000000000000        0.001340235651418        0.000699681541061        0.000640554110357
        0.533333333333333        0.533333333333333        0.000670117825709        0.000349840770530        0.000320277055179
        0.566666666666667        0.566666666666667        0.000179557530232        0.000093739551943        0.000085817978289
        0.500000000000000        0.600000000000000        0.000000000000000        0.000000000000000        0.000000000000000
        0.533333333333333        0.633333333333333       -0.000346878511512       -0.000181090908333        0.000165787603179
        0.566666666666667        0.666666666666667       -0.000346878511512       -0.000181090908333        0.000165787603179
        0.500000000000000        0.700000000000000       -0.001340235651418       -0.000699681541061        0.000640554110357
        0.533333333333333        0.733333333333333       -0.001160678121186       -0.000605941989118        0.000554736132068
        0.566666666666667        0.766666666666667       -0.000670117825709       -0.000349840770530        0.000320277055179
        0.500000000000000        0.800000000000000       -0.001895379435011       -0.000989499124710        0.000905880310301
        0.533333333333333        0.833333333333333       -0.001294568229018       -0.000675840470688        0.000618727758330
        0.566666666666667        0.866666666666667       -0.000600811205993       -0.000313658654022        0.000287152551971
        0.500000000000000        0.900000000000000       -0.001340235651418       -0.000699681541061        0.000640554110357
        0.533333333333333        0.933333333333333       -0.000670117825709       -0.000349840770530        0.000320277055179
        0.566666666666667        0.966666666666667       -0.000179557530232       -0.000093739551943        0.000085817978289
        0.500000000000000        1.000000000000000       -0.000000000000000       -0.000000000000000        0.000000000000000
        0.533333333333333        1.033333333333333        0.000346878511512        0.000181090908333        0.000165787603179
        0.566666666666667        1.066666666666667        0.000346878511512        0.000181090908333        0.000165787603179
        0.600000000000000        0.000000000000000       -0.000000000000000       -0.000000000000000        0.000000000000000
        0.633333333333333        0.033333333333333        0.000670117825709        0.000349840770530        0.000320277055179
        0.666666666666667        0.066666666666667        0.001160678121186        0.000605941989118        0.000554736132068
        0.600000000000000        0.100000000000000       -0.000000000000000       -0.000000000000000        0.000000000000000
        0.633333333333333        0.133333333333333        0.000346878511512        0.000181090908333        0.000165787603179
        0.666666666666667        0.166666666666667        0.000346878511512        0.000181090908333        0.000165787603179
        0.600000000000000        0.200000000000000       -0.000000000000000       -0.000000000000000        0.000000000000000
        0.633333333333333        0.233333333333333       -0.000179557530232       -0.000093739551943        0.000085817978289
        0.666666666666667        0.266666666666667       -0.000670117825709       -0.000349840770530        0.000320277055179
        0.600000000000000        0.300000000000000        0.000000000000000        0.000000000000000        0.000000000000000
        0.633333333333333        0.333333333333333       -0.000600811205993       -0.000313658654022        0.000287152551971
        0.666666666666667        0.366666666666667       -0.001294568229018       -0.000675840470688        0.000618727758330
        0.600000000000000        0.400000000000000        0.000000000000000        0.000000000000000        0.000000000000000
        0.633333333333333        0.433333333333333       -0.000670117825709       -0.000349840770530        0.000320277055179
        0.666666666666667        0.466666666666667       -0.001160678121186       -0.000605941989118        0.000554736132068
        0.600000000000000        0.500000000000000        0.000000000000000        0.000000000000000        0.000000000000000
        0.633333333333333        0.533333333333333       -0.000346878511512       -0.000181090908333        0.000165787603179
        0.666666666666667        0.566666666666667       -0.000346878511512       -0.000181090908333        0.000165787603179
        0.600000000000000        0.600000000000000        0.000000000000000       -0.000000000000000        0.000000000000000
        0.633333333333333        0.633333333333333        0.000179557530232        0.000093739551943        0.000085817978289
        0.666666666666667        0.666666666666667        0.000670117825709        0.000349840770530        0.000320277055179
        0.600000000000000        0.700000000000000       -0.000000000000000       -0.000000000000000        0.000000000000000
        0.633333333333333        0.733333333333333        0.000600811205993        0.000313658654022        0.000287152551971
        0.666666666666667        0.766666666666667        0.001294568229018        0.000675840470688        0.000618727758330
        0.600000000000000        0.800000000000000       -0.000000000000000       -0.000000000000000        0.000000000000000
        0.633333333333333        0.833333333333333        0.000670117825709        0.000349840770530        0.000320277055179
        0.666666666666667        0.866666666666667        0.001160678121186        0.000605941989118        0.000554736132068
        0.600000000000000        0.900000000000000       -0.000000000000000       -0.000000000000000        0.000000000000000
        0.633333333333333        0.933333333333333        0.000346878511512        0.000181090908333        0.000165787603179
        0.666666666666667        0.966666666666667        0.000346878511512        0.000181090908333        0.000165787603179
        0.600000000000000        1.000000000000000       -0.000000000000000       -0.000000000000000        0.000000000000000
        0.633333333333333        1.033333333333333       -0.000179557530232       -0.000093739551943        0.000085817978289
        0.666666666666667        1.066666666666667       -0.000670117825709       -0.000349840770530        0.000320277055179
        0.700000000000000        0.000000000000000        0.001895379435011        0.000989499124710        0.000905880310301
        0.733333333333333        0.033333333333333        0.002242257946524        0.001170590033044        0.001071667913480
        0.766666666666667        0.066666666666667        0.002242257946524        0.001170590033044        0.001071667913480
        0.700000000000000        0.100000000000000        0.001340235651418        0.000699681541061        0.000640554110357
        0.733333333333333        0.133333333333333        0.001160678121186        0.000605941989118        0.000554736132068
        0.766666666666667        0.166666666666667        0.000670117825709        0.000349840770530        0.000320277055179
        0.700000000000000        0.200000000000000        0.000000000000000        0.000000000000000        0.000000000000000
        0.733333333333333        0.233333333333333       -0.000600811205993       -0.000313658654022        0.000287152551971
        0.766666666666667        0.266666666666667       -0.001294568229018       -0.000675840470688        0.000618727758330
        0.700000000000000        0.300000000000000       -0.001340235651418       -0.000699681541061        0.000640554110357
        0.733333333333333        0.333333333333333       -0.002010353477127       -0.001049522311591        0.000960831165536
        0.766666666666667        0.366666666666667       -0.002500913772604       -0.001305623530179        0.001195290242425
        0.700000000000000        0.400000000000000       -0.001895379435011       -0.000989499124710        0.000905880310301
        0.733333333333333        0.433333333333333       -0.002242257946524       -0.001170590033044        0.001071667913480
        0.766666666666667        0.466666666666667       -0.002242257946524       -0.001170590033044        0.001071667913480
        0.700000000000000        0.500000000000000       -0.001340235651418       -0.000699681541061        0.000640554110357
        0.733333333333333        0.533333333333333       -0.001160678121186       -0.000605941989118        0.000554736132068
        0.766666666666667        0.566666666666667       -0.000670117825709       -0.000349840770530        0.000320277055179
        0.700000000000000        0.600000000000000       -0.000000000000000       -0.000000000000000        0.000000000000000
        0.733333333333333        0.633333333333333        0.000600811205993        0.000313658654022        0.000287152551971
        0.766666666666667        0.666666666666667        0.001294568229018        0.000675840470688        0.000618727758330
        0.700000000000000        0.700000000000000        0.001340235651418        0.000699681541061        0.000640554110357
        0.733333333333333        0.733333333333333        0.002010353477127        0.001049522311591        0.000960831165536
        0.766666666666667        0.766666666666667        0.002500913772604        0.001305623530179        0.001195290242425
        0.700000000000000        0.800000000000000        0.001895379435011        0.000989499124710        0.000905880310301
        0.733333333333333        0.833333333333333        0.002242257946524        0.001170590033044        0.001071667913480
        0.766666666666667        0.866666666666667        0.002242257946524        0.001170590033044        0.001071667913480
        0.700000000000000        0.900000000000000        0.001340235651418        0.000699681541061        0.000640554110357
        0.733333333333333        0.933333333333333        0.001160678121186        0.000605941989118        0.000554736132068
        0.766666666666667        0.966666666666667        0.000670117825709        0.000349840770530        0.000320277055179
        0.700000000000000        1.000000000000000        0.000000000000000        0.000000000000000        0.000000000000000
        0.733333333333333        1.033333333333333       -0.000600811205993       -0.000313658654022        0.000287152551971
        0.766666666666667        1.066666666666667       -0.001294568229018       -0.000675840470688        0.000618727758330
        0.800000000000000        0.000000000000000        0.002680471302836        0.001399363082122        0.001281108220714
        0.833333333333333        0.033333333333333        0.002500913772604        0.001305623530179        0.001195290242425
        0.866666666666667        0.066666666666667        0.002010353477127        0.001049522311591        0.000960831165536
        0.800000000000000        0.100000000000000        0.001895379435011        0.000989499124710        0.000905880310301
        0.833333333333333        0.133333333333333        0.001294568229018        0.000675840470688        0.000618727758330
        0.866666666666667        0.166666666666667        0.000600811205993        0.000313658654022        0.000287152551971
        0.800000000000000        0.200000000000000        0.000000000000000        0.000000000000000        0.000000000000000
        0.833333333333333        0.233333333333333       -0.000670117825709       -0.000349840770530        0.000320277055179
        0.866666666666667        0.266666666666667       -0.001160678121186       -0.000605941989118        0.000554736132068
        0.800000000000000        0.300000000000000       -0.001895379435011       -0.000989499124710        0.000905880310301
        0.833333333333333        0.333333333333333       -0.002242257946524       -0.001170590033044        0.001071667913480
        0.866666666666667        0.366666666666667       -0.002242257946524       -0.001170590033044        0.001071667913480
        0.800000000000000        0.400000000000000       -0.002680471302836       -0.001399363082122        0.001281108220714
        0.833333333333333        0.433333333333333       -0.002500913772604       -0.001305623530179        0.001195290242425
        0.866666666666667        0.466666666666667       -0.002010353477127       -0.001049522311591        0.000960831165536
        0.800000000000000        0.500000000000000       -0.001895379435011       -0.000989499124710        0.000905880310301
        0.833333333333333        0.533333333333333       -0.001294568229018       -0.000675840470688        0.000618727758330
        0.866666666666667        0.566666666666667       -0.000600811205993       -0.000313658654022        0.000287152551971
        0.800000000000000        0.600000000000000       -0.000000000000000       -0.000000000000000        0.000000000000000
        0.833333333333333        0.633333333333333        0.000670117825709        0.000349840770530        0.000320277055179
        0.866666666666667        0.666666666666667        0.001160678121186        0.000605941989118        0.000554736132068
        0.800000000000000        0.700000000000000        0.001895379435011        0.000989499124710        0.000905880310301
        0.833333333333333        0.733333333333333        0.002242257946524        0.001170590033044        0.001071667913480
        0.866666666666667        0.766666666666667        0.002242257946524        0.001170590033044        0.001071667913480
        0.800000000000000        0.800000000000000        0.002680471302836        0.001399363082122        0.001281108220714
        0.833333333333333        0.833333333333333        0.002500913772604        0.001305623530179        0.001195290242425
        0.866666666666667        0.866666666666667        0.002010353477127        0.001049522311591        0.000960831165536
        0.800000000000000        0.900000000000000        0.001895379435011        0.000989499124710        0.000905880310301
        0.833333333333333        0.933333333333333        0.001294568229018        0.000675840470688        0.000618727758330
        0.866666666666667        0.966666666666667        0.000600811205993        0.000313658654022        0.000287152551971
        0.800000000000000        1.000000000000000        0.000000000000000        0.000000000000000        0.000000000000000
        0.833333333333333        1.033333333333333       -0.000670117825709       -0.000349840770530        0.000320277055179
        0.866666666666667        1.066666666666667       -0.001160678121186       -0.000605941989118        0.000554736132068
        0.900000000000000        0.000000000000000        0.001895379435011        0.000989499124710        0.000905880310301
        0.933333333333333        0.033333333333333        0.001294568229018        0.000675840470688        0.000618727758330
        0.966666666666667        0.066666666666667        0.000600811205993        0.000313658654022        0.000287152551971
        0.900000000000000        0.100000000000000        0.001340235651418        0.000699681541061        0.000640554110357
        0.933333333333333        0.133333333333333        0.000670117825709        0.000349840770530        0.000320277055179
        0.966666666666667        0.166666666666667        0.000179557530232        0.000093739551943        0.000085817978289
        0.900000000000000        0.200000000000000        0.000000000000000        0.000000000000000        0.000000000000000
        0.933333333333333        0.233333333333333       -0.000346878511512       -0.000181090908333        0.000165787603179
        0.966666666666667        0.266666666666667       -0.000346878511512       -0.000181090908333        0.000165787603179
        0.900000000000000        0.300000000000000       -0.001340235651418       -0.000699681541061        0.000640554110357
        0.933333333333333        0.333333333333333       -0.001160678121186       -0.000605941989118        0.000554736132068
        0.966666666666667        0.366666666666667       -0.000670117825709       -0.000349840770530        0.000320277055179
        0.900000000000000        0.400000000000000       -0.001895379435011       -0.000989499124710        0.000905880310301
        0.933333333333333        0.433333333333333       -0.001294568229018       -0.000675840470688        0.000618727758330
        0.966666666666667        0.466666666666667       -0.000600811205993       -0.000313658654022        0.000287152551971
        0.900000000000000        0.500000000000000       -0.001340235651418       -0.000699681541061        0.000640554110357
        0.933333333333333        0.533333333333333       -0.000670117825709       -0.000349840770530        0.000320277055179
        0.966666666666667        0.566666666666667       -0.000179557530232       -0.000093739551943        0.000085817978289
        0.900000000000000        0.600000000000000       -0.000000000000000       -0.000000000000000        0.000000000000000
        0.933333333333333        0.633333333333333        0.000346878511512        0.000181090908333        0.000165787603179
        0.966666666666667        0.666666666666667        0.000346878511512        0.000181090908333        0.000165787603179
        0.900000000000000        0.700000000000000        0.001340235651418        0.000699681541061        0.000640554110357
        0.933333333333333        0.733333333333333        0.001160678121186        0.000605941989118        0.000554736132068
        0.966666666666667        0.766666666666667        0.000670117825709        0.000349840770530        0.000320277055179
        0.900000000000000        0.800000000000000        0.001895379435011        0.000989499124710        0.000905880310301
        0.933333333333333        0.833333333333333        0.001294568229018        0.000675840470688        0.000618727758330
        0.966666666666667        0.866666666666667        0.000600811205993        0.000313658654022        0.000287152551971
        0.900000000000000        0.900000000000000        0.001340235651418        0.000699681541061        0.000640554110357
        0.933333333333333        0.933333333333333        0.000670117825709        0.000349840770530        0.000320277055179
        0.966666666666667        0.966666666666667        0.000179557530232        0.000093739551943        0.000085817978289
        0.900000000000000        1.000000000000000        0.000000000000000        0.000000000000000        0.000000000000000
        0.933333333333333        1.033333333333333       -0.000346878511512       -0.000181090908333        0.000165787603179
        0.966666666666667        1.066666666666667       -0.000346878511512       -0.000181090908333        0.000165787603179
        1.000000000000000        0.000000000000000        0.000000000000000        0.000000000000000        0.000000000000000
        1.033333333333333        0.033333333333333       -0.000670117825709       -0.000349840770530        0.000320277055179
        1.066666666666667        0.066666666666667       -0.001160678121186       -0.000605941989118        0.000554736132068
        1.000000000000000        0.100000000000000        0.000000000000000        0.000000000000000        0.000000000000000
        1.033333333333333        0.133333333333333       -0.000346878511512       -0.000181090908333        0.000165787603179
        1.066666666666667        0.166666666666667       -0.000346878511512       -0.000181090908333        0.000165787603179
        1.000000000000000        0.200000000000000        0.000000000000000        0.000000000000000        0.000000000000000
        1.033333333333333        0.233333333333333        0.000179557530232        0.000093739551943        0.000085817978289
        1.066666666666667        0.266666666666667        0.000670117825709        0.000349840770530        0.000320277055179
        1.000000000000000        0.300000000000000       -0.000000000000000       -0.000000000000000        0.000000000000000
        1.033333333333333        0.333333333333333        0.000600811205993        0.000313658654022        0.000287152551971
        1.066666666666667        0.366666666666667        0.001294568229018        0.000675840470688        0.000618727758330
        1.000000000000000        0.400000000000000       -0.000000000000000       -0.000000000000000        0.000000000000000
        1.033333333333333        0.433333333333333        0.000670117825709        0.000349840770530        0.000320277055179
        1.066666666666667        0.466666666666667        0.001160678121186        0.000605941989118        0.000554736132068
        1.000000000000000        0.500000000000000       -0.000000000000000       -0.000000000000000        0.000000000000000
        1.033333333333333        0.533333333333333        0.000346878511512        0.000181090908333        0.000165787603179
        1.066666666666667        0.566666666666667        0.000346878511512        0.000181090908333        0.000165787603179
        1.000000000000000        0.600000000000000       -0.000000000000000       -0.000000000000000        0.000000000000000
        1.033333333333333        0.633333333333333       -0.000179557530232       -0.000093739551943        0.000085817978289
        1.066666666666667        0.666666666666667       -0.000670117825709       -0.000349840770530        0.000320277055179
        1.000000000000000        0.700000000000000        0.000000000000000        0.000000000000000        0.000000000000000
        1.033333333333333        0.733333333333333       -0.000600811205993       -0.000313658654022        0.000287152551971
        1.066666666666667        0.766666666666667       -0.001294568229018       -0.000675840470688        0.000618727758330
        1.000000000000000        0.800000000000000        0.000000000000000        0.000000000000000        0.000000000000000
        1.033333333333333        0.833333333333333       -0.000670117825709       -0.000349840770530        0.000320277055179
        1.066666666666667        0.866666666666667       -0.001160678121186       -0.000605941989118        0.000554736132068
        1.000000000000000        0.900000000000000        0.000000000000000        0.000000000000000        0.000000000000000
        1.033333333333333        0.933333333333333       -0.000346878511512       -0.000181090908333        0.000165787603179
        1.066666666666667        0.966666666666667       -0.000346878511512       -0.000181090908333        0.000165787603179
        1.000000000000000        1.000000000000000        0.000000000000000        0.000000000000000        0.000000000000000
        1.033333333333333        1.033333333333333        0.000179557530232        0.000093739551943        0.000085817978289
        1.066666666666667        1.066666666666667        0.000670117825709        0.000349840770530        0.000320277055179
