        0.000000000000000        0.000000000000000        0.002369366413463        0.001236948100698        0.001132418312765
        0.033333333333333        0.033333333333333        0.002210648959198        0.001154088289533        0.001056560669665
        0.066666666666667        0.066666666666667        0.001777024810097        0.000927711075524        0.000849313734574
        0.000000000000000        0.100000000000000        0.001675395058075        0.000874654389980        0.000800740668096
        0.033333333333333        0.133333333333333        0.001144316105353        0.000597400058122        0.000546916047231
        0.066666666666667        0.166666666666667        0.000531078952722        0.000277254331858        0.000253824620865
        0.000000000000000        0.200000000000000        0.000000000000000        0.000000000000000        0.000000000000000
        0.033333333333333        0.233333333333333       -0.000592341603366       -0.000309237025175        0.000283104578191
        0.066666666666667        0.266666666666667       -0.001025965752466       -0.000535614239184        0.000490351513283
        0.000000000000000        0.300000000000000       -0.001675395058075       -0.000874654389980        0.000800740668096
        0.033333333333333        0.333333333333333       -0.001982013634391       -0.001034727253112        0.000947286381279
        0.066666666666667        0.366666666666667       -0.001982013634391       -0.001034727253112        0.000947286381279
        0.000000000000000        0.400000000000000       -0.002369366413463       -0.001236948100698        0.001132418312765
        0.033333333333333        0.433333333333333       -0.002210648959198       -0.001154088289533        0.001056560669665
        0.066666666666667        0.466666666666667       -0.001777024810097       -0.000927711075524        0.000849313734574
        0.000000000000000        0.500000000000000       -0.001675395058075       -0.000874654389980        0.000800740668096
        0.033333333333333        0.533333333333333       -0.001144316105353       -0.000597400058122        0.000546916047231
        0.066666666666667        0.566666666666667       -0.000531078952722       -0.000277254331858        0.000253824620865
        0.000000000000000        0.600000000000000       -0.000000000000000       -0.000000000000000        0.000000000000000
        0.033333333333333        0.633333333333333        0.000592341603366        0.000309237025175        0.000283104578191
        0.066666666666667        0.666666666666667        0.001025965752466        0.000535614239184        0.000490351513283
        0.000000000000000        0.700000000000000        0.001675395058075        0.000874654389980        0.000800740668096
        0.033333333333333        0.733333333333333        0.001982013634391        0.001034727253112        0.000947286381279
        0.066666666666667        0.766666666666667        0.001982013634391        0.001034727253112        0.000947286381279
        0.000000000000000        0.800000000000000        0.002369366413463        0.001236948100698        0.001132418312765
        0.033333333333333        0.833333333333333        0.002210648959198        0.001154088289533        0.001056560669665
        0.066666666666667        0.866666666666667        0.001777024810097        0.000927711075524        0.000849313734574
        0.000000000000000        0.900000000000000        0.001675395058075        0.000874654389980        0.000800740668096
        0.033333333333333        0.933333333333333        0.001144316105353        0.000597400058122        0.000546916047231
        0.066666666666667        0.966666666666667        0.000531078952722        0.000277254331858        0.000253824620865
        0.000000000000000        1.000000000000000        0.000000000000000        0.000000000000000        0.000000000000000
        0.033333333333333        1.033333333333333       -0.000592341603366       -0.000309237025175        0.000283104578191
        0.066666666666667        1.066666666666667       -0.001025965752466       -0.000535614239184        0.000490351513283
        0.100000000000000        0.000000000000000        0.001675395058075        0.000874654389980        0.000800740668096
        0.133333333333333        0.033333333333333        0.001144316105353        0.000597400058122        0.000546916047231
        0.166666666666667        0.066666666666667        0.000531078952722        0.000277254331858        0.000253824620865
        0.100000000000000        0.100000000000000        0.001184683206732        0.000618474050349        0.000566209156382
        0.133333333333333        0.133333333333333        0.000592341603366        0.000309237025175        0.000283104578191
        0.166666666666667        0.166666666666667        0.000158717454265        0.000082859811165        0.000075857643100
        0.100000000000000        0.200000000000000        0.000000000000000        0.000000000000000        0.000000000000000
        0.133333333333333        0.233333333333333       -0.000306618576315       -0.000160072863132        0.000146545713183
        0.166666666666667        0.266666666666667       -0.000306618576315       -0.000160072863132        0.000146545713183
        0.100000000000000        0.300000000000000       -0.001184683206732       -0.000618474050349        0.000566209156382
        0.133333333333333        0.333333333333333       -0.001025965752466       -0.000535614239184        0.000490351513283
        0.166666666666667        0.366666666666667       -0.000592341603366       -0.000309237025175        0.000283104578191
        0.100000000000000        0.400000000000000       -0.001675395058075       -0.000874654389980        0.000800740668096
        0.133333333333333        0.433333333333333       -0.001144316105353       -0.000597400058122        0.000546916047231
        0.166666666666667        0.466666666666667       -0.000531078952722       -0.000277254331858        0.000253824620865
        0.100000000000000        0.500000000000000       -0.001184683206732       -0.000618474050349        0.000566209156382
        0.133333333333333        0.533333333333333       -0.000592341603366       -0.000309237025175        0.000283104578191
        0.166666666666667        0.566666666666667       -0.000158717454265       -0.000082859811165        0.000075857643100
        0.100000000000000        0.600000000000000       -0.000000000000000       -0.000000000000000        0.000000000000000
        0.133333333333333        0.633333333333333        0.000306618576315        0.000160072863132        0.000146545713183
        0.166666666666667        0.666666666666667        0.000306618576315        0.000160072863132        0.000146545713183
        0.100000000000000        0.700000000000000        0.001184683206732        0.000618474050349        0.000566209156382
        0.133333333333333        0.733333333333333        0.001025965752466        0.000535614239184        0.000490351513283
        0.166666666666667        0.766666666666667        0.000592341603366        0.000309237025175        0.000283104578191
        0.100000000000000        0.800000000000000        0.001675395058075        0.000874654389980        0.000800740668096
        0.133333333333333        0.833333333333333        0.001144316105353        0.000597400058122        0.000546916047231
        0.166666666666667        0.866666666666667        0.000531078952722        0.000277254331858        0.000253824620865
        0.100000000000000        0.900000000000000        0.001184683206732        0.000618474050349        0.000566209156382
        0.133333333333333        0.933333333333333        0.000592341603366        0.000309237025175        0.000283104578191
        0.166666666666667        0.966666666666667        0.000158717454265        0.000082859811165        0.000075857643100
        0.100000000000000        1.000000000000000        0.000000000000000        0.000000000000000        0.000000000000000
        0.133333333333333        1.033333333333333       -0.000306618576315       -0.000160072863132        0.000146545713183
        0.166666666666667        1.066666666666667       -0.000306618576315       -0.000160072863132        0.000146545713183
        0.200000000000000        0.000000000000000        0.000000000000000        0.000000000000000        0.000000000000000
        0.233333333333333        0.033333333333333       -0.000592341603366       -0.000309237025175        0.000283104578191
        0.266666666666667        0.066666666666667       -0.001025965752466       -0.000535614239184        0.000490351513283
        0.200000000000000        0.100000000000000        0.000000000000000        0.000000000000000        0.000000000000000
        0.233333333333333        0.133333333333333       -0.000306618576315       -0.000160072863132        0.000146545713183
        0.266666666666667        0.166666666666667       -0.000306618576315       -0.000160072863132        0.000146545713183
        0.200000000000000        0.200000000000000        0.000000000000000        0.000000000000000        0.000000000000000
        0.233333333333333        0.233333333333333        0.000158717454265        0.000082859811165        0.000075857643100
        0.266666666666667        0.266666666666667        0.000592341603366        0.000309237025175        0.000283104578191
        0.200000000000000        0.300000000000000       -0.000000000000000       -0.000000000000000        0.000000000000000
        0.233333333333333        0.333333333333333        0.000531078952722        0.000277254331858        0.000253824620865
        0.266666666666667        0.366666666666667        0.001144316105353        0.000597400058122        0.000546916047231
        0.200000000000000        0.400000000000000       -0.000000000000000       -0.000000000000000        0.000000000000000
        0.233333333333333        0.433333333333333        0.000592341603366        0.000309237025175        0.000283104578191
        0.266666666666667        0.466666666666667        0.001025965752466        0.000535614239184        0.000490351513283
        0.200000000000000        0.500000000000000       -0.000000000000000       -0.000000000000000        0.000000000000000
        0.233333333333333        0.533333333333333        0.000306618576315        0.000160072863132        0.000146545713183
        0.266666666666667        0.566666666666667        0.000306618576315        0.000160072863132        0.000146545713183
        0.200000000000000        0.600000000000000       -0.000000000000000        0.000000000000000        0.000000000000000
        0.233333333333333        0.633333333333333       -0.000158717454265       -0.000082859811165        0.000075857643100
        0.266666666666667        0.666666666666667       -0.000592341603366       -0.000309237025175        0.000283104578191
        0.200000000000000        0.700000000000000        0.000000000000000        0.000000000000000        0.000000000000000
        0.233333333333333        0.733333333333333       -0.000531078952722       -0.000277254331858        0.000253824620865
        0.266666666666667        0.766666666666667       -0.001144316105353       -0.000597400058122        0.000546916047231
        0.200000000000000        0.800000000000000        0.000000000000000        0.000000000000000        0.000000000000000
        0.233333333333333        0.833333333333333       -0.000592341603366       -0.000309237025175        0.000283104578191
        0.266666666666667        0.866666666666667       -0.001025965752466       -0.000535614239184        0.000490351513283
        0.200000000000000        0.900000000000000        0.000000000000000        0.000000000000000        0.000000000000000
        0.233333333333333        0.933333333333333       -0.000306618576315       -0.000160072863132        0.000146545713183
        0.266666666666667        0.966666666666667       -0.000306618576315       -0.000160072863132        0.000146545713183
        0.200000000000000        1.000000000000000        0.000000000000000        0.000000000000000        0.000000000000000
        0.233333333333333        1.033333333333333        0.000158717454265        0.000082859811165        0.000075857643100
        0.266666666666667        1.066666666666667        0.000592341603366        0.000309237025175        0.000283104578191
        0.300000000000000        0.000000000000000       -0.001675395058075       -0.000874654389980        0.000800740668096
        0.333333333333333        0.033333333333333       -0.001982013634391       -0.001034727253112        0.000947286381279
        0.366666666666667        0.066666666666667       -0.001982013634391       -0.001034727253112        0.000947286381279
        0.300000000000000        0.100000000000000       -0.001184683206732       -0.000618474050349        0.000566209156382
        0.333333333333333        0.133333333333333       -0.001025965752466       -0.000535614239184        0.000490351513283
        0.366666666666667        0.166666666666667       -0.000592341603366       -0.000309237025175        0.000283104578191
        0.300000000000000        0.200000000000000       -0.000000000000000       -0.000000000000000        0.000000000000000
        0.333333333333333        0.233333333333333        0.000531078952722        0.000277254331858        0.000253824620865
        0.366666666666667        0.266666666666667        0.001144316105353        0.000597400058122        0.000546916047231
        0.300000000000000        0.300000000000000        0.001184683206732        0.000618474050349        0.000566209156382
        0.333333333333333        0.333333333333333        0.001777024810097        0.000927711075524        0.000849313734574
        0.366666666666667        0.366666666666667        0.002210648959198        0.001154088289533        0.001056560669665
        0.300000000000000        0.400000000000000        0.001675395058075        0.000874654389980        0.000800740668096
        0.333333333333333        0.433333333333333        0.001982013634391        0.001034727253112        0.000947286381279
        0.366666666666667        0.466666666666667        0.001982013634391        0.001034727253112        0.000947286381279
        0.300000000000000        0.500000000000000        0.001184683206732        0.000618474050349        0.000566209156382
        0.333333333333333        0.533333333333333        0.001025965752466        0.000535614239184        0.000490351513283
        0.366666666666667        0.566666666666667        0.000592341603366        0.000309237025175        0.000283104578191
        0.300000000000000        0.600000000000000        0.000000000000000        0.000000000000000        0.000000000000000
        0.333333333333333        0.633333333333333       -0.000531078952722       -0.000277254331858        0.000253824620865
        0.366666666666667        0.666666666666667       -0.001144316105353       -0.000597400058122        0.000546916047231
        0.300000000000000        0.700000000000000       -0.001184683206732       -0.000618474050349        0.000566209156382
        0.333333333333333        0.733333333333333       -0.001777024810097       -0.000927711075524        0.000849313734574
        0.366666666666667        0.766666666666667       -0.002210648959198       -0.001154088289533        0.001056560669665
        0.300000000000000        0.800000000000000       -0.001675395058075       -0.000874654389980        0.000800740668096
        0.333333333333333        0.833333333333333       -0.001982013634391       -0.001034727253112        0.000947286381279
        0.366666666666667        0.866666666666667       -0.001982013634391       -0.001034727253112        0.000947286381279
        0.300000000000000        0.900000000000000       -0.001184683206732       -0.000618474050349        0.000566209156382
        0.333333333333333        0.933333333333333       -0.001025965752466       -0.000535614239184        0.000490351513283
        0.366666666666667        0.966666666666667       -0.000592341603366       -0.000309237025175        0.000283104578191
        0.300000000000000        1.000000000000000       -0.000000000000000       -0.000000000000000        0.000000000000000
        0.333333333333333        1.033333333333333        0.000531078952722        0.000277254331858        0.000253824620865
        0.366666666666667        1.066666666666667        0.001144316105353        0.000597400058122        0.000546916047231
        0.400000000000000        0.000000000000000       -0.002369366413463       -0.001236948100698        0.001132418312765
        0.433333333333333        0.033333333333333       -0.002210648959198       -0.001154088289533        0.001056560669665
        0.466666666666667        0.066666666666667       -0.001777024810097       -0.000927711075524        0.000849313734574
        0.400000000000000        0.100000000000000       -0.001675395058075       -0.000874654389980        0.000800740668096
        0.433333333333333        0.133333333333333       -0.001144316105353       -0.000597400058122        0.000546916047231
        0.466666666666667        0.166666666666667       -0.000531078952722       -0.000277254331858        0.000253824620865
        0.400000000000000        0.200000000000000       -0.000000000000000       -0.000000000000000        0.000000000000000
        0.433333333333333        0.233333333333333        0.000592341603366        0.000309237025175        0.000283104578191
        0.466666666666667        0.266666666666667        0.001025965752466        0.000535614239184        0.000490351513283
        0.400000000000000        0.300000000000000        0.001675395058075        0.000874654389980        0.000800740668096
        0.433333333333333        0.333333333333333        0.001982013634391        0.001034727253112        0.000947286381279
        0.466666666666667        0.366666666666667        0.001982013634391        0.001034727253112        0.000947286381279
        0.400000000000000        0.400000000000000        0.002369366413463        0.001236948100698        0.001132418312765
        0.433333333333333        0.433333333333333        0.002210648959198        0.001154088289533        0.001056560669665
        0.466666666666667        0.466666666666667        0.001777024810097        0.000927711075524        0.000849313734574
        0.400000000000000        0.500000000000000        0.001675395058075        0.000874654389980        0.000800740668096
        0.433333333333333        0.533333333333333        0.001144316105353        0.000597400058122        0.000546916047231
        0.466666666666667        0.566666666666667        0.000531078952722        0.000277254331858        0.000253824620865
        0.400000000000000        0.600000000000000        0.000000000000000        0.000000000000000        0.000000000000000
        0.433333333333333        0.633333333333333       -0.000592341603366       -0.000309237025175        0.000283104578191
        0.466666666666667        0.666666666666667       -0.001025965752466       -0.000535614239184        0.000490351513283
        0.400000000000000        0.700000000000000       -0.001675395058075       -0.000874654389980        0.000800740668096
        0.433333333333333        0.733333333333333       -0.001982013634391       -0.001034727253112        0.000947286381279
        0.466666666666667        0.766666666666667       -0.001982013634391       -0.001034727253112        0.000947286381279
        0.400000000000000        0.800000000000000       -0.002369366413463       -0.001236948100698        0.001132418312765
        0.433333333333333        0.833333333333333       -0.002210648959198       -0.001154088289533        0.001056560669665
        0.466666666666667        0.866666666666667       -0.001777024810097       -0.000927711075524        0.000849313734574
        0.400000000000000        0.900000000000000       -0.001675395058075       -0.000874654389980        0.000800740668096
        0.433333333333333        0.933333333333333       -0.001144316105353       -0.000597400058122        0.000546916047231
        0.466666666666667        0.966666666666667       -0.000531078952722       -0.000277254331858        0.000253824620865
        0.400000000000000        1.000000000000000       -0.000000000000000       -0.000000000000000        0.000000000000000
        0.433333333333333        1.033333333333333        0.000592341603366        0.000309237025175        0.000283104578191
        0.466666666666667        1.066666666666667        0.001025965752466        0.000535614239184        0.000490351513283
        0.500000000000000        0.000000000000000       -0.001675395058075       -0.000874654389980        0.000800740668096
        0.533333333333333        0.033333333333333       -0.001144316105353       -0.000597400058122        0.000546916047231
        0.566666666666667        0.066666666666667       -0.000531078952722       -0.000277254331858        0.000253824620865
        0.500000000000000        0.100000000000000       -0.001184683206732       -0.000618474050349        0.000566209156382
        0.533333333333333        0.133333333333333       -0.000592341603366       -0.000309237025175        0.000283104578191
        0.566666666666667        0.166666666666667       -0.000158717454265       -0.000082859811165        0.000075857643100
        0.500000000000000        0.200000000000000       -0.000000000000000       -0.000000000000000        0.000000000000000
        0.533333333333333        0.233333333333333        0.000306618576315        0.000160072863132        0.000146545713183
        0.566666666666667        0.266666666666667        0.000306618576315        0.000160072863132        0.000146545713183
        0.500000000000000        0.300000000000000        0.001184683206732        0.000618474050349        0.000566209156382
        0.533333333333333        0.333333333333333        0.001025965752466        0.000535614239184        0.000490351513283
        0.566666666666667        0.366666666666667        0.000592341603366        0.000309237025175        0.000283104578191
        0.500000000000000        0.400000000000000        0.001675395058075        0.000874654389980        0.000800740668096
        0.533333333333333        0.433333333333333        0.001144316105353        0.000597400058122        0.000546916047231
        0.566666666666667        0.466666666666667        0.000531078952722        0.000277254331858        0.000253824620865
        0.500000000000000        0.500000000000000        0.001184683206732        0.000618474050349        0.000566209156382
        0.533333333333333        0.533333333333333        0.000592341603366        0.000309237025175        0.000283104578191
        0.566666666666667        0.566666666666667        0.000158717454265        0.000082859811165        0.000075857643100
        0.500000000000000        0.600000000000000        0.000000000000000        0.000000000000000        0.000000000000000
        0.533333333333333        0.633333333333333       -0.000306618576315       -0.000160072863132        0.000146545713183
        0.566666666666667        0.666666666666667       -0.000306618576315       -0.000160072863132        0.000146545713183
        0.500000000000000        0.700000000000000       -0.001184683206732       -0.000618474050349        0.000566209156382
        0.533333333333333        0.733333333333333       -0.001025965752466       -0.000535614239184        0.000490351513283
        0.566666666666667        0.766666666666667       -0.000592341603366       -0.000309237025175        0.000283104578191
        0.500000000000000        0.800000000000000       -0.001675395058075       -0.000874654389980        0.000800740668096
        0.533333333333333        0.833333333333333       -0.001144316105353       -0.000597400058122        0.000546916047231
        0.566666666666667        0.866666666666667       -0.000531078952722       -0.000277254331858        0.000253824620865
        0.500000000000000        0.900000000000000       -0.001184683206732       -0.000618474050349        0.000566209156382
        0.533333333333333        0.933333333333333       -0.000592341603366       -0.000309237025175        0.000283104578191
        0.566666666666667        0.966666666666667       -0.000158717454265       -0.000082859811165        0.000075857643100
        0.500000000000000        1.000000000000000       -0.000000000000000       -0.000000000000000        0.000000000000000
        0.533333333333333        1.033333333333333        0.000306618576315        0.000160072863132        0.000146545713183
        0.566666666666667        1.066666666666667        0.000306618576315        0.000160072863132        0.000146545713183
        0.600000000000000        0.000000000000000       -0.000000000000000       -0.000000000000000        0.000000000000000
        0.633333333333333        0.033333333333333        0.000592341603366        0.000309237025175        0.000283104578191
        0.666666666666667        0.066666666666667        0.001025965752466        0.000535614239184        0.000490351513283
        0.600000000000000        0.100000000000000       -0.000000000000000       -0.000000000000000        0.000000000000000
        0.633333333333333        0.133333333333333        0.000306618576315        0.000160072863132        0.000146545713183
        0.666666666666667        0.166666666666667        0.000306618576315        0.000160072863132        0.000146545713183
        0.600000000000000        0.200000000000000       -0.000000000000000        0.000000000000000        0.000000000000000
        0.633333333333333        0.233333333333333       -0.000158717454265       -0.000082859811165        0.000075857643100
        0.666666666666667        0.266666666666667       -0.000592341603366       -0.000309237025175        0.000283104578191
        0.600000000000000        0.300000000000000        0.000000000000000        0.000000000000000        0.000000000000000
        0.633333333333333        0.333333333333333       -0.000531078952722       -0.000277254331858        0.000253824620865
        0.666666666666667        0.366666666666667       -0.001144316105353       -0.000597400058122        0.000546916047231
        0.600000000000000        0.400000000000000        0.000000000000000        0.000000000000000        0.000000000000000
        0.633333333333333        0.433333333333333       -0.000592341603366       -0.000309237025175        0.000283104578191
        0.666666666666667        0.466666666666667       -0.001025965752466       -0.000535614239184        0.000490351513283
        0.600000000000000        0.500000000000000        0.000000000000000        0.000000000000000        0.000000000000000
        0.633333333333333        0.533333333333333       -0.000306618576315       -0.000160072863132        0.000146545713183
        0.666666666666667        0.566666666666667       -0.000306618576315       -0.000160072863132        0.000146545713183
        0.600000000000000        0.600000000000000        0.000000000000000        0.000000000000000        0.000000000000000
        0.633333333333333        0.633333333333333        0.000158717454265        0.000082859811165        0.000075857643100
        0.666666666666667        0.666666666666667        0.000592341603366        0.000309237025175        0.000283104578191
        0.600000000000000        0.700000000000000       -0.000000000000000       -0.000000000000000        0.000000000000000
        0.633333333333333        0.733333333333333        0.000531078952722        0.000277254331858        0.000253824620865
        0.666666666666667        0.766666666666667        0.001144316105353        0.000597400058122        0.000546916047231
        0.600000000000000        0.800000000000000       -0.000000000000000       -0.000000000000000        0.000000000000000
        0.633333333333333        0.833333333333333        0.000592341603366        0.000309237025175        0.000283104578191
        0.666666666666667        0.866666666666667        0.001025965752466        0.000535614239184        0.000490351513283
        0.600000000000000        0.900000000000000       -0.000000000000000       -0.000000000000000        0.000000000000000
        0.633333333333333        0.933333333333333        0.000306618576315        0.000160072863132        0.000146545713183
        0.666666666666667        0.966666666666667        0.000306618576315        0.000160072863132        0.000146545713183
        0.600000000000000        1.000000000000000       -0.000000000000000       -0.000000000000000        0.000000000000000
        0.633333333333333        1.033333333333333       -0.000158717454265       -0.000082859811165        0.000075857643100
        0.666666666666667        1.066666666666667       -0.000592341603366       -0.000309237025175        0.000283104578191
        0.700000000000000        0.000000000000000        0.001675395058075        0.000874654389980        0.000800740668096
        0.733333333333333        0.033333333333333        0.001982013634391        0.001034727253112        0.000947286381279
        0.766666666666667        0.066666666666667        0.001982013634391        0.001034727253112        0.000947286381279
        0.700000000000000        0.100000000000000        0.001184683206732        0.000618474050349        0.000566209156382
        0.733333333333333        0.133333333333333        0.001025965752466        0.000535614239184        0.000490351513283
        0.766666666666667        0.166666666666667        0.000592341603366        0.000309237025175        0.000283104578191
        0.700000000000000        0.200000000000000        0.000000000000000        0.000000000000000        0.000000000000000
        0.733333333333333        0.233333333333333       -0.000531078952722       -0.000277254331858        0.000253824620865
        0.766666666666667        0.266666666666667       -0.001144316105353       -0.000597400058122        0.000546916047231
        0.700000000000000        0.300000000000000       -0.001184683206732       -0.000618474050349        0.000566209156382
        0.733333333333333        0.333333333333333       -0.001777024810097       -0.000927711075524        0.000849313734574
        0.766666666666667        0.366666666666667       -0.002210648959198       -0.001154088289533        0.001056560669665
        0.700000000000000        0.400000000000000       -0.001675395058075       -0.000874654389980        0.000800740668096
        0.733333333333333        0.433333333333333       -0.001982013634391       -0.001034727253112        0.000947286381279
        0.766666666666667        0.466666666666667       -0.001982013634391       -0.001034727253112        0.000947286381279
        0.700000000000000        0.500000000000000       -0.001184683206732       -0.000618474050349        0.000566209156382
        0.733333333333333        0.533333333333333       -0.001025965752466       -0.000535614239184        0.000490351513283
        0.766666666666667        0.566666666666667       -0.000592341603366       -0.000309237025175        0.000283104578191
        0.700000000000000        0.600000000000000       -0.000000000000000       -0.000000000000000        0.000000000000000
        0.733333333333333        0.633333333333333        0.000531078952722        0.000277254331858        0.000253824620865
        0.766666666666667        0.666666666666667        0.001144316105353        0.000597400058122        0.000546916047231
        0.700000000000000        0.700000000000000        0.001184683206732        0.000618474050349        0.000566209156382
        0.733333333333333        0.733333333333333        0.001777024810097        0.000927711075524        0.000849313734574
        0.766666666666667        0.766666666666667        0.002210648959198        0.001154088289533        0.001056560669665
        0.700000000000000        0.800000000000000        0.001675395058075        0.000874654389980        0.000800740668096
        0.733333333333333        0.833333333333333        0.001982013634391        0.001034727253112        0.000947286381279
        0.766666666666667        0.866666666666667        0.001982013634391        0.001034727253112        0.000947286381279
        0.700000000000000        0.900000000000000        0.001184683206732        0.000618474050349        0.000566209156382
        0.733333333333333        0.933333333333333        0.001025965752466        0.000535614239184        0.000490351513283
        0.766666666666667        0.966666666666667        0.000592341603366        0.000309237025175        0.000283104578191
        0.700000000000000        1.000000000000000        0.000000000000000        0.000000000000000        0.000000000000000
        0.733333333333333        1.033333333333333       -0.000531078952722       -0.000277254331858        0.000253824620865
        0.766666666666667        1.066666666666667       -0.001144316105353       -0.000597400058122        0.000546916047231
        0.800000000000000        0.000000000000000        0.002369366413463        0.001236948100698        0.001132418312765
        0.833333333333333        0.033333333333333        0.002210648959198        0.001154088289533        0.001056560669665
        0.866666666666667        0.066666666666667        0.001777024810097        0.000927711075524        0.000849313734574
        0.800000000000000        0.100000000000000        0.001675395058075        0.000874654389980        0.000800740668096
        0.833333333333333        0.133333333333333        0.001144316105353        0.000597400058122        0.000546916047231
        0.866666666666667        0.166666666666667        0.000531078952722        0.000277254331858        0.000253824620865
        0.800000000000000        0.200000000000000        0.000000000000000        0.000000000000000        0.000000000000000
        0.833333333333333        0.233333333333333       -0.000592341603366       -0.000309237025175        0.000283104578191
        0.866666666666667        0.266666666666667       -0.001025965752466       -0.000535614239184        0.000490351513283
        0.800000000000000        0.300000000000000       -0.001675395058075       -0.000874654389980        0.000800740668096
        0.833333333333333        0.333333333333333       -0.001982013634391       -0.001034727253112        0.000947286381279
        0.866666666666667        0.366666666666667       -0.001982013634391       -0.001034727253112        0.000947286381279
        0.800000000000000        0.400000000000000       -0.002369366413463       -0.001236948100698        0.001132418312765
        0.833333333333333        0.433333333333333       -0.002210648959198       -0.001154088289533        0.001056560669665
        0.866666666666667        0.466666666666667       -0.001777024810097       -0.000927711075524        0.000849313734574
        0.800000000000000        0.500000000000000       -0.001675395058075       -0.000874654389980        0.000800740668096
        0.833333333333333        0.533333333333333       -0.001144316105353       -0.000597400058122        0.000546916047231
        0.866666666666667        0.566666666666667       -0.000531078952722       -0.000277254331858        0.000253824620865
        0.800000000000000        0.600000000000000       -0.000000000000000       -0.000000000000000        0.000000000000000
        0.833333333333333        0.633333333333333        0.000592341603366        0.000309237025175        0.000283104578191
        0.866666666666667        0.666666666666667        0.001025965752466        0.000535614239184        0.000490351513283
        0.800000000000000        0.700000000000000        0.001675395058075        0.000874654389980        0.000800740668096
        0.833333333333333        0.733333333333333        0.001982013634391        0.001034727253112        0.000947286381279
        0.866666666666667        0.766666666666667        0.001982013634391        0.001034727253112        0.000947286381279
        0.800000000000000        0.800000000000000        0.002369366413463        0.001236948100698        0.001132418312765
        0.833333333333333        0.833333333333333        0.002210648959198        0.001154088289533        0.001056560669665
        0.866666666666667        0.866666666666667        0.001777024810097        0.000927711075524        0.000849313734574
        0.800000000000000        0.900000000000000        0.001675395058075        0.000874654389980        0.000800740668096
        0.833333333333333        0.933333333333333        0.001144316105353        0.000597400058122        0.000546916047231
        0.866666666666667        0.966666666666667        0.000531078952722        0.000277254331858        0.000253824620865
        0.800000000000000        1.000000000000000        0.000000000000000        0.000000000000000        0.000000000000000
        0.833333333333333        1.033333333333333       -0.000592341603366       -0.000309237025175        0.000283104578191
        0.866666666666667        1.066666666666667       -0.001025965752466       -0.000535614239184        0.000490351513283
        0.900000000000000        0.000000000000000        0.001675395058075        0.000874654389980        0.000800740668096
        0.933333333333333        0.033333333333333        0.001144316105353        0.000597400058122        0.000546916047231
        0.966666666666667        0.066666666666667        0.000531078952722        0.000277254331858        0.000253824620865
        0.900000000000000        0.100000000000000        0.001184683206732        0.000618474050349        0.000566209156382
        0.933333333333333        0.133333333333333        0.000592341603366        0.000309237025175        0.000283104578191
        0.966666666666667        0.166666666666667        0.000158717454265        0.000082859811165        0.000075857643100
        0.900000000000000        0.200000000000000        0.000000000000000        0.000000000000000        0.000000000000000
        0.933333333333333        0.233333333333333       -0.000306618576315       -0.000160072863132        0.000146545713183
        0.966666666666667        0.266666666666667       -0.000306618576315       -0.000160072863132        0.000146545713183
        0.900000000000000        0.300000000000000       -0.001184683206732       -0.000618474050349        0.000566209156382
        0.933333333333333        0.333333333333333       -0.001025965752466       -0.000535614239184        0.000490351513283
        0.966666666666667        0.366666666666667       -0.000592341603366       -0.000309237025175        0.000283104578191
        0.900000000000000        0.400000000000000       -0.001675395058075       -0.000874654389980        0.000800740668096
        0.933333333333333        0.433333333333333       -0.001144316105353       -0.000597400058122        0.000546916047231
        0.966666666666667        0.466666666666667       -0.000531078952722       -0.000277254331858        0.000253824620865
        0.900000000000000        0.500000000000000       -0.001184683206732       -0.000618474050349        0.000566209156382
        0.933333333333333        0.533333333333333       -0.000592341603366       -0.000309237025175        0.000283104578191
        0.966666666666667        0.566666666666667       -0.000158717454265       -0.000082859811165        0.000075857643100
        0.900000000000000        0.600000000000000       -0.000000000000000       -0.000000000000000        0.000000000000000
        0.933333333333333        0.633333333333333        0.000306618576315        0.000160072863132        0.000146545713183
        0.966666666666667        0.666666666666667        0.000306618576315        0.000160072863132        0.000146545713183
        0.900000000000000        0.700000000000000        0.001184683206732        0.000618474050349        0.000566209156382
        0.933333333333333        0.733333333333333        0.001025965752466        0.000535614239184        0.000490351513283
        0.966666666666667        0.766666666666667        0.000592341603366        0.000309237025175        0.000283104578191
        0.900000000000000        0.800000000000000        0.001675395058075        0.000874654389980        0.000800740668096
        0.933333333333333        0.833333333333333        0.001144316105353        0.000597400058122        0.000546916047231
        0.966666666666667        0.866666666666667        0.000531078952722        0.000277254331858        0.000253824620865
        0.900000000000000        0.900000000000000        0.001184683206732        0.000618474050349        0.000566209156382
        0.933333333333333        0.933333333333333        0.000592341603366        0.000309237025175        0.000283104578191
        0.966666666666667        0.966666666666667        0.000158717454265        0.000082859811165        0.000075857643100
        0.900000000000000        1.000000000000000        0.000000000000000        0.000000000000000        0.000000000000000
        0.933333333333333        1.033333333333333       -0.000306618576315       -0.000160072863132        0.000146545713183
        0.966666666666667        1.066666666666667       -0.000306618576315       -0.000160072863132        0.000146545713183
        1.000000000000000        0.000000000000000        0.000000000000000        0.000000000000000        0.000000000000000
        1.033333333333333        0.033333333333333       -0.000592341603366       -0.000309237025175        0.000283104578191
        1.066666666666667        0.066666666666667       -0.001025965752466       -0.000535614239184        0.000490351513283
        1.000000000000000        0.100000000000000        0.000000000000000        0.000000000000000        0.000000000000000
        1.033333333333333        0.133333333333333       -0.000306618576315       -0.000160072863132        0.000146545713183
        1.066666666666667        0.166666666666667       -0.000306618576315       -0.000160072863132        0.000146545713183
        1.000000000000000        0.200000000000000        0.000000000000000        0.000000000000000        0.000000000000000
        1.033333333333333        0.233333333333333        0.000158717454265        0.000082859811165        0.000075857643100
        1.066666666666667        0.266666666666667        0.000592341603366        0.000309237025175        0.000283104578191
        1.000000000000000        0.300000000000000       -0.000000000000000       -0.000000000000000        0.000000000000000
        1.033333333333333        0.333333333333333        0.000531078952722        0.000277254331858        0.000253824620865
        1.066666666666667        0.366666666666667        0.001144316105353        0.000597400058122        0.000546916047231
        1.000000000000000        0.400000000000000       -0.000000000000000       -0.000000000000000        0.000000000000000
        1.033333333333333        0.433333333333333        0.000592341603366        0.000309237025175        0.000283104578191
        1.066666666666667        0.466666666666667        0.001025965752466        0.000535614239184        0.000490351513283
        1.000000000000000        0.500000000000000       -0.000000000000000       -0.000000000000000        0.000000000000000
        1.033333333333333        0.533333333333333        0.000306618576315        0.000160072863132        0.000146545713183
        1.066666666666667        0.566666666666667        0.000306618576315        0.000160072863132        0.000146545713183
        1.000000000000000        0.600000000000000       -0.000000000000000       -0.000000000000000        0.000000000000000
        1.033333333333333        0.633333333333333       -0.000158717454265       -0.000082859811165        0.000075857643100
        1.066666666666667        0.666666666666667       -0.000592341603366       -0.000309237025175        0.000283104578191
        1.000000000000000        0.700000000000000        0.000000000000000        0.000000000000000        0.000000000000000
        1.033333333333333        0.733333333333333       -0.000531078952722       -0.000277254331858        0.000253824620865
        1.066666666666667        0.766666666666667       -0.001144316105353       -0.000597400058122        0.000546916047231
        1.000000000000000        0.800000000000000        0.000000000000000        0.000000000000000        0.000000000000000
        1.033333333333333        0.833333333333333       -0.000592341603366       -0.000309237025175        0.000283104578191
        1.066666666666667        0.866666666666667       -0.001025965752466       -0.000535614239184        0.000490351513283
        1.000000000000000        0.900000000000000        0.000000000000000        0.000000000000000        0.000000000000000
        1.033333333333333        0.933333333333333       -0.000306618576315       -0.000160072863132        0.000146545713183
        1.066666666666667        0.966666666666667       -0.000306618576315       -0.000160072863132        0.000146545713183
        1.000000000000000        1.000000000000000        0.000000000000000        0.000000000000000        0.000000000000000
        1.033333333333333        1.033333333333333        0.000158717454265        0.000082859811165        0.000075857643100
        1.066666666666667        1.066666666666667        0.000592341603366        0.000309237025175        0.000283104578191
