        0.000000000000000        0.000000000000000        2.911395075987310        2.911395075987313        0.000000000000003
        0.033333333333333        0.033333333333333        2.716368586122623        2.716368586122626        0.000000000000002
        0.066666666666667        0.066666666666667        2.183546306990483        2.183546306990483        0.000000000000000
        0.000000000000000        0.100000000000000        2.058667200943751        2.058667200943751        0.000000000000000
        0.033333333333333        0.133333333333333        1.406095847213484        1.406095847213483        0.000000000000001
        0.066666666666667        0.166666666666667        0.652571353730267        0.652571353730267        0.000000000000001
        0.000000000000000        0.200000000000000        0.000000000000000        0.000000000000000        0.000000000000000
        0.033333333333333        0.233333333333333       -0.727848768996827       -0.727848768996827        0.000000000000000
        0.066666666666667        0.266666666666667       -1.260671048128968       -1.260671048128968        0.000000000000000
        0.000000000000000        0.300000000000000       -2.058667200943750       -2.058667200943751        0.000000000000001
        0.033333333333333        0.333333333333333       -2.435429447685359       -2.435429447685360        0.000000000000001
        0.066666666666667        0.366666666666667       -2.435429447685359       -2.435429447685359        0.000000000000000
        0.000000000000000        0.400000000000000       -2.911395075987310       -2.911395075987311        0.000000000000002
        0.033333333333333        0.433333333333333       -2.716368586122623       -2.716368586122625        0.000000000000001
        0.066666666666667        0.466666666666667       -2.183546306990483       -2.183546306990483        0.000000000000000
        0.000000000000000        0.500000000000000       -2.058667200943751       -2.058667200943753        0.000000000000002
        0.033333333333333        0.533333333333333       -1.406095847213484       -1.406095847213485        0.000000000000001
        0.066666666666667        0.566666666666667       -0.652571353730268       -0.652571353730268        0.000000000000000
        0.000000000000000        0.600000000000000       -0.000000000000001       -0.000000000000000        0.000000000000000
        0.033333333333333        0.633333333333333        0.727848768996827        0.727848768996828        0.000000000000001
        0.066666666666667        0.666666666666667        1.260671048128968        1.260671048128968        0.000000000000000
        0.000000000000000        0.700000000000000        2.058667200943750        2.058667200943752        0.000000000000001
        0.033333333333333        0.733333333333333        2.435429447685359        2.435429447685360        0.000000000000001
        0.066666666666667        0.766666666666667        2.435429447685359        2.435429447685359        0.000000000000000
        0.000000000000000        0.800000000000000        2.911395075987310        2.911395075987312        0.000000000000002
        0.033333333333333        0.833333333333333        2.716368586122623        2.716368586122625        0.000000000000001
        0.066666666666667        0.866666666666667        2.183546306990483        2.183546306990483        0.000000000000000
        0.000000000000000        0.900000000000000        2.058667200943751        2.058667200943752        0.000000000000001
        0.033333333333333        0.933333333333333        1.406095847213484        1.406095847213484        0.000000000000000
        0.066666666666667        0.966666666666667        0.652571353730268        0.652571353730267        0.000000000000000
        0.000000000000000        1.000000000000000        0.000000000000001        0.000000000000001        0.000000000000000
        0.033333333333333        1.033333333333333       -0.727848768996827       -0.727848768996826        0.000000000000000
        0.066666666666667        1.066666666666667       -1.260671048128968       -1.260671048128967        0.000000000000001
        0.100000000000000        0.000000000000000        2.058667200943751        2.058667200943751        0.000000000000000
        0.133333333333333        0.033333333333333        1.406095847213484        1.406095847213483        0.000000000000001
        0.166666666666667        0.066666666666667        0.652571353730267        0.652571353730267        0.000000000000001
        0.100000000000000        0.100000000000000        1.455697537993655        1.455697537993654        0.000000000000001
        0.133333333333333        0.133333333333333        0.727848768996828        0.727848768996826        0.000000000000001
        0.166666666666667        0.166666666666667        0.195026489864687        0.195026489864686        0.000000000000000
        0.100000000000000        0.200000000000000        0.000000000000000        0.000000000000000        0.000000000000000
        0.133333333333333        0.233333333333333       -0.376762246741608       -0.376762246741608        0.000000000000000
        0.166666666666667        0.266666666666667       -0.376762246741608       -0.376762246741608        0.000000000000001
        0.100000000000000        0.300000000000000       -1.455697537993655       -1.455697537993654        0.000000000000001
        0.133333333333333        0.333333333333333       -1.260671048128968       -1.260671048128967        0.000000000000001
        0.166666666666667        0.366666666666667       -0.727848768996828       -0.727848768996827        0.000000000000001
        0.100000000000000        0.400000000000000       -2.058667200943751       -2.058667200943750        0.000000000000001
        0.133333333333333        0.433333333333333       -1.406095847213484       -1.406095847213483        0.000000000000001
        0.166666666666667        0.466666666666667       -0.652571353730267       -0.652571353730267        0.000000000000001
        0.100000000000000        0.500000000000000       -1.455697537993655       -1.455697537993655        0.000000000000000
        0.133333333333333        0.533333333333333       -0.727848768996828       -0.727848768996827        0.000000000000000
        0.166666666666667        0.566666666666667       -0.195026489864687       -0.195026489864687        0.000000000000000
        0.100000000000000        0.600000000000000       -0.000000000000000       -0.000000000000000        0.000000000000000
        0.133333333333333        0.633333333333333        0.376762246741608        0.376762246741608        0.000000000000000
        0.166666666666667        0.666666666666667        0.376762246741608        0.376762246741608        0.000000000000000
        0.100000000000000        0.700000000000000        1.455697537993655        1.455697537993654        0.000000000000000
        0.133333333333333        0.733333333333333        1.260671048128968        1.260671048128967        0.000000000000001
        0.166666666666667        0.766666666666667        0.727848768996828        0.727848768996827        0.000000000000001
        0.100000000000000        0.800000000000000        2.058667200943751        2.058667200943750        0.000000000000001
        0.133333333333333        0.833333333333333        1.406095847213484        1.406095847213483        0.000000000000001
        0.166666666666667        0.866666666666667        0.652571353730267        0.652571353730267        0.000000000000001
        0.100000000000000        0.900000000000000        1.455697537993655        1.455697537993654        0.000000000000001
        0.133333333333333        0.933333333333333        0.727848768996828        0.727848768996827        0.000000000000001
        0.166666666666667        0.966666666666667        0.195026489864687        0.195026489864687        0.000000000000000
        0.100000000000000        1.000000000000000        0.000000000000001        0.000000000000001        0.000000000000000
        0.133333333333333        1.033333333333333       -0.376762246741608       -0.376762246741607        0.000000000000001
        0.166666666666667        1.066666666666667       -0.376762246741608       -0.376762246741607        0.000000000000001
        0.200000000000000        0.000000000000000        0.000000000000000        0.000000000000000        0.000000000000000
        0.233333333333333        0.033333333333333       -0.727848768996827       -0.727848768996827        0.000000000000000
        0.266666666666667        0.066666666666667       -1.260671048128968       -1.260671048128968        0.000000000000000
        0.200000000000000        0.100000000000000        0.000000000000000        0.000000000000000        0.000000000000000
        0.233333333333333        0.133333333333333       -0.376762246741608       -0.376762246741608        0.000000000000000
        0.266666666666667        0.166666666666667       -0.376762246741608       -0.376762246741608        0.000000000000001
        0.200000000000000        0.200000000000000        0.000000000000000       -0.000000000000000        0.000000000000000
        0.233333333333333        0.233333333333333        0.195026489864687        0.195026489864686        0.000000000000000
        0.266666666666667        0.266666666666667        0.727848768996827        0.727848768996827        0.000000000000000
        0.200000000000000        0.300000000000000       -0.000000000000000       -0.000000000000000        0.000000000000000
        0.233333333333333        0.333333333333333        0.652571353730267        0.652571353730267        0.000000000000000
        0.266666666666667        0.366666666666667        1.406095847213483        1.406095847213483        0.000000000000000
        0.200000000000000        0.400000000000000       -0.000000000000000       -0.000000000000000        0.000000000000000
        0.233333333333333        0.433333333333333        0.727848768996827        0.727848768996827        0.000000000000000
        0.266666666666667        0.466666666666667        1.260671048128968        1.260671048128968        0.000000000000000
        0.200000000000000        0.500000000000000       -0.000000000000000       -0.000000000000000        0.000000000000000
        0.233333333333333        0.533333333333333        0.376762246741608        0.376762246741608        0.000000000000000
        0.266666666666667        0.566666666666667        0.376762246741608        0.376762246741608        0.000000000000000
        0.200000000000000        0.600000000000000       -0.000000000000000       -0.000000000000000        0.000000000000000
        0.233333333333333        0.633333333333333       -0.195026489864687       -0.195026489864687        0.000000000000000
        0.266666666666667        0.666666666666667       -0.727848768996827       -0.727848768996827        0.000000000000000
        0.200000000000000        0.700000000000000        0.000000000000000        0.000000000000000        0.000000000000000
        0.233333333333333        0.733333333333333       -0.652571353730267       -0.652571353730267        0.000000000000000
        0.266666666666667        0.766666666666667       -1.406095847213483       -1.406095847213483        0.000000000000000
        0.200000000000000        0.800000000000000        0.000000000000000        0.000000000000000        0.000000000000000
        0.233333333333333        0.833333333333333       -0.727848768996827       -0.727848768996827        0.000000000000000
        0.266666666666667        0.866666666666667       -1.260671048128968       -1.260671048128968        0.000000000000000
        0.200000000000000        0.900000000000000        0.000000000000000        0.000000000000000        0.000000000000000
        0.233333333333333        0.933333333333333       -0.376762246741608       -0.376762246741608        0.000000000000000
        0.266666666666667        0.966666666666667       -0.376762246741609       -0.376762246741608        0.000000000000000
        0.200000000000000        1.000000000000000        0.000000000000000        0.000000000000000        0.000000000000000
        0.233333333333333        1.033333333333333        0.195026489864686        0.195026489864686        0.000000000000000
        0.266666666666667        1.066666666666667        0.727848768996827        0.727848768996826        0.000000000000001
        0.300000000000000        0.000000000000000       -2.058667200943750       -2.058667200943751        0.000000000000001
        0.333333333333333        0.033333333333333       -2.435429447685359       -2.435429447685360        0.000000000000001
        0.366666666666667        0.066666666666667       -2.435429447685359       -2.435429447685359        0.000000000000000
        0.300000000000000        0.100000000000000       -1.455697537993655       -1.455697537993654        0.000000000000001
        0.333333333333333        0.133333333333333       -1.260671048128968       -1.260671048128967        0.000000000000001
        0.366666666666667        0.166666666666667       -0.727848768996828       -0.727848768996827        0.000000000000001
        0.300000000000000        0.200000000000000       -0.000000000000000       -0.000000000000000        0.000000000000000
        0.333333333333333        0.233333333333333        0.652571353730267        0.652571353730267        0.000000000000000
        0.366666666666667        0.266666666666667        1.406095847213483        1.406095847213483        0.000000000000000
        0.300000000000000        0.300000000000000        1.455697537993655        1.455697537993654        0.000000000000000
        0.333333333333333        0.333333333333333        2.183546306990482        2.183546306990482        0.000000000000000
        0.366666666666667        0.366666666666667        2.716368586122623        2.716368586122623        0.000000000000000
        0.300000000000000        0.400000000000000        2.058667200943750        2.058667200943750        0.000000000000000
        0.333333333333333        0.433333333333333        2.435429447685359        2.435429447685359        0.000000000000000
        0.366666666666667        0.466666666666667        2.435429447685359        2.435429447685359        0.000000000000000
        0.300000000000000        0.500000000000000        1.455697537993655        1.455697537993655        0.000000000000000
        0.333333333333333        0.533333333333333        1.260671048128969        1.260671048128969        0.000000000000000
        0.366666666666667        0.566666666666667        0.727848768996828        0.727848768996828        0.000000000000000
        0.300000000000000        0.600000000000000        0.000000000000000        0.000000000000000        0.000000000000000
        0.333333333333333        0.633333333333333       -0.652571353730267       -0.652571353730267        0.000000000000000
        0.366666666666667        0.666666666666667       -1.406095847213483       -1.406095847213483        0.000000000000000
        0.300000000000000        0.700000000000000       -1.455697537993655       -1.455697537993654        0.000000000000000
        0.333333333333333        0.733333333333333       -2.183546306990482       -2.183546306990482        0.000000000000000
        0.366666666666667        0.766666666666667       -2.716368586122623       -2.716368586122623        0.000000000000000
        0.300000000000000        0.800000000000000       -2.058667200943750       -2.058667200943750        0.000000000000000
        0.333333333333333        0.833333333333333       -2.435429447685359       -2.435429447685359        0.000000000000000
        0.366666666666667        0.866666666666667       -2.435429447685359       -2.435429447685359        0.000000000000000
        0.300000000000000        0.900000000000000       -1.455697537993655       -1.455697537993655        0.000000000000001
        0.333333333333333        0.933333333333333       -1.260671048128969       -1.260671048128968        0.000000000000001
        0.366666666666667        0.966666666666667       -0.727848768996828       -0.727848768996828        0.000000000000001
        0.300000000000000        1.000000000000000       -0.000000000000001       -0.000000000000001        0.000000000000000
        0.333333333333333        1.033333333333333        0.652571353730266        0.652571353730266        0.000000000000001
        0.366666666666667        1.066666666666667        1.406095847213483        1.406095847213482        0.000000000000001
        0.400000000000000        0.000000000000000       -2.911395075987310       -2.911395075987311        0.000000000000002
        0.433333333333333        0.033333333333333       -2.716368586122623       -2.716368586122625        0.000000000000001
        0.466666666666667        0.066666666666667       -2.183546306990483       -2.183546306990483        0.000000000000000
        0.400000000000000        0.100000000000000       -2.058667200943751       -2.058667200943750        0.000000000000001
        0.433333333333333        0.133333333333333       -1.406095847213484       -1.406095847213483        0.000000000000001
        0.466666666666667        0.166666666666667       -0.652571353730267       -0.652571353730267        0.000000000000001
        0.400000000000000        0.200000000000000       -0.000000000000000       -0.000000000000000        0.000000000000000
        0.433333333333333        0.233333333333333        0.727848768996827        0.727848768996827        0.000000000000000
        0.466666666666667        0.266666666666667        1.260671048128968        1.260671048128968        0.000000000000000
        0.400000000000000        0.300000000000000        2.058667200943750        2.058667200943750        0.000000000000000
        0.433333333333333        0.333333333333333        2.435429447685359        2.435429447685359        0.000000000000000
        0.466666666666667        0.366666666666667        2.435429447685359        2.435429447685359        0.000000000000000
        0.400000000000000        0.400000000000000        2.911395075987310        2.911395075987310        0.000000000000000
        0.433333333333333        0.433333333333333        2.716368586122623        2.716368586122623        0.000000000000000
        0.466666666666667        0.466666666666667        2.183546306990483        2.183546306990483        0.000000000000000
        0.400000000000000        0.500000000000000        2.058667200943751        2.058667200943751        0.000000000000000
        0.433333333333333        0.533333333333333        1.406095847213484        1.406095847213485        0.000000000000001
        0.466666666666667        0.566666666666667        0.652571353730268        0.652571353730268        0.000000000000000
        0.400000000000000        0.600000000000000        0.000000000000001        0.000000000000000        0.000000000000000
        0.433333333333333        0.633333333333333       -0.727848768996827       -0.727848768996827        0.000000000000000
        0.466666666666667        0.666666666666667       -1.260671048128968       -1.260671048128968        0.000000000000000
        0.400000000000000        0.700000000000000       -2.058667200943750       -2.058667200943750        0.000000000000000
        0.433333333333333        0.733333333333333       -2.435429447685359       -2.435429447685359        0.000000000000000
        0.466666666666667        0.766666666666667       -2.435429447685359       -2.435429447685359        0.000000000000000
        0.400000000000000        0.800000000000000       -2.911395075987310       -2.911395075987310        0.000000000000000
        0.433333333333333        0.833333333333333       -2.716368586122624       -2.716368586122624        0.000000000000000
        0.466666666666667        0.866666666666667       -2.183546306990483       -2.183546306990483        0.000000000000000
        0.400000000000000        0.900000000000000       -2.058667200943751       -2.058667200943751        0.000000000000001
        0.433333333333333        0.933333333333333       -1.406095847213484       -1.406095847213484        0.000000000000001
        0.466666666666667        0.966666666666667       -0.652571353730268       -0.652571353730267        0.000000000000000
        0.400000000000000        1.000000000000000       -0.000000000000001       -0.000000000000001        0.000000000000000
        0.433333333333333        1.033333333333333        0.727848768996827        0.727848768996826        0.000000000000001
        0.466666666666667        1.066666666666667        1.260671048128968        1.260671048128967        0.000000000000001
        0.500000000000000        0.000000000000000       -2.058667200943751       -2.058667200943753        0.000000000000002
        0.533333333333333        0.033333333333333       -1.406095847213484       -1.406095847213485        0.000000000000001
        0.566666666666667        0.066666666666667       -0.652571353730268       -0.652571353730268        0.000000000000000
        0.500000000000000        0.100000000000000       -1.455697537993655       -1.455697537993655        0.000000000000000
        0.533333333333333        0.133333333333333       -0.727848768996828       -0.727848768996827        0.000000000000000
        0.566666666666667        0.166666666666667       -0.195026489864687       -0.195026489864687        0.000000000000000
        0.500000000000000        0.200000000000000       -0.000000000000000       -0.000000000000000        0.000000000000000
        0.533333333333333        0.233333333333333        0.376762246741608        0.376762246741608        0.000000000000000
        0.566666666666667        0.266666666666667        0.376762246741608        0.376762246741608        0.000000000000000
        0.500000000000000        0.300000000000000        1.455697537993655        1.455697537993655        0.000000000000000
        0.533333333333333        0.333333333333333        1.260671048128969        1.260671048128969        0.000000000000000
        0.566666666666667        0.366666666666667        0.727848768996828        0.727848768996828        0.000000000000000
        0.500000000000000        0.400000000000000        2.058667200943751        2.058667200943751        0.000000000000000
        0.533333333333333        0.433333333333333        1.406095847213484        1.406095847213485        0.000000000000001
        0.566666666666667        0.466666666666667        0.652571353730268        0.652571353730268        0.000000000000000
        0.500000000000000        0.500000000000000        1.455697537993655        1.455697537993656        0.000000000000001
        0.533333333333333        0.533333333333333        0.727848768996828        0.727848768996828        0.000000000000001
        0.566666666666667        0.566666666666667        0.195026489864687        0.195026489864687        0.000000000000000
        0.500000000000000        0.600000000000000        0.000000000000000        0.000000000000000        0.000000000000000
        0.533333333333333        0.633333333333333       -0.376762246741608       -0.376762246741608        0.000000000000000
        0.566666666666667        0.666666666666667       -0.376762246741608       -0.376762246741609        0.000000000000000
        0.500000000000000        0.700000000000000       -1.455697537993655       -1.455697537993655        0.000000000000001
        0.533333333333333        0.733333333333333       -1.260671048128968       -1.260671048128969        0.000000000000001
        0.566666666666667        0.766666666666667       -0.727848768996828       -0.727848768996828        0.000000000000000
        0.500000000000000        0.800000000000000       -2.058667200943751       -2.058667200943752        0.000000000000001
        0.533333333333333        0.833333333333333       -1.406095847213484       -1.406095847213485        0.000000000000001
        0.566666666666667        0.866666666666667       -0.652571353730268       -0.652571353730268        0.000000000000000
        0.500000000000000        0.900000000000000       -1.455697537993656       -1.455697537993656        0.000000000000000
        0.533333333333333        0.933333333333333       -0.727848768996828       -0.727848768996828        0.000000000000000
        0.566666666666667        0.966666666666667       -0.195026489864687       -0.195026489864687        0.000000000000000
        0.500000000000000        1.000000000000000       -0.000000000000001       -0.000000000000001        0.000000000000000
        0.533333333333333        1.033333333333333        0.376762246741608        0.376762246741608        0.000000000000000
        0.566666666666667        1.066666666666667        0.376762246741608        0.376762246741608        0.000000000000000
        0.600000000000000        0.000000000000000       -0.000000000000001       -0.000000000000000        0.000000000000000
        0.633333333333333        0.033333333333333        0.727848768996827        0.727848768996828        0.000000000000001
        0.666666666666667        0.066666666666667        1.260671048128968        1.260671048128968        0.000000000000000
        0.600000000000000        0.100000000000000       -0.000000000000000       -0.000000000000000        0.000000000000000
        0.633333333333333        0.133333333333333        0.376762246741608        0.376762246741608        0.000000000000000
        0.666666666666667        0.166666666666667        0.376762246741608        0.376762246741608        0.000000000000000
        0.600000000000000        0.200000000000000       -0.000000000000000       -0.000000000000000        0.000000000000000
        0.633333333333333        0.233333333333333       -0.195026489864687       -0.195026489864687        0.000000000000000
        0.666666666666667        0.266666666666667       -0.727848768996827       -0.727848768996827        0.000000000000000
        0.600000000000000        0.300000000000000        0.000000000000000        0.000000000000000        0.000000000000000
        0.633333333333333        0.333333333333333       -0.652571353730267       -0.652571353730267        0.000000000000000
        0.666666666666667        0.366666666666667       -1.406095847213483       -1.406095847213483        0.000000000000000
        0.600000000000000        0.400000000000000        0.000000000000001        0.000000000000000        0.000000000000000
        0.633333333333333        0.433333333333333       -0.727848768996827       -0.727848768996827        0.000000000000000
        0.666666666666667        0.466666666666667       -1.260671048128968       -1.260671048128968        0.000000000000000
        0.600000000000000        0.500000000000000        0.000000000000000        0.000000000000000        0.000000000000000
        0.633333333333333        0.533333333333333       -0.376762246741608       -0.376762246741608        0.000000000000000
        0.666666666666667        0.566666666666667       -0.376762246741608       -0.376762246741609        0.000000000000000
        0.600000000000000        0.600000000000000        0.000000000000000        0.000000000000000        0.000000000000000
        0.633333333333333        0.633333333333333        0.195026489864686        0.195026489864687        0.000000000000000
        0.666666666666667        0.666666666666667        0.727848768996827        0.727848768996827        0.000000000000000
        0.600000000000000        0.700000000000000       -0.000000000000000       -0.000000000000000        0.000000000000000
        0.633333333333333        0.733333333333333        0.652571353730267        0.652571353730267        0.000000000000000
        0.666666666666667        0.766666666666667        1.406095847213483        1.406095847213483        0.000000000000000
        0.600000000000000        0.800000000000000       -0.000000000000001       -0.000000000000000        0.000000000000000
        0.633333333333333        0.833333333333333        0.727848768996827        0.727848768996827        0.000000000000000
        0.666666666666667        0.866666666666667        1.260671048128968        1.260671048128968        0.000000000000000
        0.600000000000000        0.900000000000000       -0.000000000000000       -0.000000000000000        0.000000000000000
        0.633333333333333        0.933333333333333        0.376762246741608        0.376762246741608        0.000000000000000
        0.666666666666667        0.966666666666667        0.376762246741608        0.376762246741608        0.000000000000000
        0.600000000000000        1.000000000000000       -0.000000000000000       -0.000000000000000        0.000000000000000
        0.633333333333333        1.033333333333333       -0.195026489864686       -0.195026489864686        0.000000000000000
        0.666666666666667        1.066666666666667       -0.727848768996827       -0.727848768996827        0.000000000000000
        0.700000000000000        0.000000000000000        2.058667200943750        2.058667200943752        0.000000000000001
        0.733333333333333        0.033333333333333        2.435429447685359        2.435429447685360        0.000000000000001
        0.766666666666667        0.066666666666667        2.435429447685359        2.435429447685359        0.000000000000000
        0.700000000000000        0.100000000000000        1.455697537993655        1.455697537993654        0.000000000000000
        0.733333333333333        0.133333333333333        1.260671048128968        1.260671048128967        0.000000000000001
        0.766666666666667        0.166666666666667        0.727848768996828        0.727848768996827        0.000000000000001
        0.700000000000000        0.200000000000000        0.000000000000000        0.000000000000000        0.000000000000000
        0.733333333333333        0.233333333333333       -0.652571353730267       -0.652571353730267        0.000000000000000
        0.766666666666667        0.266666666666667       -1.406095847213483       -1.406095847213483        0.000000000000000
        0.700000000000000        0.300000000000000       -1.455697537993655       -1.455697537993654        0.000000000000000
        0.733333333333333        0.333333333333333       -2.183546306990482       -2.183546306990482        0.000000000000000
        0.766666666666667        0.366666666666667       -2.716368586122623       -2.716368586122623        0.000000000000000
        0.700000000000000        0.400000000000000       -2.058667200943750       -2.058667200943750        0.000000000000000
        0.733333333333333        0.433333333333333       -2.435429447685359       -2.435429447685359        0.000000000000000
        0.766666666666667        0.466666666666667       -2.435429447685359       -2.435429447685359        0.000000000000000
        0.700000000000000        0.500000000000000       -1.455697537993655       -1.455697537993655        0.000000000000001
        0.733333333333333        0.533333333333333       -1.260671048128968       -1.260671048128969        0.000000000000001
        0.766666666666667        0.566666666666667       -0.727848768996828       -0.727848768996828        0.000000000000000
        0.700000000000000        0.600000000000000       -0.000000000000000       -0.000000000000000        0.000000000000000
        0.733333333333333        0.633333333333333        0.652571353730267        0.652571353730267        0.000000000000000
        0.766666666666667        0.666666666666667        1.406095847213483        1.406095847213483        0.000000000000000
        0.700000000000000        0.700000000000000        1.455697537993654        1.455697537993655        0.000000000000000
        0.733333333333333        0.733333333333333        2.183546306990482        2.183546306990482        0.000000000000000
        0.766666666666667        0.766666666666667        2.716368586122623        2.716368586122623        0.000000000000000
        0.700000000000000        0.800000000000000        2.058667200943750        2.058667200943751        0.000000000000000
        0.733333333333333        0.833333333333333        2.435429447685359        2.435429447685359        0.000000000000000
        0.766666666666667        0.866666666666667        2.435429447685359        2.435429447685359        0.000000000000000
        0.700000000000000        0.900000000000000        1.455697537993655        1.455697537993655        0.000000000000000
        0.733333333333333        0.933333333333333        1.260671048128969        1.260671048128968        0.000000000000001
        0.766666666666667        0.966666666666667        0.727848768996828        0.727848768996828        0.000000000000000
        0.700000000000000        1.000000000000000        0.000000000000001        0.000000000000001        0.000000000000000
        0.733333333333333        1.033333333333333       -0.652571353730266       -0.652571353730266        0.000000000000000
        0.766666666666667        1.066666666666667       -1.406095847213483       -1.406095847213482        0.000000000000001
        0.800000000000000        0.000000000000000        2.911395075987310        2.911395075987312        0.000000000000002
        0.833333333333333        0.033333333333333        2.716368586122623        2.716368586122625        0.000000000000001
        0.866666666666667        0.066666666666667        2.183546306990483        2.183546306990483        0.000000000000000
        0.800000000000000        0.100000000000000        2.058667200943751        2.058667200943750        0.000000000000001
        0.833333333333333        0.133333333333333        1.406095847213484        1.406095847213483        0.000000000000001
        0.866666666666667        0.166666666666667        0.652571353730267        0.652571353730267        0.000000000000001
        0.800000000000000        0.200000000000000        0.000000000000000        0.000000000000000        0.000000000000000
        0.833333333333333        0.233333333333333       -0.727848768996827       -0.727848768996827        0.000000000000000
        0.866666666666667        0.266666666666667       -1.260671048128968       -1.260671048128968        0.000000000000000
        0.800000000000000        0.300000000000000       -2.058667200943750       -2.058667200943750        0.000000000000000
        0.833333333333333        0.333333333333333       -2.435429447685359       -2.435429447685359        0.000000000000000
        0.866666666666667        0.366666666666667       -2.435429447685359       -2.435429447685359        0.000000000000000
        0.800000000000000        0.400000000000000       -2.911395075987310       -2.911395075987310        0.000000000000000
        0.833333333333333        0.433333333333333       -2.716368586122624       -2.716368586122624        0.000000000000000
        0.866666666666667        0.466666666666667       -2.183546306990483       -2.183546306990483        0.000000000000000
        0.800000000000000        0.500000000000000       -2.058667200943751       -2.058667200943752        0.000000000000001
        0.833333333333333        0.533333333333333       -1.406095847213484       -1.406095847213485        0.000000000000001
        0.866666666666667        0.566666666666667       -0.652571353730268       -0.652571353730268        0.000000000000000
        0.800000000000000        0.600000000000000       -0.000000000000001       -0.000000000000000        0.000000000000000
        0.833333333333333        0.633333333333333        0.727848768996827        0.727848768996827        0.000000000000000
        0.866666666666667        0.666666666666667        1.260671048128968        1.260671048128968        0.000000000000000
        0.800000000000000        0.700000000000000        2.058667200943750        2.058667200943751        0.000000000000000
        0.833333333333333        0.733333333333333        2.435429447685359        2.435429447685359        0.000000000000000
        0.866666666666667        0.766666666666667        2.435429447685359        2.435429447685359        0.000000000000000
        0.800000000000000        0.800000000000000        2.911395075987310        2.911395075987311        0.000000000000001
        0.833333333333333        0.833333333333333        2.716368586122624        2.716368586122624        0.000000000000001
        0.866666666666667        0.866666666666667        2.183546306990483        2.183546306990483        0.000000000000000
        0.800000000000000        0.900000000000000        2.058667200943751        2.058667200943751        0.000000000000000
        0.833333333333333        0.933333333333333        1.406095847213484        1.406095847213484        0.000000000000001
        0.866666666666667        0.966666666666667        0.652571353730268        0.652571353730267        0.000000000000001
        0.800000000000000        1.000000000000000        0.000000000000001        0.000000000000001        0.000000000000000
        0.833333333333333        1.033333333333333       -0.727848768996827       -0.727848768996826        0.000000000000000
        0.866666666666667        1.066666666666667       -1.260671048128968       -1.260671048128967        0.000000000000001
        0.900000000000000        0.000000000000000        2.058667200943751        2.058667200943752        0.000000000000001
        0.933333333333333        0.033333333333333        1.406095847213484        1.406095847213484        0.000000000000000
        0.966666666666667        0.066666666666667        0.652571353730268        0.652571353730267        0.000000000000000
        0.900000000000000        0.100000000000000        1.455697537993655        1.455697537993654        0.000000000000001
        0.933333333333333        0.133333333333333        0.727848768996828        0.727848768996827        0.000000000000001
        0.966666666666667        0.166666666666667        0.195026489864687        0.195026489864687        0.000000000000000
        0.900000000000000        0.200000000000000        0.000000000000000        0.000000000000000        0.000000000000000
        0.933333333333333        0.233333333333333       -0.376762246741608       -0.376762246741608        0.000000000000000
        0.966666666666667        0.266666666666667       -0.376762246741609       -0.376762246741608        0.000000000000000
        0.900000000000000        0.300000000000000       -1.455697537993655       -1.455697537993655        0.000000000000001
        0.933333333333333        0.333333333333333       -1.260671048128969       -1.260671048128968        0.000000000000001
        0.966666666666667        0.366666666666667       -0.727848768996828       -0.727848768996828        0.000000000000001
        0.900000000000000        0.400000000000000       -2.058667200943751       -2.058667200943751        0.000000000000001
        0.933333333333333        0.433333333333333       -1.406095847213484       -1.406095847213484        0.000000000000001
        0.966666666666667        0.466666666666667       -0.652571353730268       -0.652571353730267        0.000000000000000
        0.900000000000000        0.500000000000000       -1.455697537993656       -1.455697537993656        0.000000000000000
        0.933333333333333        0.533333333333333       -0.727848768996828       -0.727848768996828        0.000000000000000
        0.966666666666667        0.566666666666667       -0.195026489864687       -0.195026489864687        0.000000000000000
        0.900000000000000        0.600000000000000       -0.000000000000000       -0.000000000000000        0.000000000000000
        0.933333333333333        0.633333333333333        0.376762246741608        0.376762246741608        0.000000000000000
        0.966666666666667        0.666666666666667        0.376762246741608        0.376762246741608        0.000000000000000
        0.900000000000000        0.700000000000000        1.455697537993655        1.455697537993655        0.000000000000000
        0.933333333333333        0.733333333333333        1.260671048128969        1.260671048128968        0.000000000000001
        0.966666666666667        0.766666666666667        0.727848768996828        0.727848768996828        0.000000000000000
        0.900000000000000        0.800000000000000        2.058667200943751        2.058667200943751        0.000000000000000
        0.933333333333333        0.833333333333333        1.406095847213484        1.406095847213484        0.000000000000001
        0.966666666666667        0.866666666666667        0.652571353730268        0.652571353730267        0.000000000000001
        0.900000000000000        0.900000000000000        1.455697537993656        1.455697537993655        0.000000000000001
        0.933333333333333        0.933333333333333        0.727848768996828        0.727848768996827        0.000000000000001
        0.966666666666667        0.966666666666667        0.195026489864687        0.195026489864687        0.000000000000000
        0.900000000000000        1.000000000000000        0.000000000000001        0.000000000000001        0.000000000000000
        0.933333333333333        1.033333333333333       -0.376762246741608       -0.376762246741607        0.000000000000000
        0.966666666666667        1.066666666666667       -0.376762246741608       -0.376762246741608        0.000000000000000
        1.000000000000000        0.000000000000000        0.000000000000001        0.000000000000001        0.000000000000000
        1.033333333333333        0.033333333333333       -0.727848768996827       -0.727848768996826        0.000000000000000
        1.066666666666667        0.066666666666667       -1.260671048128968       -1.260671048128967        0.000000000000001
        1.000000000000000        0.100000000000000        0.000000000000001        0.000000000000001        0.000000000000000
        1.033333333333333        0.133333333333333       -0.376762246741608       -0.376762246741607        0.000000000000001
        1.066666666666667        0.166666666666667       -0.376762246741608       -0.376762246741607        0.000000000000001
        1.000000000000000        0.200000000000000        0.000000000000000        0.000000000000000        0.000000000000000
        1.033333333333333        0.233333333333333        0.195026489864686        0.195026489864686        0.000000000000000
        1.066666666666667        0.266666666666667        0.727848768996827        0.727848768996826        0.000000000000001
        1.000000000000000        0.300000000000000       -0.000000000000001       -0.000000000000001        0.000000000000000
        1.033333333333333        0.333333333333333        0.652571353730266        0.652571353730266        0.000000000000001
        1.066666666666667        0.366666666666667        1.406095847213483        1.406095847213482        0.000000000000001
        1.000000000000000        0.400000000000000       -0.000000000000001       -0.000000000000001        0.000000000000000
        1.033333333333333        0.433333333333333        0.727848768996827        0.727848768996826        0.000000000000001
        1.066666666666667        0.466666666666667        1.260671048128968        1.260671048128967        0.000000000000001
        1.000000000000000        0.500000000000000       -0.000000000000001       -0.000000000000001        0.000000000000000
        1.033333333333333        0.533333333333333        0.376762246741608        0.376762246741608        0.000000000000000
        1.066666666666667        0.566666666666667        0.376762246741608        0.376762246741608        0.000000000000000
        1.000000000000000        0.600000000000000       -0.000000000000000       -0.000000000000000        0.000000000000000
        1.033333333333333        0.633333333333333       -0.195026489864686       -0.195026489864686        0.000000000000000
        1.066666666666667        0.666666666666667       -0.727848768996827       -0.727848768996827        0.000000000000000
        1.000000000000000        0.700000000000000        0.000000000000001        0.000000000000001        0.000000000000000
        1.033333333333333        0.733333333333333       -0.652571353730266       -0.652571353730266        0.000000000000000
        1.066666666666667        0.766666666666667       -1.406095847213483       -1.406095847213482        0.000000000000001
        1.000000000000000        0.800000000000000        0.000000000000001        0.000000000000001        0.000000000000000
        1.033333333333333        0.833333333333333       -0.727848768996827       -0.727848768996826        0.000000000000000
        1.066666666666667        0.866666666666667       -1.260671048128968       -1.260671048128967        0.000000000000001
        1.000000000000000        0.900000000000000        0.000000000000001        0.000000000000001        0.000000000000000
        1.033333333333333        0.933333333333333       -0.376762246741608       -0.376762246741607        0.000000000000000
        1.066666666666667        0.966666666666667       -0.376762246741608       -0.376762246741608        0.000000000000000
        1.000000000000000        1.000000000000000        0.000000000000000        0.000000000000000        0.000000000000000
        1.033333333333333        1.033333333333333        0.195026489864686        0.195026489864686        0.000000000000000
        1.066666666666667        1.066666666666667        0.727848768996827        0.727848768996826        0.000000000000001
