        0.000000000000000        0.000000000000000        1.000000000000000        5.853102368087353        4.853102368087353
        0.000000000000000        0.100000000000000        0.987688340595138        5.800124108444200        4.812435767849062
        0.000000000000000        0.200000000000000        0.951056516295154        5.605885273515594        4.654828757220440
        0.000000000000000        0.300000000000000        0.891006524188368        5.252100856768215        4.361094332579847
        0.000000000000000        0.400000000000000        0.809016994374947        4.766202987990754        3.957185993615807
        0.000000000000000        0.500000000000000        0.707106781186548        4.162926927773874        3.455820146587326
        0.000000000000000        0.600000000000000        0.587785252292473        3.454336003221104        2.866550750928631
        0.000000000000000        0.700000000000000        0.453990499739547        2.660037049342258        2.206046549602711
        0.000000000000000        0.800000000000000        0.309016994374947        1.783779736330433        1.474762741955485
        0.000000000000000        0.900000000000000        0.156434465040231        0.869332958421201        0.712898493380970
        0.100000000000000        0.000000000000000        0.987688340595138        2.274915088450929        1.287226747855791
        0.100000000000000        0.100000000000000        0.975528258147577        2.266220542728739        1.290692284581162
        0.100000000000000        0.200000000000000        0.939347432391753        2.203301535188248        1.263954102796495
        0.100000000000000        0.300000000000000        0.880036755335051        2.064364673825364        1.184327918490313
        0.100000000000000        0.400000000000000        0.799056652687458        1.871776080082339        1.072719427394881
        0.100000000000000        0.500000000000000        0.698401123333710        1.633082519317822        0.934681395984112
        0.100000000000000        0.600000000000000        0.580548640463047        1.351332362918906        0.770783722455858
        0.100000000000000        0.700000000000000        0.448401123333710        1.035651640625504        0.587250517291794
        0.100000000000000        0.800000000000000        0.305212482389889        0.677753392731671        0.372540910341782
        0.100000000000000        0.900000000000000        0.154508497187474        0.308942826655601        0.154434329468128
        0.200000000000000        0.000000000000000        0.951056516295154       -0.383578386646667        1.334634902941820
        0.200000000000000        0.100000000000000        0.939347432391753       -0.358830328690533        1.298177761082286
        0.200000000000000        0.200000000000000        0.904508497187474       -0.323609145716375        1.228117642903848
        0.200000000000000        0.300000000000000        0.847397560890843       -0.302983094410917        1.150380655301759
        0.200000000000000        0.400000000000000        0.769420884293813       -0.277818317154114        1.047239201447927
        0.200000000000000        0.500000000000000        0.672498511963957       -0.245824980973468        0.918323492937426
        0.200000000000000        0.600000000000000        0.559016994374947       -0.210729885103836        0.769746879478784
        0.200000000000000        0.700000000000000        0.431770623113389       -0.171123363923303        0.602893987036693
        0.200000000000000        0.800000000000000        0.293892626146237       -0.144704156679277        0.438596782825514
        0.200000000000000        0.900000000000000        0.148778017349658       -0.108762119581197        0.257540136930855
        0.300000000000000        0.000000000000000        0.891006524188368        0.187987917835590        0.703018606352778
        0.300000000000000        0.100000000000000        0.880036755335051        0.207118562862070        0.672918192472980
        0.300000000000000        0.200000000000000        0.847397560890843        0.222903277347284        0.624494283543559
        0.300000000000000        0.300000000000000        0.793892626146237        0.209036610867009        0.584856015279228
        0.300000000000000        0.400000000000000        0.720839420167342        0.186893938077424        0.533945482089919
        0.300000000000000        0.500000000000000        0.630036755335051        0.160136612411516        0.469900142923535
        0.300000000000000        0.600000000000000        0.523720494614299        0.126275444545774        0.397445050068526
        0.300000000000000        0.700000000000000        0.404508497187474        0.088579794183336        0.315928703004137
        0.300000000000000        0.800000000000000        0.275336158073158        0.030063272664097        0.245272885409062
        0.300000000000000        0.900000000000000        0.139384128958763       -0.022813334215440        0.162197463174203
        0.400000000000000        0.000000000000000        0.809016994374947       -0.085901518964513        0.894918513339461
        0.400000000000000        0.100000000000000        0.799056652687458       -0.061614301082268        0.860670953769725
        0.400000000000000        0.200000000000000        0.769420884293813       -0.033910216138053        0.803331100431867
        0.400000000000000        0.300000000000000        0.720839420167342       -0.031544479768334        0.752383899935676
        0.400000000000000        0.400000000000000        0.654508497187474       -0.031791080140692        0.686299577328165
        0.400000000000000        0.500000000000000        0.572061402817684       -0.031268800036245        0.603330202853930
        0.400000000000000        0.600000000000000        0.475528258147577       -0.033400187587129        0.508928445734706
        0.400000000000000        0.700000000000000        0.367286029574069       -0.035494767097400        0.402780796671469
        0.400000000000000        0.800000000000000        0.250000000000000       -0.056905009525338        0.306905009525338
        0.400000000000000        0.900000000000000        0.126558140723500       -0.070002710971090        0.196560851694591
        0.500000000000000        0.000000000000000        0.707106781186548        0.060404443380478        0.646702337806069
        0.500000000000000        0.100000000000000        0.698401123333710        0.085797806121389        0.612603317212321
        0.500000000000000        0.200000000000000        0.672498511963957        0.111216268966086        0.561282242997872
        0.500000000000000        0.300000000000000        0.630036755335051        0.104446941665137        0.525589813669913
        0.500000000000000        0.400000000000000        0.572061402817684        0.091292432154581        0.480768970663103
        0.500000000000000        0.500000000000000        0.500000000000000        0.075874493599055        0.424125506400945
        0.500000000000000        0.600000000000000        0.415626937777453        0.054736017117823        0.360890920659630
        0.500000000000000        0.700000000000000        0.321019760960103        0.031365923822160        0.289653837137944
        0.500000000000000        0.800000000000000        0.218508012224411       -0.015494356821256        0.234002369045666
        0.500000000000000        0.900000000000000        0.110615871041237       -0.054197055909407        0.164812926950645
        0.600000000000000        0.000000000000000        0.587785252292473       -0.032664807256862        0.620450059549335
        0.600000000000000        0.100000000000000        0.580548640463047       -0.004706394359734        0.585255034822781
        0.600000000000000        0.200000000000000        0.559016994374947        0.025621526642248        0.533395467732700
        0.600000000000000        0.300000000000000        0.523720494614299        0.024270331210379        0.499450163403921
        0.600000000000000        0.400000000000000        0.475528258147577        0.018301214724981        0.457227043422595
        0.600000000000000        0.500000000000000        0.415626937777453        0.011865012662111        0.403761925115342
        0.600000000000000        0.600000000000000        0.345491502812526        0.001075334597287        0.344416168215240
        0.600000000000000        0.700000000000000        0.266848920427796       -0.010672714523260        0.277521634951056
        0.600000000000000        0.800000000000000        0.181635632001340       -0.046108828462965        0.227744460464305
        0.600000000000000        0.900000000000000        0.091949871500910       -0.072211250395110        0.164161121896021
        0.700000000000000        0.000000000000000        0.453990499739547        0.024313050282716        0.429677449456831
        0.700000000000000        0.100000000000000        0.448401123333710        0.053587609792258        0.394813513541452
        0.700000000000000        0.200000000000000        0.431770623113389        0.083961444063411        0.347809179049978
        0.700000000000000        0.300000000000000        0.404508497187474        0.078946237124938        0.325562260062536
        0.700000000000000        0.400000000000000        0.367286029574069        0.067672359710369        0.299613669863700
        0.700000000000000        0.500000000000000        0.321019760960103        0.054714597767806        0.266305163192297
        0.700000000000000        0.600000000000000        0.266848920427796        0.036050804145513        0.230798116282283
        0.700000000000000        0.700000000000000        0.206107373853763        0.015499253593667        0.190608120260096
        0.700000000000000        0.800000000000000        0.140290779704295       -0.031138987855307        0.171429767559602
        0.700000000000000        0.900000000000000        0.071019760960103       -0.068211947145473        0.139231708105576
        0.800000000000000        0.000000000000000        0.309016994374947       -0.012393906599900        0.321410900974847
        0.800000000000000        0.100000000000000        0.305212482389889       -0.010410898560397        0.315623380950286
        0.800000000000000        0.200000000000000        0.293892626146237       -0.008021881333554        0.301914507479790
        0.800000000000000        0.300000000000000        0.275336158073158       -0.007497690548033        0.282833848621191
        0.800000000000000        0.400000000000000        0.250000000000000       -0.007055909007121        0.257055909007121
        0.800000000000000        0.500000000000000        0.218508012224411       -0.006441502635972        0.224949514860382
        0.800000000000000        0.600000000000000        0.181635632001340       -0.005938234325832        0.187573866327172
        0.800000000000000        0.700000000000000        0.140290779704295       -0.005350662934734        0.145641442639029
        0.800000000000000        0.800000000000000        0.095491502812526       -0.006222125701285        0.101713628513811
        0.800000000000000        0.900000000000000        0.048340908203385       -0.006395781161042        0.054736689364427
        0.900000000000000        0.000000000000000        0.156434465040231        0.006807938035623        0.149626527004608
        0.900000000000000        0.100000000000000        0.154508497187474       -0.031300346135205        0.185808843322678
        0.900000000000000        0.200000000000000        0.148778017349658       -0.071747748906725        0.220525766256383
        0.900000000000000        0.300000000000000        0.139384128958763       -0.067585456034160        0.206969584992923
        0.900000000000000        0.400000000000000        0.126558140723500       -0.056211382653384        0.182769523376884
        0.900000000000000        0.500000000000000        0.110615871041237       -0.043430567469558        0.154046438510795
        0.900000000000000        0.600000000000000        0.091949871500910       -0.023976130846572        0.115926002347482
        0.900000000000000        0.700000000000000        0.071019760960103       -0.002645463442549        0.073665224402652
        0.900000000000000        0.800000000000000        0.048340908203385        0.051800342383707        0.003459434180322
        0.900000000000000        0.900000000000000        0.024471741852423        0.093658032934725        0.069186291082301
