                        1       13.099408480866689       13.783041966445618
                        2       11.557834041678911       12.784378064989605
                        3       10.205659521010379       11.858073341609035
                        4        9.017927428417382       10.998884940680391
                        5        7.973318691322301       10.201949882855976
                        6        7.053553622689955        9.462757540753644
                        7        6.303889373528563        8.777124108947564
                        8        5.652358285404040        8.141168923760993
                        9        5.063819683250079        7.551292498831828
                       10        4.533277957643264        7.004156152132911
                       11        4.055842940400225        6.496663109136684
                       12        3.626821340546705        6.025940975168683
                       13        3.246551033302186        5.589325477743952
                       14        2.907921978154825        5.184345386868503
                       15        2.604010081298668        4.808708527955221
                       16        2.331384458118421        4.460288808187729
                       17        2.086924411288857        4.137114182901869
                       18        1.867798272226217        3.837355493874875
                       19        1.671441868925202        3.559316116347317
                       20        1.495537251988313        3.301422356180284
                       21        1.337992108360870        3.062214542796013
                       22        1.196920142547235        2.840338767488290
                       23        1.070622595150137        2.634539220341724
                       24        0.957570988706738        2.443651082387093
                       25        0.856391133561791        2.266593932762580
                       26        0.765848386258597        2.102365633565655
                       27        0.684834125333822        1.950036657784037
                       28        0.612353391200983        1.808744828202018
                       29        0.547513625519166        1.677690437504517
                       30        0.489514439193353        1.556131721958810
                       31        0.437638335527655        1.443380663055113
                       32        0.391242314991368        1.338799093343437
                       33        0.349750289767744        1.241795084425882
                       34        0.312646239146774        1.151819596660501
                       35        0.279468040461994        1.068363371614188
                       36        0.249801914339233        0.990954049675943
                       37        0.223277427293056        0.919153496516326
                       38        0.199562999010936        0.852555323260916
                       39        0.178361865892660        0.790782586342057
                       40        0.159408456486265        0.733485654010109
                       41        0.142465138332909        0.680340227428734
                       42        0.127319299372033        0.631045505153673
                       43        0.113780730450408        0.585322480606025
                       44        0.101679278620008        0.542912362903782
                       45        0.090862743802653        0.503575112113562
                       46        0.081194994052431        0.467088080632139
                       47        0.072554277070891        0.433244753007999
                       48        0.064831707838074        0.401853577070377
                       49        0.057929914228904        0.372736879749992
                       50        0.051761824303796        0.345729861455056
                       51        0.046249580609075        0.320679663310764
                       52        0.041323568311057        0.297444501982868
                       53        0.036921545330966        0.275892867188459
                       54        0.032987863859034        0.255902777351900
                       55        0.029472773717035        0.237361089192941
                       56        0.026331799020344        0.220162857339309
                       57        0.023525180473722        0.204210740339198
                       58        0.021017376428730        0.189414449711712
                       59        0.018776616543601        0.175690238916900
                       60        0.016774502526822        0.162960429352971
                       61        0.014985651020115        0.151152970697852
                       62        0.013387374192245        0.140201033106624
                       63        0.011959394077401        0.130042628956707
                       64        0.010683587106701        0.120620261999858
                       65        0.009543755652910        0.111880601935216
                       66        0.008525423741805        0.103774182561476
                       67        0.007615654382047        0.096255121799741
                       68        0.006802886232840        0.089280862002399
                       69        0.006076853185759        0.082811929078177
                       70        0.005434344920358        0.076811709070022
                       71        0.004859735956579        0.071246240921255
                       72        0.004345854860986        0.066084024257059
                       73        0.003886287141116        0.061295841093347
                       74        0.003475295411386        0.056854590463890
                       75        0.003107747971740        0.052735135029700
                       76        0.002779054913292        0.048914158802479
                       77        0.002485110958563        0.045370035176864
                       78        0.002222244327120        0.042082704524514
                       79        0.001987170992088        0.039033560657247
                       80        0.001776953759718        0.036205345516599
                       81        0.001588965663970        0.033582051493756
                       82        0.001420857221525        0.031148830826991
                       83        0.001270527140424        0.028891911563797
                       84        0.001136096118453        0.026798519612074
                       85        0.001015883405595        0.024856806439162
                       86        0.000908385839265        0.023055782009526
                       87        0.000812259091591        0.021385252581494
                       88        0.000726300895579        0.019835763011002
                       89        0.000649436041483        0.018398543235778
                       90        0.000580702956729        0.017065458637060
                       91        0.000519241702392        0.015828963997915
                       92        0.000464283236765        0.014682060797544
                       93        0.000415139812429        0.013618257599876
                       94        0.000371196387208        0.012631533312246
                       95        0.000331902942046        0.011716303106193
                       96        0.000296767610104        0.010867386807516
                       97        0.000265350531475        0.010079979576641
                       98        0.000237258356950        0.009349624713389
                       99        0.000212139332309        0.008672188432185
