                        1        5.337737309536342        5.627458261368233
                        2        4.821618013322152        5.354679668029637
                        3        4.358820657472221        5.095123413716562
                        4        3.943290455806993        4.848148574787730
                        5        3.569742518237200        4.613145294957882
                        6        3.233552578371906        4.389533279376407
                        7        2.930664640058318        4.176760361702180
                        8        2.657512766124656        3.974301140636272
                        9        2.411033907962144        3.781655682545721
                       10        2.195917424832485        3.598348286974754
                       11        2.000588431559001        3.423926311995118
                       12        1.823127700794851        3.257959056494950
                       13        1.661818395626284        3.100036696646233
                       14        1.515122180311849        2.949769273924632
                       15        1.381658520040975        2.806785732182834
                       16        1.260186695978113        2.670733001399625
                       17        1.149590137773552        2.541275125842211
                       18        1.048862738895879        2.418092434488929
                       19        0.957096872767467        2.300880751663898
                       20        0.873472871574529        2.189350645934402
                       21        0.797249766273296        2.083226715416305
                       22        0.727757116957894        1.982246907722720
                       23        0.664387788415558        1.886161872876647
                       24        0.606591547213331        1.794734347589754
                       25        0.553869374736227        1.707738569386867
                       26        0.505768405806574        1.624959719129494
                       27        0.461877415336330        1.546193390561781
                       28        0.421822786294394        1.471245085569052
                       29        0.385264901437447        1.399929733902584
                       30        0.351894909028065        1.332071236184651
                       31        0.321431819373728        1.267502029065395
                       32        0.293619894652446        1.206062671457754
                       33        0.268226299301801        1.147601450828737
                       34        0.245038982367538        1.091974008574855
                       35        0.223864766744281        1.039042983556655
                       36        0.204527623284939        0.988677672912128
                       37        0.186867110381872        0.940753709311432
                       38        0.170736961895816        0.895152753855985
                       39        0.156003808280325        0.851762203863592
                       40        0.142546017464712        0.810474914818039
                       41        0.130252643554440        0.771188935796574
                       42        0.119022472716010        0.733807257721945
                       43        0.108763156760380        0.698237573817373
                       44        0.099390425946723        0.664392051672931
                       45        0.090827373416532        0.632187116360515
                       46        0.083003804452218        0.601543244061820
                       47        0.075855644448572        0.572384765699757
                       48        0.069324400101175        0.544639680088396
                       49        0.063356668863280        0.518239476140056
                       50        0.057903692210033        0.493118963690507
                       51        0.052920948684179        0.469216112524557
                       52        0.048367783086077        0.446471899204504
                       53        0.044207068519219        0.424830161323252
                       54        0.040404898314641        0.404237458822179
                       55        0.036930305138206        0.384642942031312
                       56        0.033755004836994        0.365998226105972
                       57        0.030853162808109        0.348257271549814
                       58        0.028201180878160        0.331376270529257
                       59        0.025777502866486        0.315313538698567
                       60        0.023562437172179        0.300029412268477
                       61        0.021537994876045        0.285486150064182
                       62        0.019687741985313        0.271647840330860
                       63        0.017996664572795        0.258480312056576
                       64        0.016451045674314        0.245951050593627
                       65        0.015038352910214        0.234029117369947
                       66        0.013747135889000        0.222685073492325
                       67        0.012566932535178        0.211890907052791
                       68        0.011488183559608        0.201619963958662
                       69        0.010502154359903        0.191846882115448
                       70        0.009600863701593        0.182547528800098
                       71        0.008777018587935        0.173698941069939
                       72        0.008023954778576        0.165279269060156
                       73        0.007335582464709        0.157267722029810
                       74        0.006706336651655        0.149644517023146
                       75        0.006131131839149        0.142390830019436
                       76        0.005605320625646        0.135488749450726
                       77        0.005124655895473        0.128921231972704
                       78        0.004685256277726        0.122672060379480
                       79        0.004283574592737        0.116725803558355
                       80        0.003916369026973        0.111067778385686
                       81        0.003580676799613        0.105684013469778
                       82        0.003273790104874        0.100561214651248
                       83        0.002993234132783        0.095686732175687
                       84        0.002736746988402        0.091048529457556
                       85        0.002502261345073        0.086635153358176
                       86        0.002287887681575        0.082435705904438
                       87        0.002091898966164        0.078439817378378
                       88        0.001912716662241        0.074637620711173
                       89        0.001748897941436        0.071019727118341
                       90        0.001599123999656        0.067577202915963
                       91        0.001462189380758        0.064301547460690
                       92        0.001336992220818        0.061184672159058
                       93        0.001222525333390        0.058218880494284
                       94        0.001117868063183        0.055396849021212
                       95        0.001022178841769        0.052711609282495
                       96        0.000934688384669        0.050156530601343
                       97        0.000854693474576        0.047725303708360
                       98        0.000781551279967        0.045411925162029
                       99        0.000714674163053        0.043210682524383
