0.000000000000000        0.988300238136608        1.000000000000000        0.011699761863392
0.010000000000000        0.985216480911386        0.996917333733128        0.011700852821742
0.020000000000000        0.975983224669978        0.987688340595138        0.011705115925160
0.030000000000000        0.960656410789336        0.972369920397677        0.011713509608340
0.040000000000000        0.939329573926693        0.951056516295154        0.011726942368461
0.050000000000000        0.912133277430738        0.923879532511287        0.011746255080549
0.060000000000000        0.879234320232803        0.891006524188368        0.011772203955565
0.070000000000000        0.840834720034714        0.852640164354092        0.011805444319378
0.080000000000000        0.797170478991036        0.809016994374947        0.011846515383912
0.090000000000000        0.748510139426732        0.760405965600031        0.011895826173299
0.100000000000000        0.695153138428438        0.707106781186548        0.011953642758110
0.110000000000000        0.637427971390698        0.649448048330184        0.012020076939486
0.120000000000000        0.575690175779848        0.587785252292473        0.012095076512625
0.130000000000000        0.510320147490571        0.522498564715949        0.012178417225378
0.140000000000000        0.441720803206422        0.453990499739547        0.012269696533125
0.150000000000000        0.370315103129654        0.382683432365090        0.012368329235435
0.160000000000000        0.296543449311320        0.309016994374947        0.012473545063627
0.170000000000000        0.220860975584716        0.233445363855905        0.012584388271189
0.180000000000000        0.143734745778823        0.156434465040231        0.012699719261407
0.190000000000000        0.065640877459404        0.078459095727845        0.012818218268441
0.200000000000000       -0.012938391089770        0.000000000000000        0.012938391089770
0.210000000000000       -0.091517672577336       -0.078459095727845        0.013058576849491
0.220000000000000       -0.169611422793750       -0.156434465040231        0.013176957753519
0.230000000000000       -0.246736934635454       -0.233445363855905        0.013291570779549
0.240000000000000       -0.322417315601646       -0.309016994374947        0.013400321226699
0.250000000000000       -0.396184430397479       -0.382683432365090        0.013500998032389
0.260000000000000       -0.467581790486749       -0.453990499739547        0.013591290747202
0.270000000000000       -0.536167372758391       -0.522498564715949        0.013668808042442
0.280000000000000       -0.601516349902480       -0.587785252292473        0.013731097610007
0.290000000000000       -0.663223715630280       -0.649448048330184        0.013775667300096
0.300000000000000       -0.720906788515843       -0.707106781186547        0.013800007329296
0.310000000000000       -0.774207578979987       -0.760405965600031        0.013801613379956
0.320000000000000       -0.822795004776337       -0.809016994374947        0.013778010401390
0.330000000000000       -0.866366941268723       -0.852640164354092        0.013726776914631
0.340000000000000       -0.904652093803468       -0.891006524188368        0.013645569615101
0.350000000000000       -0.937411680573154       -0.923879532511287        0.013532148061867
0.360000000000000       -0.964440915533288       -0.951056516295154        0.013384399238135
0.370000000000000       -0.985570282162932       -0.972369920397677        0.013200361765255
0.380000000000000       -1.000666590147151       -0.987688340595138        0.012978249552013
0.390000000000000       -1.009633808395241       -0.996917333733128        0.012716474662113
0.400000000000000       -1.012413669185789       -1.000000000000000        0.012413669185789
0.410000000000000       -1.008986039639325       -0.996917333733128        0.012068705906197
0.420000000000000       -0.999369058152885       -0.987688340595138        0.011680717557748
0.430000000000000       -0.983619034879420       -0.972369920397677        0.011249114481744
0.440000000000000       -0.961830116789763       -0.951056516295154        0.010773600494609
0.450000000000000       -0.934133719306684       -0.923879532511287        0.010254186795397
0.460000000000000       -0.900697727940768       -0.891006524188368        0.009691203752400
0.470000000000000       -0.861725474777137       -0.852640164354092        0.009085310423045
0.480000000000000       -0.817454496052097       -0.809016994374948        0.008437501677150
0.490000000000000       -0.768155078410674       -0.760405965600031        0.007749112810643
0.500000000000000       -0.714128602741576       -0.707106781186548        0.007021821555029
0.510000000000000       -0.655705695737248       -0.649448048330183        0.006257647407064
0.520000000000000       -0.593244200515602       -0.587785252292473        0.005458948223129
0.530000000000000       -0.527126978759461       -0.522498564715949        0.004628414043513
0.540000000000000       -0.457759557872692       -0.453990499739547        0.003769058133145
0.550000000000000       -0.385567637612068       -0.382683432365090        0.002884205246979
0.560000000000000       -0.310994471525119       -0.309016994374948        0.001977477150171
0.570000000000000       -0.234498139301146       -0.233445363855906        0.001052775445240
0.580000000000000       -0.156548726820495       -0.156434465040231        0.000114261780264
0.590000000000000       -0.077625431261696       -0.078459095727846        0.000833664466150
0.600000000000000        0.001786390906133       -0.000000000000000        0.001786390906134
0.610000000000000        0.081198214860353        0.078459095727844        0.002739119132509
0.620000000000000        0.160121358860136        0.156434465040231        0.003686893819905
0.630000000000000        0.238069997616543        0.233445363855906        0.004624633760637
0.640000000000000        0.314564159015945        0.309016994374947        0.005547164640998
0.650000000000000        0.389132685712058        0.382683432365090        0.006449253346968
0.660000000000000        0.461316143312568        0.453990499739547        0.007325643573021
0.670000000000000        0.530669657209813        0.522498564715949        0.008171092493864
0.680000000000000        0.596765660539201        0.587785252292473        0.008980408246729
0.690000000000000        0.659196536291519        0.649448048330183        0.009748487961336
0.700000000000000        0.717577137252489        0.707106781186547        0.010470356065942
0.710000000000000        0.771547168191139        0.760405965600030        0.011141202591109
0.720000000000000        0.820773415562962        0.809016994374947        0.011756421188015
0.730000000000000        0.864951810929455        0.852640164354092        0.012311646575363
0.740000000000000        0.903809315316603        0.891006524188368        0.012802791128236
0.750000000000000        0.937105612834946        0.923879532511287        0.013226080323659
0.760000000000000        0.964634603056370        0.951056516295154        0.013578086761216
0.770000000000000        0.986225682880339        0.972369920397677        0.013855762482662
0.780000000000000        1.001744809917467        0.987688340595138        0.014056469322329
0.790000000000000        1.011095340763062        0.996917333733128        0.014178007029934
0.800000000000000        1.014218638919300        1.000000000000000        0.014218638919300
0.810000000000000        1.011094448543495        0.996917333733128        0.014177114810367
0.820000000000000        1.001741031642772        0.987688340595138        0.014052691047634
0.830000000000000        0.986215067793376        0.972369920397677        0.013845147395699
0.840000000000000        0.964611316927001        0.951056516295154        0.013554800631848
0.850000000000000        0.937062047187756        0.923879532511287        0.013182514676469
0.860000000000000        0.903736231312701        0.891006524188368        0.012729707124333
0.870000000000000        0.864838516417466        0.852640164354093        0.012198352063374
0.880000000000000        0.820607973467290        0.809016994374948        0.011590979092343
0.890000000000000        0.771316634074432        0.760405965600031        0.010910668474402
0.900000000000000        0.717267823576833        0.707106781186548        0.010161042390285
0.910000000000000        0.658794300611976        0.649448048330184        0.009346252281792
0.920000000000000        0.596256214596473        0.587785252292473        0.008470962304000
0.930000000000000        0.530038893648398        0.522498564715949        0.007540328932449
0.940000000000000        0.460550476539019        0.453990499739547        0.006559976799472
0.950000000000000        0.388219403226717        0.382683432365090        0.005535970861626
0.960000000000000        0.313491779402559        0.309016994374948        0.004474785027611
0.970000000000000        0.236828631258911        0.233445363855906        0.003383267403005
0.980000000000000        0.158703067374521        0.156434465040231        0.002268602334290
0.990000000000000        0.079597365187724        0.078459095727846        0.001138269459878
1.000000000000000        0.000000000000000        0.000000000000000        0.000000000000000
