        1.013871998200924        0.037455413003699
        1.124335358210455        0.030671788908976
        1.342542103699210        0.021710584553444
        1.663119260406585        0.014255341883138
        2.078173154799861        0.009176829953333
        2.577483782514174        0.005984957423760
        3.148756458778230        0.004018215682041
        3.777924554357096        0.002794718050826
        4.449495862648426        0.002016330926363
        5.146934069224698        0.001507674232610
        5.853065930775303        0.001166235812848
        6.550504137351575        0.000931334902299
        7.222075445642904        0.000766307398719
        7.851243541221770        0.000648487138788
        8.422516217485827        0.000563548715814
        8.921826845200139        0.000502266513708
        9.336880739593415        0.000458624387167
        9.657457896300790        0.000428694710366
        9.875664641789545        0.000409967321833
        9.986128001799076        0.000400951246937
